GILLESPIE A|01:050:101:01|4.58|4.23|4.18|4.45|3.50|3.65|3.68|3.44|3.88|3.67
PADURANO D|01:050:216:01|4.67|4.00|4.14|4.29|3.48|4.00|3.90|4.05|4.00|4.05
ROMAINE E|01:050:300:02|4.38|4.74|4.41|4.65|4.59|4.18|4.18|4.18|4.33|4.23
ROCKLAND M|01:050:300:03|4.38|4.74|4.41|4.65|4.59|4.18|4.18|4.18|4.33|4.23
BRUTON S|01:050:301:03|4.54|4.38|4.48|4.48|4.00|4.12|4.30|3.63|4.19|4.08
Sifuentes-Jauregui Ben|01:050:301:04|4.54|4.38|4.48|4.48|4.00|4.12|4.30|3.63|4.19|4.08
DARDEN G|01:050:301:80|4.54|4.38|4.48|4.48|4.00|4.12|4.30|3.63|4.19|4.08
ROMERO C|01:050:331:01|4.45|4.48|4.23|4.42|4.09|4.00|3.91|3.63|4.19|4.04
FISHBEIN L|01:050:389:01|4.86|4.68|4.57|4.57|4.70|4.41|4.57|3.67|4.63|4.33|3.62|4.08|4.08
NELSON R|01:050:389:02|4.86|4.68|4.57|4.57|4.70|4.41|4.57|3.67|4.63|4.33
GILLESPIE A|01:050:390:01|4.78|5.00|4.63|4.89|5.00|4.78|4.33|3.89|4.89|4.56
ROCKLAND M|01:050:487:01|5.00|5.00|5.00|5.00|4.50|5.00|4.50|4.00|5.00|5.00
STUBAUS KAREN|01:050:488:01|4.90|4.90|4.90|4.90|4.90|4.90|4.80|4.70|4.90|4.90
