ETZ R|01:070:101:00|4.45|4.44|4.22|4.54|4.28|4.01|3.97|3.36|4.26|4.02
CHAKRABARTI A|01:070:101:01|4.45|4.44|4.22|4.54|4.28|4.01|3.97|3.36|4.26|4.02
CHAKRABARTI A|01:070:101:02|4.45|4.44|4.22|4.54|4.28|4.01|3.97|3.36|4.26|4.02
CHAKRABARTI A|01:070:101:03|4.45|4.44|4.22|4.54|4.28|4.01|3.97|3.36|4.26|4.02
PARK J|01:070:101:04|4.45|4.44|4.22|4.54|4.28|4.01|3.97|3.36|4.26|4.02
PARK J|01:070:101:06|4.45|4.44|4.22|4.54|4.28|4.01|3.97|3.36|4.26|4.02
WEISMAN W|01:070:101:07|4.45|4.44|4.22|4.54|4.28|4.01|3.97|3.36|4.26|4.02
WEISMAN W|01:070:101:08|4.45|4.44|4.22|4.54|4.28|4.01|3.97|3.36|4.26|4.02
WEISMAN W|01:070:101:09|4.45|4.44|4.22|4.54|4.28|4.01|3.97|3.36|4.26|4.02
ETZ B|01:070:101:10|4.45|4.44|4.22|4.54|4.28|4.01|3.97|3.36|4.26|4.02
PARK J|01:070:101:35|4.45|4.44|4.22|4.54|4.28|4.01|3.97|3.36|4.26|4.02
MOWBRAY K|01:070:102:00|3.80|3.72|3.96|3.68|3.83|3.30|3.75|3.46|3.50|3.51|4.00
DILLIAN C|01:070:105:00|4.62|4.53|4.36|4.58|4.41|4.19|4.11|3.73|4.39|4.11
CAMPISANO C|01:070:105:01|4.62|4.53|4.36|4.58|4.41|4.19|4.11|3.73|4.39|4.11
CAMPISANO C|01:070:105:02|4.62|4.53|4.36|4.58|4.41|4.19|4.11|3.73|4.39|4.11
SOLERCRUZ C|01:070:105:03|4.62|4.53|4.36|4.58|4.41|4.19|4.11|3.73|4.39|4.11|5.00
CAMPISANO C|01:070:105:04|4.62|4.53|4.36|4.58|4.41|4.19|4.11|3.73|4.39|4.11
SOLERCRUZ C|01:070:105:05|4.62|4.53|4.36|4.58|4.41|4.19|4.11|3.73|4.39|4.11
SOLERCRUZ C|01:070:105:06|4.62|4.53|4.36|4.58|4.41|4.19|4.11|3.73|4.39|4.11
HEINRICH A|01:070:105:07|4.62|4.53|4.36|4.58|4.41|4.19|4.11|3.73|4.39|4.11
HEINRICH A|01:070:105:08|4.62|4.53|4.36|4.58|4.41|4.19|4.11|3.73|4.39|4.11
HEINRICH A|01:070:105:09|4.62|4.53|4.36|4.58|4.41|4.19|4.11|3.73|4.39|4.11
HEINRICH A|01:070:105:12|4.62|4.53|4.36|4.58|4.41|4.19|4.11|3.73|4.39|4.11
SHAPIRO M|01:070:210:01|3.47|3.49|3.57|3.59|3.14|2.97|2.81|3.44|2.97|3.03
CACHEL SUSAN|01:070:215:01|3.82|3.91|3.39|4.28|4.39|3.30|3.34|3.44|3.44|3.37
DYE T|01:070:312:01|3.82|4.18|4.27|4.27|4.00|3.55|4.18|3.70|3.82|4.10
ETZ R|01:070:317:01|4.83|5.00|5.00|5.00|4.83|4.83|4.50|4.17|5.00|4.83
HARRIS J|01:070:326:01|3.65|3.85|3.94|4.00|4.00|3.79|4.15|4.15|3.66|3.75
DEMIAN M|01:070:371:01|3.92|4.38|4.09|4.63|4.25|3.96|3.92|3.96|4.13|3.95
MOFFATT M|01:070:374:01|4.38|4.15|3.85|4.15|4.08|3.36|3.79|3.57|3.85|3.85
TACTIKOS J|01:070:391:01|4.43|4.57|4.50|4.54|3.93|4.25|4.46|3.80|4.27|4.50
BLUMENSCHINE R|01:070:392:01|4.06|4.12|4.53|4.24|4.12|4.25|4.53|4.47|4.44|4.40
DILLIAN C|01:070:393:01|4.75|4.70|4.70|4.75|4.80|4.75|4.75|4.35|4.74|4.78
SHAPIRO W|01:070:401:01|4.11|3.89|3.84|4.00|3.84|3.50|3.47|4.16|3.53|3.63
CACHEL SUSAN|01:070:402:01|4.33|4.25|4.13|4.63|4.79|3.94|4.19|4.67|4.31|4.25
SCHRIRE C|01:070:426:01|4.71|4.07|4.50|3.71|4.29|3.79|4.71|3.79|4.29|4.29
MCCAY B|01:070:486:01|3.89|4.00|3.67|3.78|4.00|3.22|3.67|3.78|3.78|3.44
HODGSON D|01:070:486:01|3.89|4.00|3.67|3.78|4.00|3.22|3.67|3.78|3.78|3.44
