PADGETT RICHARD|01:447:315:00|4.60|4.42|4.29|4.47|4.29|4.29|4.46|4.49|4.41|4.65
NEMEROFF MARTIN|01:447:315:00|4.60|4.42|4.29|4.47|4.29|4.29|4.46|4.49|4.41|4.65
DRISCOLL MONICA|01:447:315:00|4.60|4.42|4.29|4.47|4.29|4.29|4.46|4.49|4.41|4.65|4.00
SINGSON ANDREW|01:447:315:00|4.60|4.42|4.29|4.47|4.29|4.29|4.46|4.49|4.41|4.65
VERSHON ANDREW|01:447:315:00|4.60|4.42|4.29|4.47|4.29|4.29|4.46|4.49|4.41|4.65
HAVILAND MARTHA|01:447:380:00|4.37|4.29|4.10|4.39|4.20|3.99|4.00|3.99|4.09|3.97
SOFER WILLIAM|01:447:380:00|4.37|4.29|4.10|4.39|4.20|3.99|4.00|3.99|4.09|3.97
RONGO CHRISTOPHER|01:447:380:00|4.37|4.29|4.10|4.39|4.20|3.99|4.00|3.99|4.09|3.97
LANDESMAN BILL|01:447:380:01|4.37|4.29|4.10|4.39|4.20|3.99|4.00|3.99|4.09|3.97
LONG ZACHARY|01:447:380:02|4.37|4.29|4.10|4.39|4.20|3.99|4.00|3.99|4.09|3.97
DAMORE DOMENIC|01:447:380:03|4.37|4.29|4.10|4.39|4.20|3.99|4.00|3.99|4.09|3.97
LUTZ KERRY|01:447:380:04|4.37|4.29|4.10|4.39|4.20|3.99|4.00|3.99|4.09|3.97
LIBURT NETTIE|01:447:380:05|4.37|4.29|4.10|4.39|4.20|3.99|4.00|3.99|4.09|3.97
LIBURT NETTIE|01:447:380:06|4.37|4.29|4.10|4.39|4.20|3.99|4.00|3.99|4.09|3.97
LUTZ KERRY|01:447:380:07|4.37|4.29|4.10|4.39|4.20|3.99|4.00|3.99|4.09|3.97
LANDESMAN BILL|01:447:380:08|4.37|4.29|4.10|4.39|4.20|3.99|4.00|3.99|4.09|3.97
DAMORE DOMENIC|01:447:380:09|4.37|4.29|4.10|4.39|4.20|3.99|4.00|3.99|4.09|3.97
LANDESMAN BILL|01:447:380:10|4.37|4.29|4.10|4.39|4.20|3.99|4.00|3.99|4.09|3.97
DAMORE DOMENIC|01:447:380:11|4.37|4.29|4.10|4.39|4.20|3.99|4.00|3.99|4.09|3.97
LUTZ KERRY|01:447:380:12|4.37|4.29|4.10|4.39|4.20|3.99|4.00|3.99|4.09|3.97
LONG ZACHARY|01:447:380:13|4.37|4.29|4.10|4.39|4.20|3.99|4.00|3.99|4.09|3.97
LONG ZACHARY|01:447:380:14|4.37|4.29|4.10|4.39|4.20|3.99|4.00|3.99|4.09|3.97
LIBURT NETTIE|01:447:380:15|4.37|4.29|4.10|4.39|4.20|3.99|4.00|3.99|4.09|3.97
PRICE JENNIFER|01:447:382:01|4.58|4.51|4.14|4.58|4.52|4.07|3.93|3.83|4.41|4.05
PRICE JENNIFER|01:447:382:02|4.58|4.51|4.14|4.58|4.52|4.07|3.93|3.83|4.41|4.05
MCPHEARSON TIMON|01:447:382:03|4.58|4.51|4.14|4.58|4.52|4.07|3.93|3.83|4.41|4.05
MCPHEARSON TIMON|01:447:382:04|4.58|4.51|4.14|4.58|4.52|4.07|3.93|3.83|4.41|4.05
SCHWARZ KIRSTEN|01:447:382:05|4.58|4.51|4.14|4.58|4.52|4.07|3.93|3.83|4.41|4.05
SCHWARZ KIRSTEN|01:447:382:06|4.58|4.51|4.14|4.58|4.52|4.07|3.93|3.83|4.41|4.05|3.50|3.50|4.00|4.00|4.00
KEATING A|01:447:390:00|4.70|4.45|4.33|4.55|4.11|4.14|4.45|3.99|4.39|4.17
GANDHI MEGHA|01:447:390:02|4.70|4.45|4.33|4.55|4.11|4.14|4.45|3.99|4.39|4.17
PANCHAPAKESAN CHITHRA|01:447:390:02|4.70|4.45|4.33|4.55|4.11|4.14|4.45|3.99|4.39|4.17
GANDHI MEGHA|01:447:390:03|4.70|4.45|4.33|4.55|4.11|4.14|4.45|3.99|4.39|4.17
OGHLIDOS SANAZ|01:447:390:04|4.70|4.45|4.33|4.55|4.11|4.14|4.45|3.99|4.39|4.17
PANCHAPAKESAN CHITHRA|01:447:390:05|4.70|4.45|4.33|4.55|4.11|4.14|4.45|3.99|4.39|4.17
OGHLIDOS SANAZ|01:447:390:07|4.70|4.45|4.33|4.55|4.11|4.14|4.45|3.99|4.39|4.17
STOLEN JOANNE|01:447:392:01|4.76|4.48|4.55|4.61|4.57|4.38|4.66|4.55|4.46|4.53
SIMON LEE|01:447:398:01|4.50|4.00|4.17|3.33|4.00|4.00|4.67|4.17|4.20|4.33
AXELROD DAVID|01:447:404:01|4.38|4.00|3.79|4.21|4.40|3.71|3.71|3.43|4.00|3.75
MATISE TARA|01:447:481:01|4.62|4.56|4.38|4.53|4.59|4.10|4.31|4.21|4.49|4.26|2.79|2.95|4.11
HEY JODY|01:447:486:01|4.27|3.73|3.50|3.38|3.48|3.00|3.38|3.82|3.50|3.41
