TRANSUE G|01:119:100:00|4.41|4.17|4.27|4.35|3.90|3.98|4.06|3.92|4.07|4.02|2.27|1.87|3.42|3.60|3.45|4.31|3.70|4.06|4.10
DESIDERIO J|01:119:100:71|4.41|4.17|4.27|4.35|3.90|3.98|4.06|3.92|4.07|4.02
MENDILLO K|01:119:100:72|4.41|4.17|4.27|4.35|3.90|3.98|4.06|3.92|4.07|4.02
DESIDERIO J|01:119:100:73|4.41|4.17|4.27|4.35|3.90|3.98|4.06|3.92|4.07|4.02
RANGWALA I|01:119:100:74|4.41|4.17|4.27|4.35|3.90|3.98|4.06|3.92|4.07|4.02
RANGWALA I|01:119:100:76|4.41|4.17|4.27|4.35|3.90|3.98|4.06|3.92|4.07|4.02
LU W|01:119:102:02|4.42|4.22|4.00|4.32|4.11|4.01|4.03|3.85|4.15|3.83
SONDERBY C|01:119:102:11|4.42|4.22|4.00|4.32|4.11|4.01|4.03|3.85|4.15|3.83
BETROS C|01:119:102:11|4.42|4.22|4.00|4.32|4.11|4.01|4.03|3.85|4.15|3.83
ILAL B|01:119:102:12|4.42|4.22|4.00|4.32|4.11|4.01|4.03|3.85|4.15|3.83
DUVILLA A|01:119:102:12|4.42|4.22|4.00|4.32|4.11|4.01|4.03|3.85|4.15|3.83
LITMAN J|01:119:102:13|4.42|4.22|4.00|4.32|4.11|4.01|4.03|3.85|4.15|3.83
RAJMOHAN N|01:119:102:13|4.42|4.22|4.00|4.32|4.11|4.01|4.03|3.85|4.15|3.83
GAUTAM A|01:119:102:14|4.42|4.22|4.00|4.32|4.11|4.01|4.03|3.85|4.15|3.83
LEE D|01:119:102:16|4.42|4.22|4.00|4.32|4.11|4.01|4.03|3.85|4.15|3.83
LITMAN J|01:119:102:17|4.42|4.22|4.00|4.32|4.11|4.01|4.03|3.85|4.15|3.83
MARGIASSO M|01:119:102:21|4.42|4.22|4.00|4.32|4.11|4.01|4.03|3.85|4.15|3.83
NIELSEN A|01:119:102:21|4.42|4.22|4.00|4.32|4.11|4.01|4.03|3.85|4.15|3.83
P K|01:119:102:22|4.42|4.22|4.00|4.32|4.11|4.01|4.03|3.85|4.15|3.83
FREIDENREICH R|01:119:102:22|4.42|4.22|4.00|4.32|4.11|4.01|4.03|3.85|4.15|3.83
MOLINA J|01:119:102:23|4.42|4.22|4.00|4.32|4.11|4.01|4.03|3.85|4.15|3.83|5.00|4.00|3.75
BASS C|01:119:102:23|4.42|4.22|4.00|4.32|4.11|4.01|4.03|3.85|4.15|3.83
DUVILLA A|01:119:102:24|4.42|4.22|4.00|4.32|4.11|4.01|4.03|3.85|4.15|3.83|5.00|4.00|3.75|3.67|5.00
GAUTAM A|01:119:102:25|4.42|4.22|4.00|4.32|4.11|4.01|4.03|3.85|4.15|3.83
LAGAKOS B|01:119:102:31|4.42|4.22|4.00|4.32|4.11|4.01|4.03|3.85|4.15|3.83
MOLINA J|01:119:102:31|4.42|4.22|4.00|4.32|4.11|4.01|4.03|3.85|4.15|3.83
LU W|01:119:102:32|4.42|4.22|4.00|4.32|4.11|4.01|4.03|3.85|4.15|3.83
SHAFAIE Y|01:119:102:32|4.42|4.22|4.00|4.32|4.11|4.01|4.03|3.85|4.15|3.83
ILAL B|01:119:102:32|4.42|4.22|4.00|4.32|4.11|4.01|4.03|3.85|4.15|3.83
DEOL Y|01:119:102:33|4.42|4.22|4.00|4.32|4.11|4.01|4.03|3.85|4.15|3.83
TARIQUE Q|01:119:102:33|4.42|4.22|4.00|4.32|4.11|4.01|4.03|3.85|4.15|3.83
RAJMOHAN N|01:119:102:34|4.42|4.22|4.00|4.32|4.11|4.01|4.03|3.85|4.15|3.83
TARIQUE Q|01:119:102:34|4.42|4.22|4.00|4.32|4.11|4.01|4.03|3.85|4.15|3.83
SHAFAIE Y|01:119:102:35|4.42|4.22|4.00|4.32|4.11|4.01|4.03|3.85|4.15|3.83
SCOZZARE L|01:119:102:36|4.42|4.22|4.00|4.32|4.11|4.01|4.03|3.85|4.15|3.83
DHARAP S|01:119:102:37|4.42|4.22|4.00|4.32|4.11|4.01|4.03|3.85|4.15|3.83
PANAS E|01:119:102:38|4.42|4.22|4.00|4.32|4.11|4.01|4.03|3.85|4.15|3.83
DHARAP S|01:119:102:39|4.42|4.22|4.00|4.32|4.11|4.01|4.03|3.85|4.15|3.83
MARGIASSO M|01:119:102:41|4.42|4.22|4.00|4.32|4.11|4.01|4.03|3.85|4.15|3.83
P K|01:119:102:42|4.42|4.22|4.00|4.32|4.11|4.01|4.03|3.85|4.15|3.83
ROY R|01:119:102:43|4.42|4.22|4.00|4.32|4.11|4.01|4.03|3.85|4.15|3.83
SCOZZARE L|01:119:102:44|4.42|4.22|4.00|4.32|4.11|4.01|4.03|3.85|4.15|3.83|5.00
BASS C|01:119:102:51|4.42|4.22|4.00|4.32|4.11|4.01|4.03|3.85|4.15|3.83
BETROS C|01:119:102:51|4.42|4.22|4.00|4.32|4.11|4.01|4.03|3.85|4.15|3.83
LETTINI S|01:119:102:52|4.42|4.22|4.00|4.32|4.11|4.01|4.03|3.85|4.15|3.83
BETROS C|01:119:102:52|4.42|4.22|4.00|4.32|4.11|4.01|4.03|3.85|4.15|3.83
PANAS E|01:119:102:53|4.42|4.22|4.00|4.32|4.11|4.01|4.03|3.85|4.15|3.83
DEOL Y|01:119:102:53|4.42|4.22|4.00|4.32|4.11|4.01|4.03|3.85|4.15|3.83
LEE D|01:119:102:55|4.42|4.22|4.00|4.32|4.11|4.01|4.03|3.85|4.15|3.83|5.00|4.00|3.75|3.67|5.00|5.00|5.00|5.00|5.00
FREIDENREICH R|01:119:102:61|4.42|4.22|4.00|4.32|4.11|4.01|4.03|3.85|4.15|3.83|5.00|4.00|3.75|3.67
ROY R|01:119:102:61|4.42|4.22|4.00|4.32|4.11|4.01|4.03|3.85|4.15|3.83
LETTINI S|01:119:102:62|4.42|4.22|4.00|4.32|4.11|4.01|4.03|3.85|4.15|3.83
NIELSEN A|01:119:102:81|4.42|4.22|4.00|4.32|4.11|4.01|4.03|3.85|4.15|3.83
LAGAKOS B|01:119:102:82|4.42|4.22|4.00|4.32|4.11|4.01|4.03|3.85|4.15|3.83
SONDERBY C|01:119:102:83|4.42|4.22|4.00|4.32|4.11|4.01|4.03|3.85|4.15|3.83
CREMINS J|01:119:104:01|4.71|4.86|4.43|4.57|4.57|4.00|3.29|4.29|4.50|4.29
STINSON H|01:119:110:01|4.83|4.74|4.61|4.85|4.88|4.67|4.65|4.39|4.71|4.67|5.00
LEIBOVICH E|01:119:110:01|4.83|4.74|4.61|4.85|4.88|4.67|4.65|4.39|4.71|4.67|5.00
MUKHERJEE S|01:119:110:01|4.83|4.74|4.61|4.85|4.88|4.67|4.65|4.39|4.71|4.67|5.00
VIOLANO M|01:119:110:01|4.83|4.74|4.61|4.85|4.88|4.67|4.65|4.39|4.71|4.67|5.00
UZWIAK A|01:119:128:00|4.60|4.67|4.64|4.67|4.11|4.22|4.67|4.26|4.40|4.22
SPEARMAN L|01:119:128:01|4.60|4.67|4.64|4.67|4.11|4.22|4.67|4.26|4.40|4.22|2.81|3.46|3.50|2.00
SPEARMAN L|01:119:128:02|4.60|4.67|4.64|4.67|4.11|4.22|4.67|4.26|4.40|4.22|2.81|3.46|3.50|2.50
STOLEN J|01:119:131:01|4.62|4.41|4.44|4.56|4.53|3.84|4.19|3.68|4.27|4.19|5.00
HU T|01:119:132:01|4.55|4.39|4.25|4.45|4.05|4.05|4.27|3.34|4.30|4.06
LIU S|01:119:132:02|4.55|4.39|4.25|4.45|4.05|4.05|4.27|3.34|4.30|4.06
LIU S|01:119:132:03|4.55|4.39|4.25|4.45|4.05|4.05|4.27|3.34|4.30|4.06|5.00|5.00|5.00|5.00|5.00|5.00|5.00|5.00|5.00
HU T|01:119:132:04|4.55|4.39|4.25|4.45|4.05|4.05|4.27|3.34|4.30|4.06
SCOTT K|01:119:148:01|4.65|4.47|4.44|4.47|4.02|4.15|4.27|3.63|4.23|4.13|1.00
KABIR Z|01:119:160:01|3.93|3.52|4.03|3.84|3.90|3.68|3.80|3.05|3.89|3.82|4.17|4.20|4.20|4.33|3.67|3.33|3.33|3.67|3.50
KABIR Z|01:119:160:02|3.93|3.52|4.03|3.84|3.90|3.68|3.80|3.05|3.89|3.82
FRENCH J|01:119:170:01|3.67|4.21|4.20|4.37|4.37|3.83|3.90|2.83|3.90|3.85
UZWIAK A|01:119:182:01|4.69|4.70|4.50|4.73|4.40|4.21|4.35|3.53|4.53|4.31
