BELOWICH A|01:198:110:00|4.32|4.10|3.80|4.12|4.11|3.70|3.69|2.83|4.01|3.60
CHIRCO J|01:198:110:00|4.32|4.10|3.80|4.12|4.11|3.70|3.69|2.83|4.01|3.60|4.20|5.00|3.00
CHIRCO J|01:198:110:00|4.32|4.10|3.80|4.12|4.11|3.70|3.69|2.83|4.01|3.60|4.20
TALIVER H|01:198:110:00|4.32|4.10|3.80|4.12|4.11|3.70|3.69|2.83|4.01|3.60|4.20|5.00|3.00|5.00|5.00|5.00
BELOWICH A|01:198:110:00|4.32|4.10|3.80|4.12|4.11|3.70|3.69|2.83|4.01|3.60
MITTAL R|01:198:110:02|4.32|4.10|3.80|4.12|4.11|3.70|3.69|2.83|4.01|3.60
MITTAL R|01:198:110:03|4.32|4.10|3.80|4.12|4.11|3.70|3.69|2.83|4.01|3.60
MALBARI R|01:198:110:04|4.32|4.10|3.80|4.12|4.11|3.70|3.69|2.83|4.01|3.60
BALASUBRAMANIAN R|01:198:110:05|4.32|4.10|3.80|4.12|4.11|3.70|3.69|2.83|4.01|3.60
RAJAGOPAL I|01:198:110:11|4.32|4.10|3.80|4.12|4.11|3.70|3.69|2.83|4.01|3.60
BALASUBRAMANIAN R|01:198:110:12|4.32|4.10|3.80|4.12|4.11|3.70|3.69|2.83|4.01|3.60
SOMASUNDARAM S|01:198:110:16|4.32|4.10|3.80|4.12|4.11|3.70|3.69|2.83|4.01|3.60
SOMASUNDARAM S|01:198:110:17|4.32|4.10|3.80|4.12|4.11|3.70|3.69|2.83|4.01|3.60
RAJAGOPA I|01:198:110:18|4.32|4.10|3.80|4.12|4.11|3.70|3.69|2.83|4.01|3.60
HARDIKAR R|01:198:110:21|4.32|4.10|3.80|4.12|4.11|3.70|3.69|2.83|4.01|3.60
HARDIKAR R|01:198:110:22|4.32|4.10|3.80|4.12|4.11|3.70|3.69|2.83|4.01|3.60
KOTLA NITHIN|01:198:110:23|4.32|4.10|3.80|4.12|4.11|3.70|3.69|2.83|4.01|3.60
KOTLA NITHIN|01:198:110:24|4.32|4.10|3.80|4.12|4.11|3.70|3.69|2.83|4.01|3.60|4.20
CONSTANTINE MARTIN|01:198:110:26|4.32|4.10|3.80|4.12|4.11|3.70|3.69|2.83|4.01|3.60
VINNAKOTA S|01:198:110:29|4.32|4.10|3.80|4.12|4.11|3.70|3.69|2.83|4.01|3.60
CHAUDHURI V|01:198:110:30|4.32|4.10|3.80|4.12|4.11|3.70|3.69|2.83|4.01|3.60
CONSTANTINE M|01:198:110:31|4.32|4.10|3.80|4.12|4.11|3.70|3.69|2.83|4.01|3.60
CHAUDHURI V|01:198:110:32|4.32|4.10|3.80|4.12|4.11|3.70|3.69|2.83|4.01|3.60
VINNAKOTA S|01:198:110:33|4.32|4.10|3.80|4.12|4.11|3.70|3.69|2.83|4.01|3.60
CLEMENS N|01:198:110:35|4.32|4.10|3.80|4.12|4.11|3.70|3.69|2.83|4.01|3.60
KLEISOURIS K|01:198:110:37|4.32|4.10|3.80|4.12|4.11|3.70|3.69|2.83|4.01|3.60
KLEISOURIS K|01:198:110:38|4.32|4.10|3.80|4.12|4.11|3.70|3.69|2.83|4.01|3.60|4.20
DEB B|01:198:110:39|4.32|4.10|3.80|4.12|4.11|3.70|3.69|2.83|4.01|3.60
DEB B|01:198:110:40|4.32|4.10|3.80|4.12|4.11|3.70|3.69|2.83|4.01|3.60
CHAUDHURI V|01:198:110:41|4.32|4.10|3.80|4.12|4.11|3.70|3.69|2.83|4.01|3.60
MALBARI R|01:198:110:43|4.32|4.10|3.80|4.12|4.11|3.70|3.69|2.83|4.01|3.60
MALBARI R|01:198:110:44|4.32|4.10|3.80|4.12|4.11|3.70|3.69|2.83|4.01|3.60
KRISHNAN N|01:198:110:45|4.32|4.10|3.80|4.12|4.11|3.70|3.69|2.83|4.01|3.60
KRISHNAN N|01:198:110:46|4.32|4.10|3.80|4.12|4.11|3.70|3.69|2.83|4.01|3.60
CLEMENS NEVILLE|01:198:110:86|4.32|4.10|3.80|4.12|4.11|3.70|3.69|2.83|4.01|3.60
STEINBERG L|01:198:111:00|4.35|4.09|3.77|4.20|4.07|3.69|3.75|3.53|3.96|3.30
MCCARTY L|01:198:111:00|4.35|4.09|3.77|4.20|4.07|3.69|3.75|3.53|3.96|3.30
MORRIS D|01:198:111:00|4.35|4.09|3.77|4.20|4.07|3.69|3.75|3.53|3.96|3.30
TJANG A|01:198:111:01|4.35|4.09|3.77|4.20|4.07|3.69|3.75|3.53|3.96|3.30
TJANG A|01:198:111:02|4.35|4.09|3.77|4.20|4.07|3.69|3.75|3.53|3.96|3.30
KIM M|01:198:111:07|4.35|4.09|3.77|4.20|4.07|3.69|3.75|3.53|3.96|3.30
MORRIS D|01:198:111:08|4.35|4.09|3.77|4.20|4.07|3.69|3.75|3.53|3.96|3.30
LEE S|01:198:111:15|4.35|4.09|3.77|4.20|4.07|3.69|3.75|3.53|3.96|3.30
LEE S|01:198:111:17|4.35|4.09|3.77|4.20|4.07|3.69|3.75|3.53|3.96|3.30
IQBAL S|01:198:111:19|4.35|4.09|3.77|4.20|4.07|3.69|3.75|3.53|3.96|3.30
MEKARAT P|01:198:111:21|4.35|4.09|3.77|4.20|4.07|3.69|3.75|3.53|3.96|3.30
VENUGOPAL S|01:198:112:00|4.61|4.24|3.98|4.10|3.21|3.82|4.14|4.37|4.25|3.90
VENUGOPAL S|01:198:112:00|4.61|4.24|3.98|4.10|3.21|3.82|4.14|4.37|4.25|3.90
SADHUKMAN S|01:198:112:03|4.61|4.24|3.98|4.10|3.82|4.14|4.37|4.25|3.90
SCHWARTZ C|01:198:170:00|4.43|4.21|4.05|4.22|4.33|4.01|4.16|3.47|4.20|4.05
SCHWARTZ C|01:198:170:00|4.43|4.21|4.05|4.22|4.33|4.01|4.16|3.47|4.20|4.05
BALIGA A|01:198:170:01|4.43|4.21|4.05|4.22|4.33|4.01|4.16|3.47|4.20|4.05
GAUR A|01:198:170:02|4.43|4.21|4.05|4.22|4.33|4.01|4.16|3.47|4.20|4.05
GAUR A|01:198:170:03|4.43|4.21|4.05|4.22|4.33|4.01|4.16|3.47|4.20|4.05|4.00
SWAMINATHAN P|01:198:170:04|4.43|4.21|4.05|4.22|4.33|4.01|4.16|3.47|4.20|4.05|4.00|2.00|4.00|3.00
SWAMINATHAN P|01:198:170:05|4.43|4.21|4.05|4.22|4.33|4.01|4.16|3.47|4.20|4.05
SCHWARTZ C|01:198:170:06|4.43|4.21|4.05|4.22|4.33|4.01|4.16|3.47|4.20|4.05
BALIGA A|01:198:170:07|4.43|4.21|4.05|4.22|4.33|4.01|4.16|3.47|4.20|4.05
MEHROTRA A|01:198:170:09|4.43|4.21|4.05|4.22|4.33|4.01|4.16|3.47|4.20|4.05|4.00
MEHROTRA A|01:198:170:10|4.43|4.21|4.05|4.22|4.33|4.01|4.16|3.47|4.20|4.05
SHANKAR G|01:198:170:12|4.43|4.21|4.05|4.22|4.33|4.01|4.16|3.47|4.20|4.05
SHANKAR G|01:198:170:13|4.43|4.21|4.05|4.22|4.33|4.01|4.16|3.47|4.20|4.05
BALIGA A|01:198:170:14|4.43|4.21|4.05|4.22|4.33|4.01|4.16|3.47|4.20|4.05
STONE MATTHEW|01:198:205:00|4.49|4.37|3.90|4.59|4.10|3.80|3.90|3.33|4.18|4.03
CHAN C|01:198:205:01|4.49|4.37|3.90|4.59|4.10|3.80|3.90|3.33|4.18|4.03
CHAN C|01:198:205:02|4.49|4.37|3.90|4.59|4.10|3.80|3.90|3.33|4.18|4.03
ZHANG W|01:198:205:07|4.49|4.37|3.90|4.59|4.10|3.80|3.90|3.33|4.18|4.03
HALASZ S|01:198:206:00|4.29|4.28|3.98|4.48|4.22|3.97|3.93|3.49|4.13|3.93|5.00
BALAKRISHNAN S|01:198:206:01|4.29|4.28|3.98|4.48|4.22|3.97|3.93|3.49|4.13|3.93
BALAKRISHNAN S|01:198:206:02|4.29|4.28|3.98|4.48|4.22|3.97|3.93|3.49|4.13|3.93
KELLER J|01:198:206:06|4.29|4.28|3.98|4.48|4.22|3.97|3.93|3.49|4.13|3.93
KELLER J|01:198:206:08|4.29|4.28|3.98|4.48|4.22|3.97|3.93|3.49|4.13|3.93
LEVY S|01:198:211:01|4.20|4.00|3.64|4.16|3.85|3.46|3.77|3.85|3.69|3.58|1.00
ZHOU P|01:198:211:02|4.20|4.00|3.64|4.16|3.85|3.46|3.77|3.85|3.69|3.58
JIMENEZ DANIEL|01:198:211:05|4.20|4.00|3.64|4.16|3.85|3.46|3.77|3.85|3.69|3.58
DECARLO D|01:198:314:00|4.36|4.39|4.07|4.44|3.97|4.00|4.10|3.90|4.26|4.01
BORGIDA A|01:198:314:00|4.36|4.39|4.07|4.44|3.97|4.00|4.10|3.90|4.26|4.01
RYDER B|01:198:314:01|4.36|4.39|4.07|4.44|3.97|4.00|4.10|3.90|4.26|4.01
WALSH T|01:198:314:10|4.36|4.39|4.07|4.44|3.97|4.00|4.10|3.90|4.26|4.01
WALSH T|01:198:314:12|4.36|4.39|4.07|4.44|3.97|4.00|4.10|3.90|4.26|4.01
KULIKOWSKI C|01:198:323:00|4.67|4.53|4.09|4.60|4.24|4.04|4.00|3.07|4.43|4.09|4.35
STEIGER W|01:198:323:00|4.67|4.53|4.09|4.60|4.24|4.04|4.00|3.07|4.43|4.09|4.35|4.14|4.12
JIN Y|01:198:323:02|4.67|4.53|4.09|4.60|4.24|4.04|4.00|3.07|4.43|4.09
JIN Y|01:198:323:03|4.67|4.53|4.09|4.60|4.24|4.04|4.00|3.07|4.43|4.09
KAUFFMAN D|01:198:323:08|4.67|4.53|4.09|4.60|4.24|4.04|4.00|3.07|4.43|4.09
JIN Y|01:198:323:09|4.67|4.53|4.09|4.60|4.24|4.04|4.00|3.07|4.43|4.09
VENUGOPAL S|01:198:336:00|4.57|4.43|4.41|4.59|4.23|4.35|4.46|4.15|4.50|4.32|1.00|1.00|1.00|1.00
ABDULGHANI A|01:198:336:00|4.57|4.43|4.41|4.59|4.23|4.35|4.46|4.15|4.50|4.32
ZHUANG W|01:198:336:01|4.57|4.43|4.41|4.59|4.23|4.35|4.46|4.15|4.50|4.32
SZEGEDY MARIO|01:198:344:00|3.88|4.11|3.77|4.25|4.21|3.70|3.63|3.48|3.82|3.65
WANG L|01:198:344:01|3.88|4.11|3.77|4.25|4.21|3.70|3.63|3.48|3.82|3.65
DIUKWASSER C|01:198:344:03|3.88|4.11|3.77|4.25|4.21|3.70|3.63|3.48|3.82|3.65|4.00
YU L|01:198:344:06|3.88|4.11|3.77|4.25|4.21|3.70|3.63|3.48|3.82|3.65
YU L|01:198:344:07|3.88|4.11|3.77|4.25|4.21|3.70|3.63|3.48|3.82|3.65
ZHOU S|01:198:344:10|3.88|4.11|3.77|4.25|4.21|3.70|3.63|3.48|3.82|3.65
MARTIN R|01:198:352:00|4.26|4.14|3.97|4.10|3.60|3.65|4.05|4.17|3.95|3.80|4.25|3.07
NATH B|01:198:352:01|4.26|4.14|3.97|4.10|3.60|3.65|4.05|4.17|3.95|3.80
SAKKIS G|01:198:404:06|3.75|3.25|2.75|3.75|3.33|2.75|3.25|2.75|3.00|3.25
MCCARTY L|01:198:405:01|4.53|4.32|4.33|4.37|4.32|4.16|4.32|3.67|4.44|4.11
MCCABE J|01:198:415:01|4.23|4.09|3.73|4.36|3.70|3.55|3.95|3.95|4.00|3.82|5.00
KREMER ULRICH|01:198:415:01|4.23|4.09|3.73|4.36|3.70|3.55|3.95|3.95|4.00|3.82
NGUYEN T|01:198:416:01|4.38|4.41|4.09|4.46|4.16|3.99|4.06|3.90|4.28|4.06
LE K|01:198:416:01|4.38|4.41|4.09|4.46|4.16|3.99|4.06|3.90|4.28|4.06
LE K|01:198:416:02|4.38|4.41|4.09|4.46|4.16|3.99|4.06|3.90|4.28|4.06
SERBAN C|01:198:416:05|4.38|4.41|4.09|4.46|4.16|3.99|4.06|3.90|4.28|4.06|4.50
SERBAN C|01:198:416:06|4.38|4.41|4.09|4.46|4.16|3.99|4.06|3.90|4.28|4.06|4.50|5.00|5.00|5.00|5.00|5.00|5.00|5.00
CHINNI V|01:198:416:09|4.38|4.41|4.09|4.46|4.16|3.99|4.06|3.90|4.28|4.06
GATES C|01:198:416:09|4.38|4.41|4.09|4.46|4.16|3.99|4.06|3.90|4.28|4.06
GATES C|01:198:416:10|4.38|4.41|4.09|4.46|4.16|3.99|4.06|3.90|4.28|4.06
KRZYZANOWSKI P|01:198:417:00|4.92|4.78|4.42|4.69|4.72|4.36|4.53|4.22|4.58|4.58|5.00|4.00|3.00|2.00|1.00|2.00|3.00|4.00|5.00
REISSELL L|01:198:428:01|3.78|4.06|3.81|4.25|4.22|3.47|4.19|4.44|3.59|4.00
WANG D|01:198:428:01|3.78|4.06|3.81|4.25|4.22|3.47|4.19|4.44|3.59|4.00
MORRIS D|01:198:431:01|4.23|4.38|3.96|4.18|3.93|3.80|3.96|4.16|4.02|3.93
CHEN S|01:198:442:01|3.89|3.95|3.74|4.37|4.12|3.68|4.00|4.16|3.56|3.67
BORGIDA A|01:198:442:01|3.89|3.95|3.74|4.37|4.12|3.68|4.00|4.16|3.56|3.67
FARACHCOLTON M|01:198:452:01|4.88|4.44|4.47|4.50|4.53|4.19|4.44|4.12|4.50|4.35
SHKLAR L|01:198:476:01|4.26|4.24|3.97|4.09|3.76|3.85|4.28|4.47|4.06|4.09|5.00|5.00|5.00|5.00|5.00|5.00|5.00|5.00
YE J|01:198:476:01|4.26|4.24|3.97|4.09|3.76|3.85|4.28|4.47|4.06|4.09
