GRAGERADELEON F|01:195:101:01|4.26|4.18|4.16|4.23|4.04|3.89|3.82|3.26|4.01|3.84
WILLIAMS A|01:195:101:03|4.26|4.18|4.16|4.23|4.04|3.89|3.82|3.26|4.01|3.84
SCHMIDT C|01:195:101:04|4.26|4.18|4.16|4.23|4.04|3.89|3.82|3.26|4.01|3.84
ROMEO C|01:195:101:05|4.26|4.18|4.16|4.23|4.04|3.89|3.82|3.26|4.01|3.84
BARCHANT M|01:195:135:01|4.25|4.13|4.06|4.26|4.15|3.74|3.73|3.63|3.90|3.82
SINGH J|01:195:135:02|4.25|4.13|4.06|4.26|4.15|3.74|3.73|3.63|3.90|3.82
CHEN J|01:195:135:03|4.25|4.13|4.06|4.26|4.15|3.74|3.73|3.63|3.90|3.82
EISENZWEIG URI|01:195:135:04|4.25|4.13|4.06|4.26|4.15|3.74|3.73|3.63|3.90|3.82
SUBRAMANIAN S|01:195:150:01|4.31|4.33|4.22|4.44|4.22|3.97|3.90|3.50|4.15|4.01
MCBRYAN J|01:195:150:02|4.31|4.33|4.22|4.44|4.22|3.97|3.90|3.50|4.15|4.01|3.94|4.19|3.61
MCBRYAN J|01:195:150:03|4.31|4.33|4.22|4.44|4.22|3.97|3.90|3.50|4.15|4.01|3.94|4.19
ALEKSIC T|01:195:150:04|4.31|4.33|4.22|4.44|4.22|3.97|3.90|3.50|4.15|4.01
YURGA K|01:195:150:05|4.31|4.33|4.22|4.44|4.22|3.97|3.90|3.50|4.15|4.01|3.94|4.19|3.61|3.42|3.10|2.86|3.34|4.36|4.22
YORK C|01:195:150:06|4.31|4.33|4.22|4.44|4.22|3.97|3.90|3.50|4.15|4.01|3.94
BEALL J|01:195:150:07|4.31|4.33|4.22|4.44|4.22|3.97|3.90|3.50|4.15|4.01
FOX M|01:195:150:08|4.31|4.33|4.22|4.44|4.22|3.97|3.90|3.50|4.15|4.01|3.94|4.19|3.61|3.42|3.10|2.86|3.34|4.36|4.22
FAZIO H|01:195:249:01|4.38|4.64|4.51|4.78|4.60|4.47|4.50|4.28|4.52|4.37
RAJAN J|01:195:249:02|4.38|4.64|4.51|4.78|4.60|4.47|4.50|4.28|4.52|4.37|4.00
Dienst Richard|01:195:301:01|4.40|4.40|4.60|4.20|4.70|4.50|4.10|3.10|4.40|4.60|4.83|3.00|3.60|3.17|3.67|4.00
Vettori Alessandro|01:195:315:01|4.65|4.58|4.53|4.72|4.74|4.35|4.40|4.00|4.60|4.50
SWENSON JAMES|01:195:342:01|4.42|4.22|4.39|4.41|4.29|4.06|4.17|4.18|4.28|4.22
POURGOURIS M|01:195:347:01|5.00|5.00|5.00|5.00|5.00|4.73|4.82|4.11|4.91|4.70
Sifuentes-Jauregui Ben|01:195:395:01|4.53|4.30|4.36|4.48|4.00|4.09|4.45|4.06|4.19|4.13
LIATSOS Y|01:195:395:03|4.53|4.30|4.36|4.48|4.00|4.09|4.45|4.06|4.19|4.13|3.43|3.43|3.71|2.86|5.00|4.00|4.17
WALKER STEVEN|01:195:440:01|5.00|5.00|4.75|5.00|5.00|5.00|4.75|3.25|5.00|5.00
WALKER JANET|01:195:480:01|5.00|5.00|4.50|5.00|5.00|5.00|5.00|4.00|4.50|4.50
