KAPLOWITZ SUSAN|01:377:140:01|4.50|4.41|4.41|4.35|4.11|4.20|4.17|4.18|4.23|4.10
HUNT J ANNE|01:377:140:03|4.50|4.41|4.41|4.35|4.11|4.20|4.17|4.18|4.23|4.10
HUNT JOANNE|01:377:140:04|4.50|4.41|4.41|4.35|4.11|4.20|4.17|4.18|4.23|4.10
MORES JOHN|01:377:170:01|4.16|4.24|4.29|4.32|4.00|3.80|3.76|4.08|3.83|3.91
GLADIS KATHLEEN|01:377:180:01|4.58|4.54|4.41|4.54|4.12|4.08|4.16|4.00|4.54|4.60
GLADIS KATHLEEN|01:377:191:01|4.80|4.77|4.64|4.83|4.75|4.67|4.62|4.33|4.72|4.70
GLADIS KATHLEEN|01:377:191:02|4.80|4.77|4.64|4.83|4.75|4.67|4.62|4.33|4.72|4.70|5.00|5.00|5.00|5.00|5.00
WALTERS ROBYN|01:377:213:01|4.63|4.68|4.66|4.72|4.18|4.38|4.58|4.55|4.50|4.47
WALTERS ROBYN|01:377:213:02|4.63|4.68|4.66|4.72|4.18|4.38|4.58|4.55|4.50|4.47
WALTERS ROBYN|01:377:213:03|4.63|4.68|4.66|4.72|4.18|4.38|4.58|4.55|4.50|4.47
WALTERS ROBYN|01:377:213:04|4.63|4.68|4.66|4.72|4.18|4.38|4.58|4.55|4.50|4.47
BAEK JI|01:377:252:01|5.00|5.00|5.00|5.00|5.00|5.00|5.00|5.00|5.00|5.00
FEIGLEY DAVID|01:377:275:01|4.67|4.73|4.55|4.72|4.58|4.33|4.40|2.71|4.55|4.44|5.00
FEIGLEY DAVID|01:377:275:02|4.67|4.73|4.55|4.72|4.58|4.33|4.40|2.71|4.55|4.44
MORES JOHN|01:377:303:01|3.36|3.31|3.77|3.87|2.85|3.31|3.38|3.95|3.26|3.24
KAPLOWITZ SUSAN|01:377:304:01|3.89|3.84|3.74|3.95|3.16|3.32|3.26|3.37|3.33|3.11
DOEMLAND JULIA|01:377:305:01|4.48|4.49|4.23|4.46|4.51|3.97|4.00|3.50|4.21|4.09
ANTONIOU ALEX|01:377:310:01|4.17|3.75|3.51|3.62|3.75|3.17|3.18|3.00|3.42|3.36
FINKELSTEIN|01:377:311:01|4.10|4.75|4.80|4.80|4.31|4.39|4.50|4.05|4.20|4.35
WATSON DANIEL|01:377:315:01|5.00|5.00|5.00|4.80|4.50|4.90|4.90|5.00|4.90|4.80
DOUGHERTY NEIL|01:377:320:01|4.63|4.12|4.14|3.49|3.30|3.74|4.05|3.30|3.91|3.79
DOUGHERTY NEIL|01:377:323:01|4.65|4.30|4.49|3.96|3.59|3.85|4.16|3.76|3.92|3.98
DOUGHERTY NEIL|01:377:323:02|4.65|4.30|4.49|3.96|3.59|3.85|4.16|3.76|3.92|3.98|5.00
SHARKEY LINDA|01:377:324:01|4.82|4.88|4.88|4.94|4.65|4.75|4.47|3.76|4.76|4.56
ANTON MICHELE|01:377:346:01|4.64|4.71|4.44|4.80|3.96|4.12|4.56|3.88|4.50|4.33
ARENT SHAWN|01:377:370:01|4.99|4.96|4.87|4.95|4.85|4.84|4.91|4.63|4.94|4.91|5.00|5.00|5.00|5.00|5.00|5.00|5.00|5.00|5.00
SHARKEY LINDA|01:377:406:01|4.61|4.53|4.48|4.64|4.61|4.24|4.07|3.76|4.42|4.20
COLLINCINI JERRY|01:377:406:02|4.61|4.53|4.48|4.64|4.61|4.24|4.07|3.76|4.42|4.20
SADLEY CAROL|01:377:496:01|4.74|4.83|4.65|4.82|4.61|4.70|4.65|4.48|4.78|4.61
