HSIEH Y|01:165:102:01|4.77|4.73|4.59|4.69|4.63|4.50|4.69|4.58|4.70|4.66
ZHU L|01:165:102:02|4.77|4.73|4.59|4.69|4.63|4.50|4.69|4.58|4.70|4.66
CHEN LIPING|01:165:102:03|4.77|4.73|4.59|4.69|4.63|4.50|4.69|4.58|4.70|4.66
SIMMONS RICHARD|01:165:102:70|4.77|4.73|4.59|4.69|4.63|4.50|4.69|4.58|4.70|4.66
HSIEH Y|01:165:111:01|4.44|4.40|4.57|4.50|4.39|4.27|4.36|4.32|4.50|4.47
PENG Y|01:165:111:02|4.44|4.40|4.57|4.50|4.39|4.27|4.36|4.32|4.50|4.47
HSIEH Y|01:165:112:01|4.86|4.62|4.92|4.92|4.62|4.92|4.77|4.54|4.83|4.83|5.00
ZHU L|01:165:121:01|4.59|4.45|4.32|4.68|4.48|4.32|4.59|4.35|4.43|4.35
DENG W|01:165:202:01|4.47|4.44|4.12|4.62|4.32|3.94|4.32|4.53|4.12|4.09
TSCHANZ DIETRICH|01:165:202:02|4.47|4.44|4.12|4.62|4.32|3.94|4.32|4.53|4.12|4.09
SHEN G|01:165:220:01|3.18|3.56|3.82|4.34|4.20|3.27|3.36|3.63|3.16|3.18
TSCHANZ DIETRICH|01:165:242:01|4.31|4.24|4.21|4.56|4.24|3.89|4.21|3.69|4.07|4.07
WANG B|01:165:262:01|4.19|4.25|4.09|4.36|4.23|4.11|4.18|4.12|4.16|4.16|4.50|4.00|4.00|4.00|4.00|4.00
WU Y|01:165:302:01|4.50|4.40|4.18|4.40|4.30|4.05|4.10|4.05|4.39|4.22
CHEN L|01:165:302:02|4.50|4.40|4.18|4.40|4.30|4.05|4.10|4.05|4.39|4.22|5.00|5.00|5.00|5.00|5.00|5.00|5.00|5.00
WU Y|01:165:322:01|4.77|4.67|4.73|4.67|4.67|4.67|4.73|4.21|4.73|4.79
QI Y|01:165:362:01|4.54|4.46|4.50|4.50|4.63|4.35|4.38|4.42|4.50|4.36
TU C|01:165:419:01|4.73|4.73|4.60|4.67|4.73|4.40|4.53|4.40|4.60|4.73
SIMMONS RICHARD|01:165:425:01|4.36|4.41|4.09|4.55|4.52|4.00|4.23|4.18|4.41|4.38|5.00|5.00|5.00|5.00|5.00|5.00|5.00|5.00|5.00
NING X|01:165:452:01|4.47|4.65|4.53|4.47|4.59|4.35|4.24|4.25|4.63|4.44
