ELLIS KATHERINE|01:351:212:02|4.24|4.25|4.29|4.42|4.34|4.10|3.96|4.52|4.08|4.20|4.36|3.14|3.66|3.77|3.87|4.06
SATRAN KAREN|01:351:212:03|4.24|4.25|4.29|4.42|4.34|4.10|3.96|4.52|4.08|4.20|4.36|3.14|3.66|3.77|3.87|4.06
BELLEN MARTINE|01:351:212:04|4.24|4.25|4.29|4.42|4.34|4.10|3.96|4.52|4.08|4.20|4.36|3.14|3.66|3.77|3.87|4.06
PAYNE LARA|01:351:212:05|4.24|4.25|4.29|4.42|4.34|4.10|3.96|4.52|4.08|4.20|4.36|3.14|3.66|3.77|3.87|4.06
GATES BEATRIX|01:351:212:06|4.24|4.25|4.29|4.42|4.34|4.10|3.96|4.52|4.08|4.20|4.36|3.14|3.66|3.77|3.87|4.06
GATES B|01:351:212:07|4.24|4.25|4.29|4.42|4.34|4.10|3.96|4.52|4.08|4.20|4.36|3.14|3.66|3.77|3.87|4.06
PAYNE LARA|01:351:306:02|4.18|4.24|4.56|4.42|4.36|4.38|4.63|4.23|4.45|4.15|3.34|3.81|4.27|4.26|4.29
BEAUMONT JEANNE|01:351:306:03|4.18|4.24|4.56|4.42|3.78|4.36|4.38|4.63|4.23|4.45|4.15|3.34|3.81|4.27|4.26|4.29
BELLEN MARTINE|01:351:306:04|4.18|4.24|4.56|4.42|3.78|4.36|4.38|4.63|4.23|4.45|4.15|3.34|3.81|4.27|4.26|4.29
QUEYRAS SINA|01:351:307:03|4.18|4.38|4.18|4.38|4.15|4.15|4.24|4.61|4.29|4.36|4.52|3.07|3.48|4.23|4.14|4.04
RABOTEAU EMILY|01:351:307:04|4.18|4.38|4.18|4.38|4.15|4.15|4.24|4.61|4.29|4.36|4.52|3.07|3.48|4.23|4.14|4.04
TEXIER CATHERINE|01:351:307:06|4.18|4.38|4.18|4.38|4.15|4.15|4.24|4.61|4.29|4.36|4.52|3.07|3.48|4.23|4.14|4.04
MCCLURE J|01:351:320:01|4.89|4.89|4.75|4.78|4.44|4.49|4.53|4.37|4.75|4.67|4.25|3.08|3.64|3.91|3.97|4.13
ELLIS KATHERINE|01:351:341:01|4.33|4.53|4.26|4.68|4.39|4.21|4.32|3.58|4.32|4.06|4.33|3.06|3.53|3.88|3.67|3.61
GLISERMAN MARTIN|01:351:347:01|4.80|4.74|4.72|4.76|4.68|4.63|4.55|4.30|4.72|4.67|4.63|3.10|3.59|4.36|4.31|4.65
DIAMOND ELIN|01:351:355:01|4.64|4.73|4.80|4.93|4.80|4.33|4.33|3.86|4.43|4.54|4.23|3.00|3.15|3.54|3.64|3.82
SHERIDANRABIDEAU MARY|01:351:361:01|4.52|4.48|4.57|4.67|4.41|4.29|4.09|4.09|4.41|4.27|4.38|3.14|3.50|3.48|4.05|4.10
ENG DAVID|01:351:377:01|4.59|4.39|4.32|4.20|3.84|3.93|4.22|3.56|4.20|4.07|3.26|3.27|4.03|3.52|4.06|4.35
TEXIER CATHERINE|01:351:406:01|4.63|4.36|4.41|4.52|4.50|4.21|4.10|4.72|4.43|4.44|4.52|3.30|3.86|4.46|4.48|4.54
RABOTEAU EMILY|01:351:406:03|4.63|4.36|4.41|4.52|4.50|4.21|4.10|4.72|4.43|4.44|4.52|3.30|3.86|4.46|4.48|4.54
TAYSON RICHARD|01:351:406:04|4.63|4.36|4.41|4.52|4.50|4.21|4.10|4.72|4.43|4.44|4.52|3.30|3.86|4.46|4.48|4.54
WACKER STEVEN|01:351:440:01|5.00|5.00|5.00|5.00|4.50|4.50|4.25|3.00|4.50|4.75|5.00|3.00|4.67|4.33|4.33
