MARKY N|01:160:128:01|3.74|3.03|3.27|3.57|3.15|2.80|2.79|2.57|2.97|2.84|4.00
HALL G|01:160:160:00|4.47|4.36|3.69|4.31|3.92|3.72|3.42|2.85|4.07|3.13|4.00
HALL G|01:160:160:00|4.47|4.36|3.69|4.31|3.92|3.72|3.42|2.85|4.07|3.13
ROYCHOWDHURY L|01:160:160:01|4.47|4.36|3.69|4.31|3.92|3.72|3.42|2.85|4.07|3.13
PETRONE L|01:160:160:03|4.47|4.36|3.69|4.31|3.92|3.72|3.42|2.85|4.07|3.13
ROYCHOWDHURY L|01:160:160:04|4.47|4.36|3.69|4.31|3.92|3.72|3.42|2.85|4.07|3.13
ROYCHOWDHURY L|01:160:160:05|4.47|4.36|3.69|4.31|3.92|3.72|3.42|2.85|4.07|3.13
ROYCHOWDHURY L|01:160:160:08|4.47|4.36|3.69|4.31|3.92|3.72|3.42|2.85|4.07|3.13
HUEBNER L|01:160:160:12|4.47|4.36|3.69|4.31|3.92|3.72|3.42|2.85|4.07|3.13
PETRONE L|01:160:160:14|4.47|4.36|3.69|4.31|3.92|3.72|3.42|2.85|4.07|3.13
HUEBNER L|01:160:160:15|4.47|4.36|3.69|4.31|3.92|3.72|3.42|2.85|4.07|3.13
PETRONE L|01:160:160:16|4.47|4.36|3.69|4.31|3.92|3.72|3.42|2.85|4.07|3.13
HUEBNER L|01:160:160:18|4.47|4.36|3.69|4.31|3.92|3.72|3.42|2.85|4.07|3.13
AGARWAL R|01:160:161:00|4.16|3.85|3.62|3.99|4.09|3.36|3.48|3.21|3.77|3.30
KRISHNAN G|01:160:161:01|4.16|3.85|3.62|3.99|4.09|3.36|3.48|3.21|3.77|3.30
CARLSON D|01:160:161:02|4.16|3.85|3.62|3.99|4.09|3.36|3.48|3.21|3.77|3.30
MARKY N|01:160:161:03|4.16|3.85|3.62|3.99|4.09|3.36|3.48|3.21|3.77|3.30|5.00
MARKY N|01:160:161:04|4.16|3.85|3.62|3.99|4.09|3.36|3.48|3.21|3.77|3.30
KRISHNAN G|01:160:161:05|4.16|3.85|3.62|3.99|4.09|3.36|3.48|3.21|3.77|3.30
CARLSON D|01:160:161:06|4.16|3.85|3.62|3.99|4.09|3.36|3.48|3.21|3.77|3.30
CARLSON D|01:160:161:07|4.16|3.85|3.62|3.99|4.09|3.36|3.48|3.21|3.77|3.30|5.00
KRISHNAN G|01:160:161:08|4.16|3.85|3.62|3.99|4.09|3.36|3.48|3.21|3.77|3.30
KRISHNAN G|01:160:161:10|4.16|3.85|3.62|3.99|4.09|3.36|3.48|3.21|3.77|3.30
MARKY N|01:160:161:11|4.16|3.85|3.62|3.99|4.09|3.36|3.48|3.21|3.77|3.30
BOIKESS R|01:160:162:00|4.28|4.13|3.91|4.16|4.02|3.80|3.73|3.28|3.99|3.51
KIMMEL P|01:160:162:00|4.28|4.13|3.91|4.16|4.02|3.80|3.73|3.28|3.99|3.51
RABEONX M|01:160:162:00|4.28|4.13|3.91|4.16|4.02|3.80|3.73|3.28|3.99|3.51|4.63|4.67|4.67|4.60|4.00|4.60|4.20|4.50|3.80
VASSILIAN A|01:160:162:00|4.28|4.13|3.91|4.16|4.02|3.80|3.73|3.28|3.99|3.51
SIEGEL D|01:160:162:00|4.28|4.13|3.91|4.16|4.02|3.80|3.73|3.28|3.99|3.51|4.63|4.67|4.67|4.60|4.00|4.60|4.20|4.50|3.80
SANGARI H|01:160:162:01|4.28|4.13|3.91|4.16|4.02|3.80|3.73|3.28|3.99|3.51
SEREFIDDIN F|01:160:162:03|4.28|4.13|3.91|4.16|4.02|3.80|3.73|3.28|3.99|3.51|4.63
SANGARI H|01:160:162:04|4.28|4.13|3.91|4.16|4.02|3.80|3.73|3.28|3.99|3.51|4.63|4.67|4.67|4.60|4.60|4.20|3.80
SEREFIDDIN F|01:160:162:06|4.28|4.13|3.91|4.16|4.02|3.80|3.73|3.28|3.99|3.51
SANGARI H|01:160:162:07|4.28|4.13|3.91|4.16|4.02|3.80|3.73|3.28|3.99|3.51
SANGARI H|01:160:162:08|4.28|4.13|3.91|4.16|4.02|3.80|3.73|3.28|3.99|3.51
SANGARI H|01:160:162:11|4.28|4.13|3.91|4.16|4.02|3.80|3.73|3.28|3.99|3.51
AGARWAL R|01:160:162:17|4.28|4.13|3.91|4.16|4.02|3.80|3.73|3.28|3.99|3.51
AGARWAL R|01:160:162:19|4.28|4.13|3.91|4.16|4.02|3.80|3.73|3.28|3.99|3.51
TAVSS E|01:160:162:23|4.28|4.13|3.91|4.16|4.02|3.80|3.73|3.28|3.99|3.51
TAVSS E|01:160:162:25|4.28|4.13|3.91|4.16|4.02|3.80|3.73|3.28|3.99|3.51
TAVSS E|01:160:162:30|4.28|4.13|3.91|4.16|4.02|3.80|3.73|3.28|3.99|3.51
SANGARI H|01:160:162:31|4.28|4.13|3.91|4.16|4.02|3.80|3.73|3.28|3.99|3.51
PORCJA R|01:160:162:33|4.28|4.13|3.91|4.16|4.02|3.80|3.73|3.28|3.99|3.51|4.63|4.67|4.67|4.60|4.00|4.60|4.20|4.50|3.80
SEREFIDDIN F|01:160:162:34|4.28|4.13|3.91|4.16|4.02|3.80|3.73|3.28|3.99|3.51
PORCJA R|01:160:162:37|4.28|4.13|3.91|4.16|4.02|3.80|3.73|3.28|3.99|3.51
WAIDLICH J|01:160:162:38|4.28|4.13|3.91|4.16|4.02|3.80|3.73|3.28|3.99|3.51
WAIDLICH J|01:160:162:39|4.28|4.13|3.91|4.16|4.02|3.80|3.73|3.28|3.99|3.51
MARKY N|01:160:162:71|4.28|4.13|3.91|4.16|4.02|3.80|3.73|3.28|3.99|3.51
MARKY N|01:160:162:72|4.28|4.13|3.91|4.16|4.02|3.80|3.73|3.28|3.99|3.51
RABEONY|01:160:162:73|4.28|4.13|3.91|4.16|4.02|3.80|3.73|3.28|3.99|3.51
RABEONY|01:160:162:74|4.28|4.13|3.91|4.16|4.02|3.80|3.73|3.28|3.99|3.51
POTENZA J|01:160:164:00|4.87|4.51|4.43|4.70|4.07|4.16|4.40|4.07|4.55|4.45
SHAH G|01:160:171:01|4.30|4.10|3.72|4.18|3.83|3.67|3.45|3.01|3.96|3.36
ROJASESCONTRILLAS R|01:160:171:02|4.30|4.10|3.72|4.18|3.83|3.67|3.45|3.01|3.96|3.36|4.09|4.37|3.97|3.64|3.69
MATUZA J|01:160:171:03|4.30|4.10|3.72|4.18|3.83|3.67|3.45|3.01|3.96|3.36
ZABORSKIS CAROL|01:160:171:04|4.30|4.10|3.72|4.18|3.83|3.67|3.45|3.01|3.96|3.36
LI Y|01:160:171:05|4.30|4.10|3.72|4.18|3.83|3.67|3.45|3.01|3.96|3.36
SUN X|01:160:171:06|4.30|4.10|3.72|4.18|3.83|3.67|3.45|3.01|3.96|3.36
FELA D|01:160:171:07|4.30|4.10|3.72|4.18|3.83|3.67|3.45|3.01|3.96|3.36|4.09|4.37
GANDHI S|01:160:171:08|4.30|4.10|3.72|4.18|3.83|3.67|3.45|3.01|3.96|3.36
DIKMEN S|01:160:171:09|4.30|4.10|3.72|4.18|3.83|3.67|3.45|3.01|3.96|3.36
FELA D|01:160:171:10|4.30|4.10|3.72|4.18|3.83|3.67|3.45|3.01|3.96|3.36
SHAH G|01:160:171:11|4.30|4.10|3.72|4.18|3.83|3.67|3.45|3.01|3.96|3.36
SHAH G|01:160:171:12|4.30|4.10|3.72|4.18|3.83|3.67|3.45|3.01|3.96|3.36|4.09
SMITH L|01:160:171:14|4.30|4.10|3.72|4.18|3.83|3.67|3.45|3.01|3.96|3.36
ZHANG REN|01:160:171:15|4.30|4.10|3.72|4.18|3.83|3.67|3.45|3.01|3.96|3.36
SHAH GUNVANT|01:160:171:16|4.30|4.10|3.72|4.18|3.83|3.67|3.45|3.01|3.96|3.36
ZABORSKIS CAROL|01:160:171:18|4.30|4.10|3.72|4.18|3.83|3.67|3.45|3.01|3.96|3.36
BUNE REY|01:160:171:19|4.30|4.10|3.72|4.18|3.83|3.67|3.45|3.01|3.96|3.36
JIANG WEIRONG|01:160:171:23|4.30|4.10|3.72|4.18|3.83|3.67|3.45|3.01|3.96|3.36
JIANG WEIRONG|01:160:171:25|4.30|4.10|3.72|4.18|3.83|3.67|3.45|3.01|3.96|3.36
SMITH LAURIE|01:160:171:26|4.30|4.10|3.72|4.18|3.83|3.67|3.45|3.01|3.96|3.36
FADEEVA TANYA|01:160:171:27|4.30|4.10|3.72|4.18|3.83|3.67|3.45|3.01|3.96|3.36
XU MENG|01:160:171:28|4.30|4.10|3.72|4.18|3.83|3.67|3.45|3.01|3.96|3.36|4.09|4.37|3.97|3.64|3.69|5.00
PRONCHIK JEREMY|01:160:171:29|4.30|4.10|3.72|4.18|3.83|3.67|3.45|3.01|3.96|3.36
PARIS KRISTINA|01:160:171:30|4.30|4.10|3.72|4.18|3.83|3.67|3.45|3.01|3.96|3.36|4.09|4.37
ROJASESCONTRILLAS RAMIRO|01:160:171:31|4.30|4.10|3.72|4.18|3.83|3.67|3.45|3.01|3.96|3.36|4.09|4.37|3.97|3.64|3.69
XU MENG|01:160:171:32|4.30|4.10|3.72|4.18|3.83|3.67|3.45|3.01|3.96|3.36|4.09
ESGUERRA MAURICIO|01:160:171:33|4.30|4.10|3.72|4.18|3.83|3.67|3.45|3.01|3.96|3.36|4.09|4.37|3.97|3.64|3.69|5.00|5.00|5.00|5.00
PARIS KRISTINA|01:160:171:34|4.30|4.10|3.72|4.18|3.83|3.67|3.45|3.01|3.96|3.36
ESGUERRA MAURICIO|01:160:171:35|4.30|4.10|3.72|4.18|3.83|3.67|3.45|3.01|3.96|3.36
PRONCHIK JEREMY|01:160:171:36|4.30|4.10|3.72|4.18|3.83|3.67|3.45|3.01|3.96|3.36
ZHANG REN|01:160:171:37|4.30|4.10|3.72|4.18|3.83|3.67|3.45|3.01|3.96|3.36|4.09|3.97|3.64|3.69|5.00|5.00
MATUZA JEANNINE|01:160:171:40|4.30|4.10|3.72|4.18|3.83|3.67|3.45|3.01|3.96|3.36
FADEEVA T|01:160:171:41|4.30|4.10|3.72|4.18|3.83|3.67|3.45|3.01|3.96|3.36
GANDHI SWETA|01:160:171:42|4.30|4.10|3.72|4.18|3.83|3.67|3.45|3.01|3.96|3.36|4.09|4.37|3.97|3.64|3.69
LI YINGJIE|01:160:171:43|4.30|4.10|3.72|4.18|3.83|3.67|3.45|3.01|3.96|3.36
SUN XUEJUN|01:160:171:48|4.30|4.10|3.72|4.18|3.83|3.67|3.45|3.01|3.96|3.36
VASSILIAN ASBEP|01:160:251:00|3.80|3.56|3.57|3.57|3.00|3.06|2.98|3.37|3.34|2.80
KIM HIYUN|01:160:251:01|3.80|3.56|3.57|3.57|3.00|3.06|2.98|3.37|3.34|2.80
KIMMEL JANE|01:160:251:02|3.80|3.56|3.57|3.57|3.00|3.06|2.98|3.37|3.34|2.80
TAYLOR JOHN|01:160:308:00|4.48|4.47|4.16|4.46|4.30|4.09|4.12|3.35|4.33|3.95
Williams Lawrence|01:160:308:00|4.48|4.47|4.16|4.46|4.30|4.09|4.12|3.35|4.33|3.95
OCONNOR P|01:160:308:00|4.48|4.47|4.16|4.46|4.30|4.09|4.12|3.35|4.33|3.95|5.00|5.00
GOVINDARAJOO GEETA|01:160:308:01|4.48|4.47|4.16|4.46|4.30|4.09|4.12|3.35|4.33|3.95
ZBAIDA SHMUEL|01:160:308:02|4.48|4.47|4.16|4.46|4.30|4.09|4.12|3.35|4.33|3.95
ZBAIDA SHMUEL|01:160:308:03|4.48|4.47|4.16|4.46|4.30|4.09|4.12|3.35|4.33|3.95
SCHWARTZ ARTHUR|01:160:308:04|4.48|4.47|4.16|4.46|4.30|4.09|4.12|3.35|4.33|3.95
OCONNOR PATRICK|01:160:308:06|4.48|4.47|4.16|4.46|4.30|4.09|4.12|3.35|4.33|3.95
ZBAIDA SHMUEL|01:160:308:07|4.48|4.47|4.16|4.46|4.30|4.09|4.12|3.35|4.33|3.95
JEFFERIS JESSE|01:160:308:08|4.48|4.47|4.16|4.46|4.30|4.09|4.12|3.35|4.33|3.95
ZBAIDA SHMUEL|01:160:308:09|4.48|4.47|4.16|4.46|4.30|4.09|4.12|3.35|4.33|3.95
LAPO ROBERT|01:160:308:12|4.48|4.47|4.16|4.46|4.30|4.09|4.12|3.35|4.33|3.95
LAPO ROBERT|01:160:308:13|4.48|4.47|4.16|4.46|4.30|4.09|4.12|3.35|4.33|3.95
OCONNOR PATRICK|01:160:308:14|4.48|4.47|4.16|4.46|4.30|4.09|4.12|3.35|4.33|3.95
GOVINDARAJOO GEETA|01:160:308:15|4.48|4.47|4.16|4.46|4.30|4.09|4.12|3.35|4.33|3.95
OCONNOR PATRICK|01:160:308:17|4.48|4.47|4.16|4.46|4.30|4.09|4.12|3.35|4.33|3.95
JEFFERIS JESSE|01:160:308:20|4.48|4.47|4.16|4.46|4.30|4.09|4.12|3.35|4.33|3.95
CHOE YUN|01:160:308:21|4.48|4.47|4.16|4.46|4.30|4.09|4.12|3.35|4.33|3.95
CHOE YUN|01:160:308:22|4.48|4.47|4.16|4.46|4.30|4.09|4.12|3.35|4.33|3.95
JEFFERIS JESSE|01:160:308:23|4.48|4.47|4.16|4.46|4.30|4.09|4.12|3.35|4.33|3.95
SCHWARTZ ARTHUR|01:160:308:24|4.48|4.47|4.16|4.46|4.30|4.09|4.12|3.35|4.33|3.95
SCHWARTZ ARTHUR|01:160:308:25|4.48|4.47|4.16|4.46|4.30|4.09|4.12|3.35|4.33|3.95
ZBAIDA SHMUEL|01:160:308:26|4.48|4.47|4.16|4.46|4.30|4.09|4.12|3.35|4.33|3.95
ZBAIDA SHMUEL|01:160:308:27|4.48|4.47|4.16|4.46|4.30|4.09|4.12|3.35|4.33|3.95
GAFFNEY BARBARA|01:160:309:00|4.77|4.72|4.51|4.80|4.26|4.57|4.70|4.22|4.71|4.53
XU WEIMING|01:160:309:01|4.77|4.72|4.51|4.80|4.26|4.57|4.70|4.22|4.71|4.53
BARLETT KRISTIN|01:160:309:02|4.77|4.72|4.51|4.80|4.26|4.57|4.70|4.22|4.71|4.53
KIREN S|01:160:309:03|4.77|4.72|4.51|4.80|4.26|4.57|4.70|4.22|4.71|4.53
KROPA JONATHAN|01:160:311:01|4.55|4.28|3.95|4.30|4.00|3.95|3.97|3.30|4.25|3.78
GOVINDARAJOO GEETA|01:160:311:01|4.55|4.28|3.95|4.30|4.00|3.95|3.97|3.30|4.25|3.78
FRANCIS JOHN|01:160:311:02|4.55|4.28|3.95|4.30|4.00|3.95|3.97|3.30|4.25|3.78
GOVINDARAJOO GEETA|01:160:311:02|4.55|4.28|3.95|4.30|4.00|3.95|3.97|3.30|4.25|3.78
GOVINDARAJOO GEETA|01:160:311:05|4.55|4.28|3.95|4.30|4.00|3.95|3.97|3.30|4.25|3.78
FRANCIS JOHN|01:160:311:05|4.55|4.28|3.95|4.30|4.00|3.95|3.97|3.30|4.25|3.78
SHANGGUAN NING|01:160:311:06|4.55|4.28|3.95|4.30|4.00|3.95|3.97|3.30|4.25|3.78
GOVINDARAJOO GEETA|01:160:311:06|4.55|4.28|3.95|4.30|4.00|3.95|3.97|3.30|4.25|3.78
WANG J|01:160:311:07|4.55|4.28|3.95|4.30|4.00|3.95|3.97|3.30|4.25|3.78
GOVINDARAJOO GEETA|01:160:311:07|4.55|4.28|3.95|4.30|4.00|3.95|3.97|3.30|4.25|3.78
GOVINDARAJOO GEETA|01:160:311:08|4.55|4.28|3.95|4.30|4.00|3.95|3.97|3.30|4.25|3.78
ZHANG H|01:160:311:08|4.55|4.28|3.95|4.30|4.00|3.95|3.97|3.30|4.25|3.78
JUNG J|01:160:311:09|4.55|4.28|3.95|4.30|4.00|3.95|3.97|3.30|4.25|3.78
GOVINDARAJOO GEETA|01:160:311:09|4.55|4.28|3.95|4.30|4.00|3.95|3.97|3.30|4.25|3.78
GOVINDARAJOO GEETA|01:160:311:10|4.55|4.28|3.95|4.30|4.00|3.95|3.97|3.30|4.25|3.78
HAN QIANWEI|01:160:311:10|4.55|4.28|3.95|4.30|4.00|3.95|3.97|3.30|4.25|3.78
GOVINDARAJOO GEETA|01:160:311:11|4.55|4.28|3.95|4.30|4.00|3.95|3.97|3.30|4.25|3.78
TAO JIN|01:160:311:11|4.55|4.28|3.95|4.30|4.00|3.95|3.97|3.30|4.25|3.78
GHOSH P|01:160:311:13|4.55|4.28|3.95|4.30|4.00|3.95|3.97|3.30|4.25|3.78
GOVINDARAJOO GEETA|01:160:311:13|4.55|4.28|3.95|4.30|4.00|3.95|3.97|3.30|4.25|3.78
GOVINDARAJOO GEETA|01:160:311:14|4.55|4.28|3.95|4.30|4.00|3.95|3.97|3.30|4.25|3.78
ZHANG HONGMEI|01:160:311:14|4.55|4.28|3.95|4.30|4.00|3.95|3.97|3.30|4.25|3.78
WON WALTER|01:160:311:15|4.55|4.28|3.95|4.30|4.00|3.95|3.97|3.30|4.25|3.78
GOVINDARAJOO GEETA|01:160:311:15|4.55|4.28|3.95|4.30|4.00|3.95|3.97|3.30|4.25|3.78
GOVINDARAJOO GEETA|01:160:311:16|4.55|4.28|3.95|4.30|4.00|3.95|3.97|3.30|4.25|3.78
SINGH GURPREET|01:160:311:16|4.55|4.28|3.95|4.30|4.00|3.95|3.97|3.30|4.25|3.78
SHARMA LISA|01:160:311:17|4.55|4.28|3.95|4.30|4.00|3.95|3.97|3.30|4.25|3.78
GOVINDARAJOO GEETA|01:160:311:17|4.55|4.28|3.95|4.30|4.00|3.95|3.97|3.30|4.25|3.78
ZHAO JIANWEI|01:160:311:18|4.55|4.28|3.95|4.30|4.00|3.95|3.97|3.30|4.25|3.78
GOVINDARAJOO GEETA|01:160:311:18|4.55|4.28|3.95|4.30|4.00|3.95|3.97|3.30|4.25|3.78
GOVINDARAJOO GEETA|01:160:311:19|4.55|4.28|3.95|4.30|4.00|3.95|3.97|3.30|4.25|3.78
TORO ALEJANDRO|01:160:311:19|4.55|4.28|3.95|4.30|4.00|3.95|3.97|3.30|4.25|3.78
PRUDENCIO ALMUDENA|01:160:311:20|4.55|4.28|3.95|4.30|4.00|3.95|3.97|3.30|4.25|3.78
GOVINDARAJOO GEETA|01:160:311:21|4.55|4.28|3.95|4.30|4.00|3.95|3.97|3.30|4.25|3.78
WANG ZHENGHUA|01:160:311:21|4.55|4.28|3.95|4.30|4.00|3.95|3.97|3.30|4.25|3.78|5.00
KIM YOUNGMI|01:160:311:22|4.55|4.28|3.95|4.30|4.00|3.95|3.97|3.30|4.25|3.78
GOVINDARAJOO GEETA|01:160:311:22|4.55|4.28|3.95|4.30|4.00|3.95|3.97|3.30|4.25|3.78
WU KE|01:160:311:23|4.55|4.28|3.95|4.30|4.00|3.95|3.97|3.30|4.25|3.78
WU KE|01:160:311:23|4.55|4.28|3.95|4.30|4.00|3.95|3.97|3.30|4.25|3.78
GOVINDARAJOO GEETA|01:160:311:24|4.55|4.28|3.95|4.30|4.00|3.95|3.97|3.30|4.25|3.78
MURTHY NITHYA|01:160:311:24|4.55|4.28|3.95|4.30|4.00|3.95|3.97|3.30|4.25|3.78
MAITHIL DIGVIJAY|01:160:311:25|4.55|4.28|3.95|4.30|4.00|3.95|3.97|3.30|4.25|3.78
GOVINDARAJOO GEETA|01:160:311:25|4.55|4.28|3.95|4.30|4.00|3.95|3.97|3.30|4.25|3.78
GOVINDARAJOO GEETA|01:160:311:26|4.55|4.28|3.95|4.30|4.00|3.95|3.97|3.30|4.25|3.78
XIE RUIMIN|01:160:311:26|4.55|4.28|3.95|4.30|4.00|3.95|3.97|3.30|4.25|3.78
ISSA JOE|01:160:311:27|4.55|4.28|3.95|4.30|4.00|3.95|3.97|3.30|4.25|3.78|5.00
GOVINDARAJOO GEETA|01:160:311:27|4.55|4.28|3.95|4.30|4.00|3.95|3.97|3.30|4.25|3.78|5.00|5.00|5.00|5.00|5.00
FU YUNLIN|01:160:311:28|4.55|4.28|3.95|4.30|4.00|3.95|3.97|3.30|4.25|3.78
GOVINDARAJOO GEETA|01:160:311:28|4.55|4.28|3.95|4.30|4.00|3.95|3.97|3.30|4.25|3.78
GOVINDARAJOO GEETA|01:160:311:29|4.55|4.28|3.95|4.30|4.00|3.95|3.97|3.30|4.25|3.78
KRISHNA PR|01:160:311:29|4.55|4.28|3.95|4.30|4.00|3.95|3.97|3.30|4.25|3.78
JOSHI KAVITA|01:160:311:30|4.55|4.28|3.95|4.30|4.00|3.95|3.97|3.30|4.25|3.78
GOVINDARAJOO GEETA|01:160:311:30|4.55|4.28|3.95|4.30|4.00|3.95|3.97|3.30|4.25|3.78
ROMSTED LAURENCE|01:160:316:01|4.28|4.13|3.83|4.38|3.95|3.69|3.90|4.00|3.90|3.87|2.97
HAUBENSTOCK H|01:160:316:01|4.28|4.13|3.83|4.38|3.95|3.69|3.90|4.00|3.90|3.87|2.97|5.00|5.00|5.00|5.00
COTTER MARTHA|01:160:328:01|4.01|3.97|3.46|4.01|3.65|3.32|3.49|3.33|3.60|3.41
HINCH B|01:160:328:01|4.01|3.97|3.46|4.01|3.65|3.32|3.49|3.33|3.60|3.41|5.00
GARFUNKEL ERIC|01:160:329:00|4.53|4.48|4.29|4.54|4.45|4.15|4.32|3.92|4.37|4.17
GARFUNKEL|01:160:329:01|4.53|4.48|4.29|4.54|4.45|4.15|4.32|3.92|4.37|4.17
KOTZ JAMES|01:160:329:02|4.53|4.48|4.29|4.54|4.45|4.15|4.32|3.92|4.37|4.17|5.00
SIEGEL DONALD|01:160:329:03|4.53|4.48|4.29|4.54|4.45|4.15|4.32|3.92|4.37|4.17
CARLSON DAVID|01:160:329:04|4.53|4.48|4.29|4.54|4.45|4.15|4.32|3.92|4.37|4.17
MANNING GERALD|01:160:342:01|4.61|4.55|4.30|4.55|4.33|4.21|4.31|3.69|4.42|4.09|5.00
SCHUGAR H|01:160:361:01|4.13|3.07|4.13|3.36|3.50|3.57|3.57|3.86|3.33|3.43
ISIED STEPHEN|01:160:371:01|3.90|3.97|4.00|4.43|4.03|3.45|3.55|3.27|3.70|3.37
BURKE KIERON|01:160:492:01|4.53|4.82|4.71|4.82|4.71|4.76|4.47|4.13|4.75|4.60
UHRICH KATHRYN|01:160:492:03|4.53|4.82|4.71|4.82|4.71|4.76|4.47|4.13|4.75|4.60
