KEATING A|01:146:328:01|4.83|4.56|4.48|4.52|4.14|4.04|4.33|3.90|4.40|4.33
ANDERSON T|01:146:329:01|4.97|4.97|4.91|5.00|4.97|4.88|4.84|4.12|4.97|4.72
ANDERSON T|01:146:329:02|4.97|4.97|4.91|5.00|4.97|4.88|4.84|4.12|4.97|4.72
MERRILL G|01:146:356:01|3.98|3.87|3.51|3.82|3.52|3.15|3.67|3.65|3.42|3.35
PAGE C|01:146:356:01|3.98|3.87|3.51|3.82|3.52|3.15|3.67|3.65|3.42|3.35
MERRILL G|01:146:356:02|3.98|3.87|3.51|3.82|3.52|3.15|3.67|3.65|3.42|3.35|1.00|1.00
PAGE C|01:146:356:02|3.98|3.87|3.51|3.82|3.52|3.15|3.67|3.65|3.42|3.35
DARLINGTON A|01:146:357:01|4.68|4.47|4.22|4.60|4.15|4.14|4.26|3.84|4.33|4.04
ROHRBACH T|01:146:357:02|4.68|4.47|4.22|4.60|4.15|4.14|4.26|3.84|4.33|4.04
DARLINGTON A|01:146:357:03|4.68|4.47|4.22|4.60|4.15|4.14|4.26|3.84|4.33|4.04
ZHANG H|01:146:357:04|4.68|4.47|4.22|4.60|4.15|4.14|4.26|3.84|4.33|4.04
RORHBACH T|01:146:357:05|4.68|4.47|4.22|4.60|4.15|4.14|4.26|3.84|4.33|4.04
VALAPPIL R|01:146:357:06|4.68|4.47|4.22|4.60|4.15|4.14|4.26|3.84|4.33|4.04
ZHANG H|01:146:357:07|4.68|4.47|4.22|4.60|4.15|4.14|4.26|3.84|4.33|4.04
VALAPPIL R|01:146:357:08|4.68|4.47|4.22|4.60|4.15|4.14|4.26|3.84|4.33|4.04|5.00
NOREL S|01:146:357:09|4.68|4.47|4.22|4.60|4.15|4.14|4.26|3.84|4.33|4.04
NORELL S|01:146:357:10|4.68|4.47|4.22|4.60|4.15|4.14|4.26|3.84|4.33|4.04
RORK T|01:146:357:13|4.68|4.47|4.22|4.60|4.15|4.14|4.26|3.84|4.33|4.04|3.00
FIRESTEIN BONNIE|01:146:405:01|4.92|5.00|4.57|4.93|5.00|4.85|4.71|4.86|5.00|4.93
HSU S|01:146:405:01|4.92|5.00|4.57|4.93|5.00|4.85|4.71|4.86|5.00|4.93
DAVIS R|01:146:446:01|4.93|5.00|4.86|5.00|5.00|4.93|5.00|5.00|4.86|4.86
PLUMMER MARK|01:146:446:01|4.93|5.00|4.86|5.00|5.00|4.93|5.00|5.00|4.86|4.86
RABII J|01:146:450:01|4.83|4.66|4.29|4.83|4.38|4.00|4.20|4.06|4.31|4.26
FONG D|01:146:471:01|4.40|4.50|4.30|4.80|5.00|4.30|4.50|4.70|4.20|4.22
LAUGHLIN J|01:146:475:01|4.66|4.74|4.45|4.76|4.58|4.41|4.48|4.41|4.63|4.52
COVEY LORI|01:146:475:01|4.66|4.74|4.45|4.76|4.58|4.41|4.48|4.41|4.63|4.52
LAUGHLIN J|01:146:475:02|4.66|4.74|4.45|4.76|4.58|4.41|4.48|4.41|4.63|4.52
COVEY LORI|01:146:475:02|4.66|4.74|4.45|4.76|4.58|4.41|4.48|4.41|4.63|4.52
