POPE M|01:014:103:01|4.02|4.14|4.38|4.43|4.35|4.03|3.98|4.06|4.06|4.14|5.00
JENNINGS R|01:014:107:01|4.79|4.88|4.88|4.92|4.65|4.75|4.78|4.61|4.78|4.65|4.00|4.00|4.00|4.00
JACKSONBREWER K|01:014:206:01|4.59|4.69|4.79|4.83|4.54|4.61|4.67|4.00|4.77|4.74
GODONOO P|01:014:213:01|4.37|4.17|4.43|4.41|4.54|4.14|4.11|4.00|4.26|4.33|5.00|5.00|5.00|5.00|5.00|5.00|5.00|5.00|5.00
BONADIE D|01:014:274:01|4.32|4.58|4.47|4.67|4.58|4.21|4.21|3.00|4.21|4.11
JENNINGS R|01:014:276:01|5.00|4.95|4.95|5.00|4.90|5.00|5.00|4.80|4.95|5.00
BONADIE D|01:014:321:01|4.44|4.74|4.42|4.74|4.68|4.11|4.50|4.47|4.26|4.26
GODONOO P|01:014:342:01|4.63|4.67|4.88|4.75|4.86|4.75|4.57|4.38|4.63|4.75
KHAN K|01:014:347:01|4.70|4.39|4.74|4.58|4.48|4.56|4.42|4.13|4.48|4.57
TATE G|01:014:353:01|4.95|4.78|5.00|4.86|4.96|4.77|5.00|4.57|4.95|4.91
BETHEL L|01:014:369:01|4.47|4.53|4.67|4.67|4.64|4.53|4.47|4.47|4.79|4.73
BETHEL L|01:014:423:01|4.76|4.61|4.76|5.00|4.88|4.78|4.83|4.65|4.94|4.76|5.00|5.00
