STEFFENSEN I|01:082:105:01|4.70|4.51|4.14|4.45|4.00|3.91|4.02|3.51|4.19|3.89
COHEN M|01:082:105:03|4.70|4.51|4.14|4.45|4.00|3.91|4.02|3.51|4.19|3.89
GOPIN S|01:082:106:00|4.68|4.36|4.62|4.53|4.23|4.35|4.57|3.93|4.54|4.41|4.20
GOPIN S|01:082:106:00|4.68|4.36|4.62|4.53|4.23|4.35|4.57|3.93|4.54|4.41|4.20|4.40|4.40
ESTEVEZ L|01:082:106:01|4.68|4.36|4.62|4.53|4.23|4.35|4.57|3.93|4.54|4.41
ZALAMEA P|01:082:106:02|4.68|4.36|4.62|4.53|4.23|4.35|4.57|3.93|4.54|4.41
ESTEVEZ L|01:082:106:04|4.68|4.36|4.62|4.53|4.23|4.35|4.57|3.93|4.54|4.41
FORD K|01:082:106:05|4.68|4.36|4.62|4.53|4.23|4.35|4.57|3.93|4.54|4.41
FORD K|01:082:106:06|4.68|4.36|4.62|4.53|4.23|4.35|4.57|3.93|4.54|4.41
ZALAMEA P|01:082:106:07|4.68|4.36|4.62|4.53|4.23|4.35|4.57|3.93|4.54|4.41
FLETCHER F|01:082:106:08|4.68|4.36|4.62|4.53|4.23|4.35|4.57|3.93|4.54|4.41
SCOTT S|01:082:106:09|4.68|4.36|4.62|4.53|4.23|4.35|4.57|3.93|4.54|4.41
VENDELIN C|01:082:106:10|4.68|4.36|4.62|4.53|4.23|4.35|4.57|3.93|4.54|4.41|4.20|4.40|4.40|4.50|5.00|5.00|5.00|5.00|5.00
ZALAMEA P|01:082:106:11|4.68|4.36|4.62|4.53|4.23|4.35|4.57|3.93|4.54|4.41
TINTI M|01:082:106:12|4.68|4.36|4.62|4.53|4.23|4.35|4.57|3.93|4.54|4.41
ESTEVEZ L|01:082:106:13|4.68|4.36|4.62|4.53|4.23|4.35|4.57|3.93|4.54|4.41
TINTI M|01:082:106:14|4.68|4.36|4.62|4.53|4.23|4.35|4.57|3.93|4.54|4.41
SCOTT S|01:082:106:15|4.68|4.36|4.62|4.53|4.23|4.35|4.57|3.93|4.54|4.41
FLETCHER F|01:082:106:16|4.68|4.36|4.62|4.53|4.23|4.35|4.57|3.93|4.54|4.41
FLETCHER F|01:082:106:17|4.68|4.36|4.62|4.53|4.23|4.35|4.57|3.93|4.54|4.41
FORD K|01:082:106:18|4.68|4.36|4.62|4.53|4.23|4.35|4.57|3.93|4.54|4.41
VENDELIN C|01:082:106:20|4.68|4.36|4.62|4.53|4.23|4.35|4.57|3.93|4.54|4.41
TINTI M|01:082:106:21|4.68|4.36|4.62|4.53|4.23|4.35|4.57|3.93|4.54|4.41
VENDELIN C|01:082:106:22|4.68|4.36|4.62|4.53|4.23|4.35|4.57|3.93|4.54|4.41
SCOTT S|01:082:106:23|4.68|4.36|4.62|4.53|4.23|4.35|4.57|3.93|4.54|4.41
BUDD DENISE|01:082:106:25|4.68|4.36|4.62|4.53|4.23|4.35|4.57|3.93|4.54|4.41|4.20|4.40|4.40|4.50|5.00|5.00|5.00|5.00|5.00
WHITE V|01:082:106:30|4.68|4.36|4.62|4.53|4.23|4.35|4.57|3.93|4.54|4.41|4.20
BUDD DENISE|01:082:106:31|4.68|4.36|4.62|4.53|4.23|4.35|4.57|3.93|4.54|4.41
GOPIN S|01:082:112:01|4.90|4.90|4.90|4.90|5.00|4.70|4.90|4.80|4.89|4.89
MARTER J|01:082:305:01|4.47|4.34|4.35|4.28|3.77|4.15|4.47|4.13|4.20|4.13
REIST I|01:082:310:01|4.80|4.78|4.60|4.70|4.11|4.40|4.40|4.40|4.40|4.40
SMALL J|01:082:314:01|4.00|2.76|3.62|2.69|3.55|3.32|3.61|3.21|3.28|3.34
HOWARD A|01:082:323:01|4.32|3.79|4.17|3.63|2.83|3.58|4.11|3.39|3.32|3.42
HOWARD A|01:082:324:01|3.97|3.53|3.91|3.64|3.09|3.58|4.03|4.03|3.52|3.63
BRETTSMITH S|01:082:333:01|4.19|4.31|4.19|4.25|3.84|3.78|4.06|3.26|4.06|3.90
KENFIELD J|01:082:343:01|4.64|4.63|4.76|4.81|4.21|4.24|4.52|4.17|4.55|4.43
TOFFOLO F|01:082:354:01|4.85|4.97|4.76|5.00|4.88|4.67|4.70|4.53|4.88|4.85
STEFFENSEN I|01:082:368:01|4.96|4.91|4.69|4.83|4.49|4.57|4.56|4.49|4.78|4.59
BRETTSMITH S|01:082:376:01|4.27|4.73|4.64|4.55|4.33|4.09|4.20|3.91|4.18|4.20
YANNI CARLA|01:082:392:01|4.92|4.67|4.58|4.75|4.17|4.36|4.36|4.33|4.30|4.33
COHEN M|01:082:397:01|4.24|4.28|3.69|4.12|3.45|3.57|3.64|3.12|3.71|3.55
LISTOKIN D|01:082:431:01|4.78|4.88|4.56|4.89|4.89|4.33|4.67|4.40|4.50|4.63
CRAIG R|01:082:446:01|3.18|3.00|2.67|3.36|3.50|2.83|2.92|3.00|3.08|2.75
SPECTOR J|01:082:485:01|4.12|3.58|4.15|3.52|3.96|3.67|4.27|4.23|3.96|4.15
FITZPATRICK T|01:082:492:01|4.89|4.83|4.85|4.80|4.62|4.70|4.61|4.20|4.76|4.68
SMALL J|01:082:492:02|4.89|4.83|4.85|4.80|4.62|4.70|4.61|4.20|4.76|4.68
McHam Sarah|01:082:492:03|4.89|4.83|4.85|4.80|4.62|4.70|4.61|4.20|4.76|4.68
BAIGELL M|01:082:492:04|4.89|4.83|4.85|4.80|4.62|4.70|4.61|4.20|4.76|4.68
