TROIANO R|01:420:101:01|4.51|4.47|4.40|4.58|4.68|4.33|4.42|4.22|4.48|4.29
BRANTONDESRIS J|01:420:101:02|4.51|4.47|4.40|4.58|4.68|4.33|4.42|4.22|4.48|4.29
HASKOVACS O|01:420:101:20|4.51|4.47|4.40|4.58|4.68|4.33|4.42|4.22|4.48|4.29|1.00
PIRNIK M|01:420:102:01|4.72|4.37|4.68|4.57|4.33|4.39|4.46|4.30|4.54|4.38|2.73|4.00
LEBEHDT B|01:420:102:02|4.72|4.37|4.68|4.57|4.33|4.39|4.46|4.30|4.54|4.38|2.73
ALAMI M|01:420:102:30|4.72|4.37|4.68|4.57|4.33|4.39|4.46|4.30|4.54|4.38
ELSAYED H|01:420:121:01|4.54|4.24|4.41|4.24|4.59|4.24|4.25|4.32|4.24|4.21
KENNEDY C|01:420:121:20|4.54|4.24|4.41|4.24|4.59|4.24|4.25|4.32|4.24|4.21
HOEFER B|01:420:131:02|4.59|4.55|4.54|4.75|4.55|4.38|4.22|4.15|4.50|4.41
KOSTOVA J|01:420:131:20|4.59|4.55|4.54|4.75|4.55|4.38|4.22|4.15|4.50|4.41|4.00
STAPLETON P|01:420:131:30|4.59|4.55|4.54|4.75|4.55|4.38|4.22|4.15|4.50|4.41
PIRNIK M|01:420:132:03|4.51|4.35|4.42|4.37|4.45|4.24|4.37|4.30|4.33|4.36
SORRELL P|01:420:132:20|4.51|4.35|4.42|4.37|4.45|4.24|4.37|4.30|4.33|4.36
PAUYO E|01:420:132:30|4.51|4.35|4.42|4.37|4.45|4.24|4.37|4.30|4.33|4.36
GARRAU M|01:420:213:01|4.50|4.45|4.39|4.50|4.42|4.37|4.35|4.22|4.39|4.13
WILLIAMS ALAN|01:420:213:02|4.50|4.45|4.39|4.50|4.42|4.37|4.35|4.22|4.39|4.13|5.00|5.00|5.00|5.00|5.00|5.00|5.00|5.00
KARMARKAR M|01:420:214:01|4.53|4.39|4.25|4.58|4.42|4.17|4.31|4.26|4.34|4.14
BREAN S|01:420:214:02|4.53|4.39|4.25|4.58|4.42|4.17|4.31|4.26|4.34|4.14
FOSTER T|01:420:214:20|4.53|4.39|4.25|4.58|4.42|4.17|4.31|4.26|4.34|4.14
BOTEA D|01:420:215:01|4.65|4.50|4.65|4.68|4.55|4.52|4.39|4.22|4.45|4.38
ALLAMAND CAROLE|01:420:215:02|4.65|4.50|4.65|4.68|4.55|4.52|4.39|4.22|4.45|4.38
KARMARKAR M|01:420:216:01|4.76|4.59|4.70|4.74|4.49|4.45|4.49|4.19|4.61|4.37
PIROUX LORRAINE|01:420:216:02|4.76|4.59|4.70|4.74|4.49|4.45|4.49|4.19|4.61|4.37
NOIROT C|01:420:216:20|4.76|4.59|4.70|4.74|4.49|4.45|4.49|4.19|4.61|4.37
SPEER MARY|01:420:218:71|5.00|5.00|4.86|5.00|4.86|4.86|5.00|4.14|5.00|5.00
ALLAMAND CAROLE|01:420:316:01|4.72|4.94|4.83|5.00|5.00|4.56|4.56|4.33|4.81|4.63
DIAMOND MARIEJOSEPHINE|01:420:319:20|4.62|5.00|4.54|5.00|4.85|4.31|4.08|4.46|4.54|4.38
PIRNIK M|01:420:324:01|4.08|4.07|4.08|4.00|3.77|3.79|4.00|4.36|3.86|3.75
DEPREZ VIVIANE|01:420:332:01|4.68|4.84|4.84|4.72|4.76|4.68|4.72|4.47|4.78|4.76
SHAW MARY|01:420:338:01|4.63|4.67|4.40|4.67|4.57|4.13|4.13|4.21|4.57|4.57
WILLIAMS ALAN|01:420:371:01|4.57|4.48|4.59|4.43|4.45|4.32|4.50|4.10|4.60|4.50
PAIRET ANA|01:420:403:01|4.04|3.95|4.04|3.83|3.91|3.83|4.09|3.96|3.82|3.77
SERRANO RICHARD|01:420:411:20|4.64|4.45|4.45|4.64|4.10|4.09|4.40|3.82|4.50|4.36
SPEER MARY|01:420:415:01|4.86|4.93|4.29|4.85|4.36|4.43|4.64|3.86|4.64|4.36
SCHILLING DEREK|01:420:492:01|4.89|4.78|4.88|4.78|4.67|4.56|4.89|4.00|4.56|4.89
