BALM ROGER|01:450:100:01|4.69|4.52|4.22|4.46|4.31|4.00|4.04|3.51|4.36|4.07|4.50|4.50|4.50|4.50|4.50|4.50|4.50|4.00
ROBINSON DAVID|01:450:101:01|4.50|4.44|4.09|4.43|4.17|3.69|3.74|2.98|4.07|3.76|5.00|5.00|5.00|5.00|5.00|5.00|5.00|5.00|5.00
BALM ROGER|01:450:102:01|4.67|4.43|4.24|4.49|4.36|4.05|3.95|3.19|4.31|4.18|4.25|3.00|4.00|3.50|3.50|2.50|3.50|4.00|3.00
STANDISH ALEX|01:450:103:01|4.70|4.42|4.40|4.45|4.21|3.90|3.81|3.12|4.21|3.96
HORDON ROBERT|01:450:211:01|4.26|4.26|4.21|4.34|4.12|3.82|3.68|3.44|3.94|3.89
SILVA JULIE|01:450:222:01|4.71|4.64|4.49|4.67|4.51|4.33|4.28|3.77|4.49|4.32|5.00|4.50|5.00|5.00|5.00|5.00|5.00|5.00|5.00
HANES SAMUEL|01:450:240:01|4.53|4.45|4.14|4.45|4.40|4.10|4.26|3.27|4.37|4.22
VEIMARK BENJAMIN|01:450:262:01|4.24|4.38|4.30|4.53|4.53|4.05|4.00|3.60|4.25|4.00|4.70|4.70|4.50|4.00|4.40|4.60|4.60|4.60|4.25
HORDON ROBERT|01:450:320:01|4.63|4.27|4.00|4.27|3.73|3.43|3.23|3.03|3.76|3.53
REGULSKA JOANNA|01:450:332:01|4.37|4.33|4.04|4.43|4.14|4.00|4.07|3.94|4.19|3.96
SIEGEL MIKE|01:450:356:01|4.33|4.67|4.67|4.50|4.00|4.00|4.17|4.67|4.33|4.17
KEREN ROGER|01:450:357:01|4.38|4.53|4.41|4.69|4.29|4.47|4.00|3.65|4.53|4.19
ROBINSON DAVID|01:450:404:01|4.43|4.71|4.43|4.71|3.93|4.07|4.21|3.71|4.43|3.93
STMARTIN KEVIN|01:450:470:01|4.46|4.42|3.96|4.46|4.04|3.80|3.68|3.15|4.12|3.81
