HOWARD ALLEN|01:508:222:01|4.44|4.43|4.39|4.55|3.90|4.00|4.34|3.87|4.22|4.00
GUHA SUMIT|01:508:231:01|3.90|3.82|3.64|3.76|3.71|3.31|3.18|3.07|3.72|3.57|4.00|4.50|5.00
TRINER GAIL|01:508:262:01|4.09|3.93|3.52|3.91|3.72|3.55|3.67|3.62|3.61|3.63
SUNDELIN LENNART|01:508:300:01|4.08|3.88|4.08|4.38|4.48|3.81|4.15|4.64|4.04|3.88
COOPER BARBARA|01:508:326:01|4.56|4.56|4.30|4.64|4.45|3.98|4.09|3.30|4.33|4.15|4.00|4.00
LIU XUN|01:508:340:01|4.54|4.23|3.82|4.42|4.14|3.71|3.80|3.50|3.96|3.85|5.00|5.00|5.00|5.00|5.00|5.00|5.00|5.00
RODEN DONALD|01:508:352:01|4.96|4.88|4.92|5.00|4.67|4.63|4.92|4.57|4.79|4.88
BENNETT HERMAN|01:508:367:01|4.27|4.33|4.75|4.42|4.00|4.17|4.36|3.50|4.42|4.33
BROWN CAROLYN|01:508:420:01|4.73|4.60|4.87|4.64|3.87|4.67|4.64|3.47|4.71|4.64
BUTLER KIM|01:508:468:01|4.58|4.83|4.88|4.83|4.60|4.58|4.71|4.13|4.74|4.65
