CARAM PETER|01:202:201:01|4.71|4.73|4.68|4.69|4.63|4.49|4.53|4.29|4.64|4.60|5.00|5.00
MIKHAIL DAVID|01:202:201:02|4.71|4.73|4.68|4.69|4.63|4.49|4.53|4.29|4.64|4.60
HENRY THOMAS|01:202:201:03|4.71|4.73|4.68|4.69|4.63|4.49|4.53|4.29|4.64|4.60
HENRY THOMAS|01:202:202:01|4.81|4.81|4.63|4.81|4.71|4.48|4.58|4.38|4.58|4.59|5.00
WELCH MICHAEL|01:202:203:01|4.38|3.62|4.36|3.86|3.95|3.76|3.97|4.03|3.92|3.96
WELCH MICHAEL|01:202:203:02|4.38|3.62|4.36|3.86|3.95|3.76|3.97|4.03|3.92|3.96
HOFFMAN B|01:202:205:01|4.67|4.70|4.67|4.73|4.52|4.58|4.60|4.38|4.71|4.53
HINDS LENNOX|01:202:301:01|4.64|4.50|4.64|4.64|5.00|4.21|4.43|4.29|4.71|4.64
EMANUEL MICHAEL|01:202:305:80|4.80|4.40|4.50|4.00|4.33|3.80|4.20|4.20|3.70|4.00
PIEHL ANNE|01:202:307:01|3.79|3.36|3.10|3.86|3.86|2.93|2.93|2.67|3.24|2.93|3.00
HINDS LENNOX|01:202:309:01|4.47|4.33|4.50|4.30|3.75|4.29|4.43|4.50|4.75|4.47
CARR PATRICK|01:202:322:01|4.61|4.15|3.61|3.88|4.03|3.41|3.74|3.73|3.85|3.85
HOFFMAN BARNETT|01:202:327:01|4.91|4.91|4.95|4.95|4.67|4.86|4.80|4.42|4.80|4.72
LASALLE GERARD|01:202:407:01|4.81|4.88|4.76|4.88|4.80|4.63|4.66|4.68|4.80|4.72
MILLER LISA|01:202:496:01|4.50|4.57|4.32|4.55|4.18|3.96|4.13|3.73|4.45|4.27
