SOFER WILLIAM|01:447:380:00|4.16|4.10|3.99|4.17|3.93|3.81|3.94|3.78|3.89|3.90
HAVILAND MARTHA|01:447:380:00|4.16|4.10|3.99|4.17|3.93|3.81|3.94|3.78|3.89|3.90
MCKIM KIM|01:447:380:01|4.16|4.10|3.99|4.17|3.93|3.81|3.94|3.78|3.89|3.90
MCKIM KIM|01:447:380:02|4.16|4.10|3.99|4.17|3.93|3.81|3.94|3.78|3.89|3.90
SOFER WILLIAM|01:447:380:03|4.16|4.10|3.99|4.17|3.93|3.81|3.94|3.78|3.89|3.90
SOFER WILLIAM|01:447:380:04|4.16|4.10|3.99|4.17|3.93|3.81|3.94|3.78|3.89|3.90|5.00
MCKIM KIM|01:447:380:04|4.16|4.10|3.99|4.17|3.93|3.81|3.94|3.78|3.89|3.90
MCKIM KIM|01:447:380:12|4.16|4.10|3.99|4.17|3.93|3.81|3.94|3.78|3.89|3.90
SOFER BILL|01:447:380:13|4.16|4.10|3.99|4.17|3.93|3.81|3.94|3.78|3.89|3.90
SCHWARZ KIRSTEN|01:447:382:01|4.83|4.75|4.47|4.82|4.79|4.43|4.15|3.97|4.64|4.17|3.57|4.21|4.32
SCHWARZ KIRSTEN|01:447:382:02|4.83|4.75|4.47|4.82|4.79|4.43|4.15|3.97|4.64|4.17|3.57|4.21|4.32
SCHWARZ KIRT EN|01:447:382:07|4.83|4.75|4.47|4.82|4.79|4.43|4.15|3.97|4.64|4.17|3.57|4.21|4.32
MCGUIRE TERRY|01:447:384:01|4.53|4.34|4.45|4.54|4.53|4.41|4.67|4.54|4.45|4.52
BALMAN NICK|01:447:390:01|4.74|4.74|4.54|4.82|4.57|4.58|4.59|3.99|4.76|4.31
BALMAN NICK|01:447:390:02|4.74|4.74|4.54|4.82|4.57|4.58|4.59|3.99|4.76|4.31|5.00
MATISE TARA|01:447:403:00|4.53|4.45|4.03|4.35|4.15|3.77|3.26|3.52|4.26|3.77
RONGO CHRISTOPHE|01:447:403:01|4.53|4.45|4.03|4.35|4.15|3.77|3.26|3.52|4.26|3.77
SIMON LEE|01:447:403:02|4.53|4.45|4.03|4.35|4.15|3.77|3.26|3.52|4.26|3.77
GROFF CHIHUA|01:447:420:01|4.42|4.30|4.75|4.60|4.21|4.15|4.65|4.55|4.30|4.40
SINHA NAVIN|01:447:480:00|4.31|4.07|3.86|4.41|4.03|3.55|3.97|3.69|3.96|3.71
