COSTANZO SAMANTHA|01:560:101:01|4.84|4.82|4.81|4.88|4.88|4.69|4.69|4.27|4.80|4.68
DEBEVOISE DAVID|01:560:101:02|4.84|4.82|4.81|4.88|4.88|4.69|4.69|4.27|4.80|4.68|4.75|5.00
COSTANZO SAMANTHA|01:560:101:04|4.84|4.82|4.81|4.88|4.88|4.69|4.69|4.27|4.80|4.68
ILENIA PITTI|01:560:101:07|4.84|4.82|4.81|4.88|4.88|4.69|4.69|4.27|4.80|4.68|4.75|5.00
METALLO CLAUDINE|01:560:101:21|4.84|4.82|4.81|4.88|4.88|4.69|4.69|4.27|4.80|4.68
DAGOSTINO PAUL|01:560:101:22|4.84|4.82|4.81|4.88|4.88|4.69|4.69|4.27|4.80|4.68
PERRONE ROMINA|01:560:101:23|4.84|4.82|4.81|4.88|4.88|4.69|4.69|4.27|4.80|4.68|4.75
DEBEVOISE DAVID|01:560:102:01|4.74|4.76|4.80|4.82|4.86|4.63|4.52|4.43|4.70|4.57
RUSNAK MATTHEW|01:560:102:21|4.74|4.76|4.80|4.82|4.86|4.63|4.52|4.43|4.70|4.57
LUCCI KIMBERLY|01:560:121:02|4.50|4.63|4.46|4.61|4.78|4.58|4.50|4.48|4.39|4.39
MANISCALCO STELLA|01:560:131:01|4.73|4.57|4.72|4.63|4.50|4.45|4.47|4.72|4.46|4.38
MARSH DAVID|01:560:231:01|4.78|4.89|4.94|4.89|4.74|4.69|4.71|4.44|4.75|4.77
MANISCALCO STELLA|01:560:250:02|4.69|4.80|4.70|4.77|4.63|4.74|4.72|4.80|4.67|4.67
ARDISSINO ERMINIA|01:560:305:01|4.65|4.83|4.43|4.87|4.82|4.19|4.13|4.68|4.27|4.14
BALDI ANDREA|01:560:305:02|4.65|4.83|4.43|4.87|4.82|4.19|4.13|4.68|4.27|4.14
BALENA OTTAVIO|01:560:306:01|4.55|4.80|4.60|4.80|4.70|4.50|4.60|4.60|4.30|4.30|5.00|5.00|5.00|5.00|5.00
COVINO PETER|01:560:340:01|3.80|3.90|4.33|4.30|4.20|4.30|4.30|4.33|4.20|4.30
VETTORI ALESSANDRO|01:560:341:01|4.95|4.95|4.95|4.89|4.84|4.68|4.74|4.32|4.84|4.84
DAGOSTINO PAUL|01:560:345:01|4.37|4.14|4.21|4.36|4.33|4.00|4.09|4.00|4.29|4.26|5.00|5.00|5.00|5.00|5.00|5.00|5.00|5.00|5.00
