PAPALI GILBERT|01:640:001:03|4.59|4.43|4.23|4.50|4.48|4.14|3.43|2.00|4.25|4.00|3.50|5.00|5.00|5.00|5.00|5.00|5.00|5.00|5.00
MUKHERJEE ARUN|01:640:024:01|4.50|4.13|3.75|4.13|4.75|4.00|4.13|3.29|4.13|3.88|5.00|5.00|5.00|5.00|5.00|5.00|5.00|5.00|5.00
PAPALI GILBERT|01:640:025:03|4.60|4.44|4.18|4.41|4.62|4.10|4.15|2.53|4.34|4.09|5.00|5.00|5.00|5.00|5.00|5.00|5.00|5.00
JONES MARGARET|01:640:025:04|4.60|4.44|4.18|4.41|4.62|4.10|4.15|2.53|4.34|4.09
PAPALI GILBERT|01:640:025:05|4.60|4.44|4.18|4.41|4.62|4.10|4.15|2.53|4.34|4.09|5.00|5.00|5.00|5.00|5.00|5.00|5.00|5.00|5.00
EVANS JUDITH|01:640:025:07|4.60|4.44|4.18|4.41|4.62|4.10|4.15|2.53|4.34|4.09
MCNAMARA ANNEMARIE|01:640:025:14|4.60|4.44|4.18|4.41|4.62|4.10|4.15|2.53|4.34|4.09
REITMANN JOHN|01:640:025:16|4.60|4.44|4.18|4.41|4.62|4.10|4.15|2.53|4.34|4.09|5.00|5.00|5.00|5.00|5.00
KINKHABWALA RITA|01:640:026:01|4.55|4.32|4.04|4.28|4.31|3.92|3.87|2.37|4.15|3.79
HOROWITZ DIANA|01:640:026:02|4.55|4.32|4.04|4.28|4.31|3.92|3.87|2.37|4.15|3.79
HOROWITZ DIANA|01:640:026:04|4.55|4.32|4.04|4.28|4.31|3.92|3.87|2.37|4.15|3.79
PARKS JOHN|01:640:026:05|4.55|4.32|4.04|4.28|4.31|3.92|3.87|2.37|4.15|3.79
YACHES EDGAR|01:640:026:06|4.55|4.32|4.04|4.28|4.31|3.92|3.87|2.37|4.15|3.79
KOTHARI MANGALA|01:640:026:08|4.55|4.32|4.04|4.28|4.31|3.92|3.87|2.37|4.15|3.79
ABOELNAGA EMAN|01:640:026:09|4.55|4.32|4.04|4.28|4.31|3.92|3.87|2.37|4.15|3.79
ABOELNAGA EMAN|01:640:026:10|4.55|4.32|4.04|4.28|4.31|3.92|3.87|2.37|4.15|3.79
HIRSCH LEWIS|01:640:026:11|4.55|4.32|4.04|4.28|4.31|3.92|3.87|2.37|4.15|3.79
KLEIN RICHARD|01:640:026:12|4.55|4.32|4.04|4.28|4.31|3.92|3.87|2.37|4.15|3.79
ARSZULOWICZ STANLEY|01:640:026:16|4.55|4.32|4.04|4.28|4.31|3.92|3.87|2.37|4.15|3.79
LINDBOE THERESA|01:640:026:17|4.55|4.32|4.04|4.28|4.31|3.92|3.87|2.37|4.15|3.79
HOROWITZ DIANA|01:640:026:18|4.55|4.32|4.04|4.28|4.31|3.92|3.87|2.37|4.15|3.79
WILLIAMS DAVID|01:640:026:19|4.55|4.32|4.04|4.28|4.31|3.92|3.87|2.37|4.15|3.79
OROURKE JEANNETTE|01:640:026:22|4.55|4.32|4.04|4.28|4.31|3.92|3.87|2.37|4.15|3.79|5.00|5.00|5.00|5.00|5.00|5.00|5.00|5.00|5.00
FISHER RANDOLPH|01:640:026:23|4.55|4.32|4.04|4.28|4.31|3.92|3.87|2.37|4.15|3.79|5.00
BHANDARI VINOD|01:640:026:31|4.55|4.32|4.04|4.28|4.31|3.92|3.87|2.37|4.15|3.79
HIRSCH JENNA|01:640:027:01|4.46|4.21|4.07|4.32|4.38|3.94|4.00|2.36|4.14|3.86
HIRSCH JENNA|01:640:027:02|4.46|4.21|4.07|4.32|4.38|3.94|4.00|2.36|4.14|3.86|5.00
JONES MARGARET|01:640:027:04|4.46|4.21|4.07|4.32|4.38|3.94|4.00|2.36|4.14|3.86
JONES MARGARET|01:640:027:05|4.46|4.21|4.07|4.32|4.38|3.94|4.00|2.36|4.14|3.86
COLLINS ELIOT|01:640:027:07|4.46|4.21|4.07|4.32|4.38|3.94|4.00|2.36|4.14|3.86
URBANSKI ROBERT|01:640:103:01|4.35|4.08|3.86|4.28|4.24|3.90|3.64|2.44|4.05|3.73
SANDERSON YASMINE|01:640:103:02|4.35|4.08|3.86|4.28|4.24|3.90|3.64|2.44|4.05|3.73
BERKOWITZ JERRY|01:640:103:03|4.35|4.08|3.86|4.28|4.24|3.90|3.64|2.44|4.05|3.73
SANDERSON YASMINE|01:640:103:04|4.35|4.08|3.86|4.28|4.24|3.90|3.64|2.44|4.05|3.73
BERKOWITZ JERRY|01:640:103:05|4.35|4.08|3.86|4.28|4.24|3.90|3.64|2.44|4.05|3.73|5.00|5.00|5.00|5.00
LIU YI|01:640:103:07|4.35|4.08|3.86|4.28|4.24|3.90|3.64|2.44|4.05|3.73
DARE JAMES|01:640:103:08|4.35|4.08|3.86|4.28|4.24|3.90|3.64|2.44|4.05|3.73
BERKOWITZ JERRY|01:640:103:10|4.35|4.08|3.86|4.28|4.24|3.90|3.64|2.44|4.05|3.73
POPEL GEORGE|01:640:103:13|4.35|4.08|3.86|4.28|4.24|3.90|3.64|2.44|4.05|3.73
MARVIN MARY|01:640:104:01|4.78|4.66|3.97|4.81|4.68|4.41|3.97|2.10|4.56|4.09
PETERSON S|01:640:111:00|4.28|4.12|3.88|4.23|4.12|3.83|3.78|2.84|4.01|3.73|4.33|5.00|5.00|5.00|5.00|5.00|5.00|5.00|5.00
JONES MARGARET|01:640:111:00|4.28|4.12|3.88|4.23|4.12|3.83|3.78|2.84|4.01|3.73
BRUNK TIFFANY|01:640:111:00|4.28|4.12|3.88|4.23|4.12|3.83|3.78|2.84|4.01|3.73
HOROWITZ DIANA|01:640:111:00|4.28|4.12|3.88|4.23|4.12|3.83|3.78|2.84|4.01|3.73|4.33
MARVIN BERTRAN|01:640:111:06|4.28|4.12|3.88|4.23|4.12|3.83|3.78|2.84|4.01|3.73
MARVIN BERTRAN|01:640:111:07|4.28|4.12|3.88|4.23|4.12|3.83|3.78|2.84|4.01|3.73
MARVIN BERTRAN|01:640:111:10|4.28|4.12|3.88|4.23|4.12|3.83|3.78|2.84|4.01|3.73
SHARMA VARUN|01:640:111:12|4.28|4.12|3.88|4.23|4.12|3.83|3.78|2.84|4.01|3.73
SHARMA VARUN|01:640:111:13|4.28|4.12|3.88|4.23|4.12|3.83|3.78|2.84|4.01|3.73
SHARMA VARUN|01:640:111:14|4.28|4.12|3.88|4.23|4.12|3.83|3.78|2.84|4.01|3.73|4.33
SCHEIMAN DAVE|01:640:112:00|4.01|3.88|3.63|3.97|4.00|3.48|3.52|2.73|3.71|3.44
PARKS JOHN|01:640:112:00|4.01|3.88|3.63|3.97|4.00|3.48|3.52|2.73|3.71|3.44|3.86|3.40|2.67|2.67|2.67|3.33|2.50
ABOELNAGA EMAN|01:640:112:00|4.01|3.88|3.63|3.97|4.00|3.48|3.52|2.73|3.71|3.44|3.86|3.40
KLEIN RICHARD|01:640:112:00|4.01|3.88|3.63|3.97|4.00|3.48|3.52|2.73|3.71|3.44
ABOELNAGA EMAN|01:640:112:00|4.01|3.88|3.63|3.97|4.00|3.48|3.52|2.73|3.71|3.44
KOTHARI MANGALA|01:640:112:05|4.01|3.88|3.63|3.97|4.00|3.48|3.52|2.73|3.71|3.44
KOTHARI MANGALA|01:640:112:06|4.01|3.88|3.63|3.97|4.00|3.48|3.52|2.73|3.71|3.44|3.86
KOTHARI MANGALA|01:640:112:07|4.01|3.88|3.63|3.97|4.00|3.48|3.52|2.73|3.71|3.44|3.86|3.40|2.67|2.67|2.67|3.33
THRELFALL SHAWN|01:640:112:08|4.01|3.88|3.63|3.97|4.00|3.48|3.52|2.73|3.71|3.44
KOTHARI MANGALA|01:640:112:11|4.01|3.88|3.63|3.97|4.00|3.48|3.52|2.73|3.71|3.44
KOTHARI MANGALA|01:640:112:12|4.01|3.88|3.63|3.97|4.00|3.48|3.52|2.73|3.71|3.44
KOTHARI MANGALA|01:640:112:13|4.01|3.88|3.63|3.97|4.00|3.48|3.52|2.73|3.71|3.44
GEORGE PRADEEP|01:640:112:14|4.01|3.88|3.63|3.97|4.00|3.48|3.52|2.73|3.71|3.44
GEORGE PRADEEP|01:640:112:15|4.01|3.88|3.63|3.97|4.00|3.48|3.52|2.73|3.71|3.44
GEORGE PRADEEP|01:640:112:16|4.01|3.88|3.63|3.97|4.00|3.48|3.52|2.73|3.71|3.44
GEORGE PRADEEP|01:640:112:17|4.01|3.88|3.63|3.97|4.00|3.48|3.52|2.73|3.71|3.44|3.86|3.40|2.67|2.67|2.67|3.33|2.50|5.00|4.00
MCGOWAN WILLIAM|01:640:112:20|4.01|3.88|3.63|3.97|4.00|3.48|3.52|2.73|3.71|3.44|3.86|3.40
AGRAWAL SHISHIR|01:640:112:21|4.01|3.88|3.63|3.97|4.00|3.48|3.52|2.73|3.71|3.44
FORESTA SAUL|01:640:112:22|4.01|3.88|3.63|3.97|4.00|3.48|3.52|2.73|3.71|3.44
KINKHABWALA RITA|01:640:115:00|4.39|4.22|3.95|4.25|4.17|3.95|3.93|2.81|4.19|3.80
HIRSCH LEW|01:640:115:00|4.39|4.22|3.95|4.25|4.17|3.95|3.93|2.81|4.19|3.80|3.33|3.00|3.00|3.00|3.00
URBANSKI ROBERT|01:640:115:00|4.39|4.22|3.95|4.25|4.17|3.95|3.93|2.81|4.19|3.80
BRAVERMAN HARVEY|01:640:115:00|4.39|4.22|3.95|4.25|4.17|3.95|3.93|2.81|4.19|3.80
LIPPER EDWARD|01:640:115:00|4.39|4.22|3.95|4.25|4.17|3.95|3.93|2.81|4.19|3.80
AGRAWAL SHISHIR|01:640:115:01|4.39|4.22|3.95|4.25|4.17|3.95|3.93|2.81|4.19|3.80
AGRAWAL SHISHIR|01:640:115:02|4.39|4.22|3.95|4.25|4.17|3.95|3.93|2.81|4.19|3.80
AGRAWAL SHISHIR|01:640:115:03|4.39|4.22|3.95|4.25|4.17|3.95|3.93|2.81|4.19|3.80|3.33|3.00|3.00|3.00|3.00|3.00|3.00|3.00
HUHN RICHARD|01:640:115:05|4.39|4.22|3.95|4.25|4.17|3.95|3.93|2.81|4.19|3.80
KOTHARI MANGALA|01:640:115:09|4.39|4.22|3.95|4.25|4.17|3.95|3.93|2.81|4.19|3.80
KOTHARI MANGALA|01:640:115:10|4.39|4.22|3.95|4.25|4.17|3.95|3.93|2.81|4.19|3.80
KOTHARI MANGALA|01:640:115:11|4.39|4.22|3.95|4.25|4.17|3.95|3.93|2.81|4.19|3.80
SOLANKI ABHIJIT|01:640:115:12|4.39|4.22|3.95|4.25|4.17|3.95|3.93|2.81|4.19|3.80
SOLANKI ABHIJIT|01:640:115:13|4.39|4.22|3.95|4.25|4.17|3.95|3.93|2.81|4.19|3.80
SOLANKI ABMIJIT|01:640:115:14|4.39|4.22|3.95|4.25|4.17|3.95|3.93|2.81|4.19|3.80
SOLANKI ABHIJIT|01:640:115:15|4.39|4.22|3.95|4.25|4.17|3.95|3.93|2.81|4.19|3.80
KABUS IRWIN|01:640:135:00|4.27|4.11|3.84|4.26|4.16|3.79|3.74|2.96|4.00|3.62|4.33
KABUS IRWIN|01:640:135:00|4.27|4.11|3.84|4.26|4.16|3.79|3.74|2.96|4.00|3.62
BRAVERMAN HARVEY|01:640:135:00|4.27|4.11|3.84|4.26|4.16|3.79|3.74|2.96|4.00|3.62|4.33
LIN YI|01:640:135:00|4.27|4.11|3.84|4.26|4.16|3.79|3.74|2.96|4.00|3.62
LIU YI|01:640:135:00|4.27|4.11|3.84|4.26|4.16|3.79|3.74|2.96|4.00|3.62
YONG XUERONG|01:640:135:00|4.27|4.11|3.84|4.26|4.16|3.79|3.74|2.96|4.00|3.62
LIPPER EDWARD|01:640:135:00|4.27|4.11|3.84|4.26|4.16|3.79|3.74|2.96|4.00|3.62|4.33|4.44|4.22|4.00|4.38|3.60
BERKOWITZ JERRY|01:640:135:00|4.27|4.11|3.84|4.26|4.16|3.79|3.74|2.96|4.00|3.62|4.33|4.44|4.22|4.00|4.38
GOLDMAN LAWRENCE|01:640:135:33|4.27|4.11|3.84|4.26|4.16|3.79|3.74|2.96|4.00|3.62|4.33
BUHL GEOFFREY|01:640:136:00|4.64|4.66|4.34|4.69|4.47|4.35|4.26|3.66|4.67|4.25
RAINSFORD AUGUSTA|01:640:138:00|4.02|4.27|3.65|4.26|3.95|3.63|3.70|3.01|4.04|3.76
RAINSFORD AUGUSTA|01:640:138:00|4.02|4.27|3.65|4.26|3.95|3.63|3.70|3.01|4.04|3.76|5.00|5.00|3.50|5.00
LEPOWSKY JAMES|01:640:151:00|4.21|4.24|3.86|4.39|4.06|3.85|3.84|3.50|3.97|3.80|3.80|3.80|4.00|4.00|5.00|5.00|5.00|5.00|5.00
IRVINE WILLIAM|01:640:151:00|4.21|4.24|3.86|4.39|4.06|3.85|3.84|3.50|3.97|3.80
HUANG YIZWI|01:640:151:00|4.21|4.24|3.86|4.39|4.06|3.85|3.84|3.50|3.97|3.80
TAHVILDARZADEH ABDOLREZA|01:640:152:00|4.55|4.43|4.16|4.49|4.18|4.15|4.20|3.65|4.35|4.06
DARE JAMES|01:640:152:00|4.55|4.43|4.16|4.49|4.18|4.15|4.20|3.65|4.35|4.06
IRVINE WILLIAM|01:640:152:00|4.55|4.43|4.16|4.49|4.18|4.15|4.20|3.65|4.35|4.06
TAHVILDARZADEH ABDOLREZA|01:640:152:00|4.55|4.43|4.16|4.49|4.18|4.15|4.20|3.65|4.35|4.06
COHENCORWIN AMY|01:640:152:00|4.55|4.43|4.16|4.49|4.18|4.15|4.20|3.65|4.35|4.06
BYSTRIK ANNA|01:640:152:00|4.55|4.43|4.16|4.49|4.18|4.15|4.20|3.65|4.35|4.06
BYSTRIK ANNA|01:640:152:00|4.55|4.43|4.16|4.49|4.18|4.15|4.20|3.65|4.35|4.06|4.80
WANG LIMING|01:640:152:34|4.55|4.43|4.16|4.49|4.18|4.15|4.20|3.65|4.35|4.06|4.80|4.20|4.20
CARRINGTON ENRIQUETA|01:640:152:71|4.55|4.43|4.16|4.49|4.18|4.15|4.20|3.65|4.35|4.06
IRVINE WILLIAM|01:640:152:71|4.55|4.43|4.16|4.49|4.18|4.15|4.20|3.65|4.35|4.06
SERCONEK SHIRLEI|01:640:244:00|4.61|4.48|4.21|4.57|4.43|4.21|4.29|3.75|4.44|4.19
BYSTRIK ANNA|01:640:244:00|4.61|4.48|4.21|4.57|4.43|4.21|4.29|3.75|4.44|4.19
RADOICIC RADOS|01:640:244:00|4.61|4.48|4.21|4.57|4.43|4.21|4.29|3.75|4.44|4.19
DUTKAY DORINERVIN|01:640:244:00|4.61|4.48|4.21|4.57|4.43|4.21|4.29|3.75|4.44|4.19|4.20|5.00|5.00|5.00
BYSTRIK ANNA|01:640:244:00|4.61|4.48|4.21|4.57|4.43|4.21|4.29|3.75|4.44|4.19
NUNZIANTE DIANA|01:640:244:22|4.61|4.48|4.21|4.57|4.43|4.21|4.29|3.75|4.44|4.19
NUNZIANTE DIANA|01:640:244:23|4.61|4.48|4.21|4.57|4.43|4.21|4.29|3.75|4.44|4.19
MARKOV YAVOR|01:640:250:01|4.42|4.22|3.61|4.26|4.11|3.65|3.88|3.37|3.96|3.79|4.00|4.00|4.00|4.00|4.00|5.00|5.00|5.00|5.00
SERCONEK SHIRLEI|01:640:250:02|4.42|4.22|3.61|4.26|4.11|3.65|3.88|3.37|3.96|3.79
PETRIE TED|01:640:250:05|4.42|4.22|3.61|4.26|4.11|3.65|3.88|3.37|3.96|3.79
RADOICIC RADOS|01:640:250:07|4.42|4.22|3.61|4.26|4.11|3.65|3.88|3.37|3.96|3.79
MARKOV YAVOR|01:640:250:11|4.42|4.22|3.61|4.26|4.11|3.65|3.88|3.37|3.96|3.79
LEVITT NORMAN|01:640:250:18|4.42|4.22|3.61|4.26|4.11|3.65|3.88|3.37|3.96|3.79
LANDWEBER PETER|01:640:250:23|4.42|4.22|3.61|4.26|4.11|3.65|3.88|3.37|3.96|3.79
LEPOWSKY JAMES|01:640:251:00|4.54|4.42|4.08|4.54|4.24|4.03|4.14|3.59|4.29|3.94|5.00
SHTELEN VLADIMIR|01:640:251:00|4.54|4.42|4.08|4.54|4.24|4.03|4.14|3.59|4.29|3.94
SHTELEN VLADIMIR|01:640:251:00|4.54|4.42|4.08|4.54|4.24|4.03|4.14|3.59|4.29|3.94
WHEEDEN RICHARD|01:640:251:71|4.54|4.42|4.08|4.54|4.24|4.03|4.14|3.59|4.29|3.94
SHTELEN VLADIMIR|01:640:252:01|4.62|4.23|4.16|4.44|4.45|4.18|4.30|3.92|4.41|4.20
KLESSLING MICHAEL|01:640:252:02|4.62|4.23|4.16|4.44|4.45|4.18|4.30|3.92|4.41|4.20
MARKOV YAVOR|01:640:252:05|4.62|4.23|4.16|4.44|4.45|4.18|4.30|3.92|4.41|4.20|5.00
BALABAN TADEUSZ|01:640:252:08|4.62|4.23|4.16|4.44|4.45|4.18|4.30|3.92|4.41|4.20|5.00|4.00|4.50|4.00|4.00|5.00|5.00
HUANG XIAOJUN|01:640:291:01|4.44|4.39|4.11|4.67|4.56|4.33|4.78|4.44|4.33|4.83
FERRY STEVEN|01:640:292:01|4.53|4.84|4.32|4.47|4.89|4.37|4.42|4.16|4.63|4.53
RETAKH VLADIMIR|01:640:300:01|4.50|4.30|4.25|4.43|4.12|4.14|4.12|3.65|4.24|4.03
CARBONE LISA|01:640:300:02|4.50|4.30|4.25|4.43|4.12|4.14|4.12|3.65|4.24|4.03|1.00
SIMS CHARLES|01:640:300:04|4.50|4.30|4.25|4.43|4.12|4.14|4.12|3.65|4.24|4.03
SCHEFFER VLADIMIR|01:640:300:06|4.50|4.30|4.25|4.43|4.12|4.14|4.12|3.65|4.24|4.03
CARBONE LISA|01:640:300:08|4.50|4.30|4.25|4.43|4.12|4.14|4.12|3.65|4.24|4.03
SAKS MICHAEL|01:640:300:09|4.50|4.30|4.25|4.43|4.12|4.14|4.12|3.65|4.24|4.03
SAKS MICHAEL|01:640:300:71|4.50|4.30|4.25|4.43|4.12|4.14|4.12|3.65|4.24|4.03
COHEN AMY|01:640:311:01|4.68|4.30|4.07|4.32|4.27|4.05|4.02|3.55|4.20|4.00
SCHLEIMER SAUL|01:640:311:03|4.68|4.30|4.07|4.32|4.27|4.05|4.02|3.55|4.20|4.00
ALCOCK LARA|01:640:311:05|4.68|4.30|4.07|4.32|4.27|4.05|4.02|3.55|4.20|4.00
TUNNELL JERROLD|01:640:348:01|4.73|4.60|4.53|4.73|4.13|4.40|4.60|4.47|4.79|4.43
SAHI SIDDHARTHA|01:640:350:01|4.50|3.95|3.85|3.90|3.75|3.60|3.85|4.00|3.75|3.95
RETAKH VLADIMIR|01:640:351:02|4.64|4.50|4.36|4.68|4.59|4.32|4.14|3.50|4.65|4.25
WILSON ROBERT|01:640:354:03|4.20|4.09|3.89|4.41|4.27|3.72|3.86|3.65|3.92|3.89
GURVICH VLADIMIR|01:640:354:04|4.20|4.09|3.89|4.41|4.27|3.72|3.86|3.65|3.92|3.89
GOODMAN ROE|01:640:357:01|4.53|4.60|4.73|4.87|4.80|4.53|4.40|3.87|4.60|4.40
VOGELIUS MICHAEL|01:640:373:01|4.50|4.27|3.95|4.09|3.71|3.86|4.00|3.59|4.27|4.18
SILLS ANDREW|01:640:403:01|3.84|4.63|4.21|4.84|4.74|4.11|4.00|3.63|4.11|3.67
DUTKAY DORINERVIN|01:640:412:01|4.20|3.90|3.20|4.40|4.40|3.78|3.80|3.22|3.50|3.67
HAN ZHENGCHAO|01:640:421:01|4.53|4.50|4.06|4.47|4.45|4.27|4.39|3.41|4.47|4.28|5.00|5.00
SOFFER AVY|01:640:421:03|4.53|4.50|4.06|4.47|4.45|4.27|4.39|3.41|4.47|4.28
BUTLER TERENCE|01:640:421:05|4.53|4.50|4.06|4.47|4.45|4.27|4.39|3.41|4.47|4.28
VOGELIUS MICHAEL|01:640:423:01|4.54|4.08|4.00|4.46|3.85|3.77|3.92|3.62|4.00|3.54
CHANILLO SAGUN|01:640:432:01|5.00|4.67|4.67|4.67|4.33|4.33|4.67|4.33|4.33|4.33
RAMAN MANYA|01:640:436:01|3.81|4.00|4.19|4.27|4.25|3.52|3.59|3.76|3.69|3.58
THOMAS SIMON|01:640:461:01|4.89|4.67|4.28|4.67|4.44|4.00|4.44|4.33|4.39|4.28
BECK JOZSEF|01:640:477:03|3.80|4.31|4.42|4.19|4.31|3.81|3.85|4.04|3.92|3.81
BECK JOZSEF|01:640:478:01|4.15|4.21|4.50|4.46|4.14|4.14|4.14|4.07|4.29|4.21
BALABAN TADEUSZ|01:640:481:01|5.00|4.69|4.08|4.77|4.77|4.00|4.00|3.50|4.33|4.08
ALCOCK LARA|01:640:495:91|5.00|5.00|5.00|5.00|4.50|5.00|5.00|5.00|5.00|4.75
