MASCIALEES FRANCES|01:070:101:00|3.74|3.99|3.93|4.09|4.06|3.54|3.74|3.28|3.67|3.55
FEIBEL CRAIG|01:070:102:00|4.21|3.89|3.71|4.13|4.09|3.60|3.65|3.34|3.86|3.64|4.00
ZAATIRE DAARINE|01:070:102:09|4.21|3.89|3.71|4.13|4.09|3.60|3.65|3.34|3.86|3.64
JORDAN ELIZABETH|01:070:105:01|4.62|4.65|4.53|4.71|4.63|4.32|4.47|4.05|4.38|4.38|5.00
JORDAN ELIZABETH|01:070:105:02|4.62|4.65|4.53|4.71|4.63|4.32|4.47|4.05|4.38|4.38
AHEARN LAURA|01:070:108:00|4.51|4.40|4.28|4.69|4.64|4.18|4.13|3.77|4.36|4.30|4.00
STEENHUYSE ALEXANDER|01:070:207:01|4.60|4.67|4.80|4.80|4.33|4.60|4.50|4.80|4.60|4.40
PALOMBIT RYNE|01:070:212:01|4.75|4.71|4.88|4.61|3.36|4.50|4.50|3.87|4.45|4.18
TIGER LIONEL|01:070:216:01|4.22|4.41|4.33|4.24|4.26|3.95|4.00|3.90|4.32|4.20
SCHEIN LOUISA|01:070:222:01|4.22|3.74|3.81|3.69|3.59|3.38|4.22|4.11|3.68|3.61
CRONK LEE|01:070:291:01|4.68|4.70|4.52|4.77|4.92|4.71|4.61|3.86|4.83|4.68
CRONK LEE|01:070:292:01|4.87|4.83|4.71|4.88|4.88|4.75|4.63|3.75|4.87|4.70
TIGER LIONEL|01:070:293:01|4.29|4.14|4.50|4.13|4.13|3.71|4.14|3.57|4.14|4.14
TIGER LIONEL|01:070:294:01|4.52|4.50|4.71|4.43|4.50|4.32|4.57|4.24|4.38|4.29
GUARNACCIA PETER|01:070:307:01|4.92|4.92|4.83|4.92|4.83|4.25|4.58|4.25|4.42|4.50
ZIMMER BENJAMIN|01:070:308:01|4.00|4.17|3.72|4.11|3.63|3.44|3.39|3.24|3.47|3.24
MORREN GEORGE|01:070:309:01|4.67|4.53|4.14|4.57|4.57|4.13|4.40|4.60|4.40|4.14
ZIMMER BENJAMIN|01:070:318:01|5.00|5.00|4.70|4.91|4.22|4.78|4.73|4.50|4.22|4.44
KIBUNJIA MZALENDO|01:070:326:01|4.26|3.79|3.74|4.18|4.09|3.56|3.71|4.12|3.79|3.65
CACHEL SUSAN|01:070:350:01|3.85|4.38|4.00|4.57|4.81|4.14|4.10|4.10|4.06|4.11
CACHEL SUSAN|01:070:356:01|4.05|4.00|3.95|4.45|4.45|3.86|4.14|4.00|3.85|3.85
SHAPIRO WARREN|01:070:360:01|3.33|3.47|3.60|3.67|3.73|2.87|3.20|3.67|3.40|3.47|3.00|3.00|3.00|3.00|3.00|3.00|3.00|3.00|3.00
ROSE LISA|01:070:364:01|5.00|5.00|4.64|4.90|4.55|4.60|4.45|4.50|4.45|4.27
HODGSON DOROTHY|01:070:374:01|5.00|5.00|4.90|5.00|5.00|4.90|5.00|4.00|5.00|5.00
ETZ REBECCA|01:070:378:01|4.33|4.56|4.61|4.78|4.67|3.89|3.68|3.15|4.32|4.11
ETZ REBECCA|01:070:380:01|4.54|4.92|4.85|5.00|4.77|4.54|4.69|4.08|4.62|4.38
BLUMENSCHINE ROBERT|01:070:392:01|4.79|4.57|4.71|4.71|4.71|4.57|4.64|4.29|4.64|4.69
DILLIAN CAROLYN|01:070:393:01|4.88|4.88|4.73|4.80|4.53|4.73|4.81|4.40|4.67|4.69
SHAPIRO WARREN|01:070:401:01|4.00|4.44|4.00|4.56|4.50|4.11|4.00|3.80|4.40|4.10
ROSE LISA|01:070:402:01|5.00|5.00|4.60|4.90|4.75|4.40|4.50|3.40|4.67|4.33
