BRONNER STEPHEN|01:790:101:00|4.46|4.52|4.47|4.51|4.29|4.30|4.36|4.08|4.44|4.30|5.00
LICKLIDER ROY|01:790:102:00|4.41|4.32|4.03|4.27|3.85|3.85|3.84|3.92|4.13|3.89|3.14|3.00
ROSSI MICHAEL|01:790:102:08|4.41|4.32|4.03|4.27|3.85|3.85|3.84|3.92|4.13|3.89|3.14
BAKER ROSS|01:790:201:00|4.54|4.50|4.26|4.50|4.24|4.02|4.04|3.65|4.32|4.05
VOORHEES MATTHEW|01:790:201:13|4.54|4.50|4.26|4.50|4.24|4.02|4.04|3.65|4.32|4.05
AKOPIAN MARAT|01:790:210:00|4.30|4.09|3.79|4.18|3.94|3.76|4.10|3.63|3.96|3.93
VOORHEES MATTHEW|01:790:247:00|4.62|4.62|4.36|4.61|4.16|4.23|4.37|4.03|4.48|4.30
AMBAR SALADIN|01:790:302:01|4.79|4.72|4.59|4.77|4.62|4.46|4.49|4.26|4.73|4.62
BAKER ROSS|01:790:304:01|4.55|4.43|4.43|4.47|3.24|4.18|4.32|4.23|4.41|4.21|5.00
JUNG EUICHUL|01:790:305:01|3.85|3.90|3.62|4.23|4.21|3.57|3.46|3.29|3.60|3.57|3.00
BARON ANDREW|01:790:308:01|4.45|4.76|4.58|4.69|4.69|4.49|4.47|4.26|4.56|4.53|5.00|5.00|5.00|5.00|5.00|5.00|5.00|5.00|5.00
MACNIVEN STUART|01:790:315:01|4.00|3.96|3.78|3.98|4.02|3.41|3.63|3.38|3.78|3.55
ROSSI MICHAEL|01:790:317:01|4.97|4.93|4.96|5.00|4.66|4.86|4.83|4.27|4.93|4.97
MISLAN DAVID|01:790:319:01|4.41|4.64|4.51|4.67|4.33|4.24|4.33|4.16|4.41|4.37
RITTER JEFFREY|01:790:322:01|4.82|4.66|4.57|4.68|4.73|4.50|4.53|3.92|4.61|4.50
GARCIACOLON ISMAEL|01:790:328:01|4.52|4.43|4.50|4.35|4.10|4.15|4.43|3.90|4.45|4.35
STAPLES MEREDITH|01:790:330:01|4.15|4.19|3.70|4.35|3.70|3.85|3.96|3.69|3.68|3.81|5.00
WALSH DEBBIE|01:790:335:01|4.80|4.50|4.70|4.40|3.95|4.40|4.35|4.35|4.50|4.55|2.94
MANDEL RUTH|01:790:335:01|4.80|4.50|4.70|4.40|3.95|4.40|4.35|4.35|4.50|4.55|2.94
KNOWLTON DAVID|01:790:338:01|3.82|4.01|4.27|3.94|3.08|3.51|3.69|3.76|3.65|3.63|2.00|2.00|2.00|3.00|4.00|4.00
MILLETT JEREMY|01:790:340:01|4.33|4.15|3.58|4.29|4.16|3.63|3.58|3.91|3.81|3.70
RAJOPPI JOANNE|01:790:342:01|4.26|4.13|4.11|4.13|3.91|3.87|3.91|3.65|4.02|3.91|5.00|5.00|5.00
REISNER RONALD|01:790:344:01|4.07|4.11|4.02|4.19|4.29|3.80|3.85|3.88|3.95|3.93|4.00
LEECH BETH|01:790:345:01|4.46|4.59|4.13|4.47|4.28|3.95|3.92|3.61|4.36|3.97
SHAFER MICHAEL|01:790:349:01|4.32|4.35|4.50|4.34|3.99|4.14|4.42|4.34|4.23|4.37|5.00|5.00|5.00|5.00|5.00
DORIA JOSEPH|01:790:349:02|4.32|4.35|4.50|4.34|3.99|4.14|4.42|4.34|4.23|4.37
SHAH SHIVALI|01:790:355:01|3.79|3.71|3.93|3.69|4.29|3.85|4.00|4.62|3.69|3.69|4.00|4.00|4.00|4.00|4.00|4.00|4.00|4.00|4.00
KAUFMAN ROBERT|01:790:357:01|4.73|4.64|4.37|4.64|4.61|4.19|4.36|3.70|4.60|4.54|5.00|5.00|5.00
MILLETT JEREMY|01:790:358:80|4.13|4.13|4.00|4.29|4.25|4.00|4.14|4.00|4.33|4.44
MILLETT JEREMY|01:790:361:80|4.08|4.23|4.23|4.38|4.08|3.69|4.31|3.38|3.77|3.91|3.50|3.00|3.00|3.00|3.00|3.00|3.00|3.00
GAYAZOVA OLYA|01:790:362:01|4.47|4.15|4.37|4.37|4.31|4.14|4.34|4.31|4.22|4.21|5.00|5.00|5.00|5.00|5.00
YUNGHER NATHAN|01:790:369:01|4.56|4.29|4.40|4.34|4.50|4.16|4.53|4.20|4.41|4.47
CORNELL DRUCILLA|01:790:370:71|4.83|5.00|5.00|4.83|5.00|4.50|4.83|4.33|5.00|4.83
VOORHEES MATTHEW|01:790:376:01|4.64|4.58|4.17|4.79|3.97|4.08|4.10|3.65|4.59|4.18
KUBIK JAN|01:790:383:01|4.38|4.44|4.07|4.49|4.00|3.86|3.95|3.59|4.14|3.86
KUBIK JAN|01:790:389:71|4.40|4.55|4.40|4.50|4.33|4.11|4.45|4.10|4.20|4.27
MIDLAVSKY MANUS|01:790:395:04|4.60|4.64|4.46|4.69|4.39|4.34|4.42|3.87|4.51|4.42
WILSON RICHARD|01:790:395:05|4.60|4.64|4.46|4.69|4.39|4.34|4.42|3.87|4.51|4.42
LICKLIDER ROY|01:790:395:09|4.60|4.64|4.46|4.69|4.39|4.34|4.42|3.87|4.51|4.42
FERNANDES LEELA|01:790:395:10|4.60|4.64|4.46|4.69|4.39|4.34|4.42|3.87|4.51|4.42|5.00
ARONOFF MYRON|01:790:395:15|4.60|4.64|4.46|4.69|4.39|4.34|4.42|3.87|4.51|4.42
AKOPIAN MARAT|01:790:395:18|4.60|4.64|4.46|4.69|4.39|4.34|4.42|3.87|4.51|4.42
HEUMANN MILTON|01:790:406:01|4.05|4.51|4.66|4.69|4.21|4.21|4.51|4.35|4.38|4.46
DANIELS CYNTHIA|01:790:426:01|4.78|4.91|4.87|4.87|4.80|4.83|4.64|4.13|4.87|4.78|5.00|5.00
POMPER GERALD|01:790:428:01|4.86|4.45|4.48|4.60|4.25|4.35|4.36|4.95|4.44|4.63
WEINGART JOHN|01:790:429:01|4.95|4.86|4.40|4.90|4.55|4.43|4.19|4.30|4.65|4.37|5.00
MAWLA HANY|01:790:457:01|4.67|4.75|4.42|4.58|4.25|4.25|4.42|4.25|4.58|4.50
