FELDER SIDNEY|01:730:101:01|4.38|4.61|4.52|4.91|4.84|4.31|4.15|3.28|4.44|4.26
BODANSZKY EVA|01:730:103:04|4.09|4.11|4.10|4.40|4.05|3.86|3.88|3.29|4.05|3.88
BALDINO ANTHONY|01:730:103:09|4.09|4.11|4.10|4.40|4.05|3.86|3.88|3.29|4.05|3.88
STICH STEVEN|01:730:104:00|4.58|4.34|4.35|4.57|4.07|4.13|4.19|3.73|4.36|4.27
DEVITT KATE|01:730:104:02|4.58|4.34|4.35|4.57|4.07|4.13|4.19|3.73|4.36|4.27
MCCROSSIN EDWARD|01:730:105:01|4.26|4.55|4.41|4.67|4.49|4.02|4.00|3.42|4.27|4.08|3.00
CHANG RUTH|01:730:107:00|4.31|4.26|4.20|4.54|4.23|4.03|4.18|3.46|4.17|4.08|3.79|2.89|1.46|2.00
MOREWEDGE PARVIZ|01:730:201:06|3.67|3.84|3.91|4.44|4.38|3.76|3.79|3.62|3.84|3.82|5.00
KIVY PETER|01:730:205:01|4.32|3.30|3.72|3.51|3.86|3.17|3.46|3.84|3.69|3.56
SENNET ADAM|01:730:210:01|4.20|4.39|4.54|4.59|4.56|4.41|4.32|3.50|4.51|4.49
STANLEY JASON|01:730:210:03|4.20|4.39|4.54|4.59|4.56|4.41|4.32|3.50|4.51|4.49
DOUARD JOHN|01:730:249:01|4.73|4.80|4.73|4.80|4.53|4.53|4.73|4.07|4.57|4.43
MCGARY HOWARD|01:730:258:01|4.75|4.75|4.25|4.67|4.25|4.33|4.67|4.27|4.58|4.55
WILSHIRE BRUCE|01:730:263:01|4.24|4.45|4.58|4.50|4.47|4.29|4.42|4.32|4.53|4.37|5.00|5.00|5.00|5.00|5.00|5.00|5.00|5.00
CORABI JOHN|01:730:265:01|4.33|4.08|4.00|4.58|4.37|4.04|4.08|3.81|4.32|4.21
COLBY MARK|01:730:268:01|4.55|4.52|4.48|4.62|4.62|4.19|4.48|4.14|4.48|4.33
ARNTZENIUS FRANK|01:730:297:01|4.78|4.80|5.00|5.00|4.90|5.00|5.00|4.90|5.00|5.00|5.00
NEALE STEPHEN|01:730:301:01|4.58|4.46|4.52|4.42|4.52|4.19|4.42|3.88|4.44|4.46
BOLTON MARTHA|01:730:307:01|4.85|4.85|4.50|4.85|4.12|4.33|4.37|4.15|4.58|4.42
MCCROSSIN EDWARD|01:730:308:01|4.10|4.75|4.78|4.72|4.62|4.16|4.19|3.97|4.26|4.26
YADIN AZZAN|01:730:311:01|4.85|4.50|4.69|4.69|4.83|4.77|4.38|3.85|4.62|4.38
SIDER TED|01:730:315:01|4.67|4.93|4.40|4.87|4.47|4.53|4.40|4.13|4.92|4.31
HUSAK DOUGLAS|01:730:341:01|4.85|4.61|4.55|4.76|4.48|4.50|4.33|4.39|4.79|4.42
MCGARY HOWARD|01:730:342:01|4.54|4.56|4.25|4.46|3.89|3.96|3.96|3.46|4.37|4.15|4.00
STANLEY JASON|01:730:420:01|3.92|4.37|4.70|4.48|4.38|4.30|4.48|3.50|4.26|4.30
ARNTZENIUS FRANK|01:730:424:01|4.15|4.58|4.35|4.69|4.50|4.19|4.31|3.56|4.46|4.27
CHANG RUTH|01:730:441:01|4.87|4.83|4.70|4.90|4.70|4.60|4.70|4.52|4.83|4.73
PARFIT DEREK|01:730:459:01|4.79|4.71|4.46|4.78|4.33|4.46|4.43|4.29|4.64|4.54
TEMKINS LARRY|01:730:459:01|4.79|4.71|4.46|4.78|4.33|4.46|4.43|4.29|4.64|4.54
KIVY PETER|01:730:461:01|4.58|4.58|4.33|4.50|4.30|4.25|4.39|4.17|4.29|4.33
