SRINIVASAN SURYAKALA|01:960:211:01|4.37|4.11|3.87|4.29|4.26|3.81|3.71|2.95|4.05|3.88
POPEL GEORGE|01:960:211:02|4.37|4.11|3.87|4.29|4.26|3.81|3.71|2.95|4.05|3.88
DONG HK|01:960:211:04|4.37|4.11|3.87|4.29|4.26|3.81|3.71|2.95|4.05|3.88|1.00
PANNUCCI MICHAEL|01:960:212:01|4.93|4.93|4.59|4.89|4.89|4.72|4.72|4.21|4.90|4.69|5.00
CZACHOR JAMES|01:960:285:02|4.36|3.99|3.67|4.06|4.15|3.69|3.85|3.26|4.07|3.89
LIN JUAN|01:960:285:03|4.36|3.99|3.67|4.06|4.15|3.69|3.85|3.26|4.07|3.89|3.00|3.00|3.00|3.00|3.00
CZACHOR JAMES|01:960:285:04|4.36|3.99|3.67|4.06|4.15|3.69|3.85|3.26|4.07|3.89
MOONDRA SHYAM|01:960:285:06|4.36|3.99|3.67|4.06|4.15|3.69|3.85|3.26|4.07|3.89
SEIFERHELD STEVEN|01:960:285:08|4.36|3.99|3.67|4.06|4.15|3.69|3.85|3.26|4.07|3.89
DORAN ROB|01:960:379:01|4.03|4.39|4.22|4.48|4.32|4.10|4.00|3.45|4.22|4.20|5.00|5.00
BERK ROBERT|01:960:382:01|4.90|4.60|4.10|4.60|4.50|3.90|3.50|3.70|4.20|3.89
COHEN ARTHUR|01:960:384:01|4.64|4.73|4.27|4.36|4.45|4.18|4.00|4.27|4.45|4.45
LAWRENCE SHEILA|01:960:401:01|4.51|4.23|3.91|4.38|4.33|3.92|3.85|3.14|4.16|3.91
MOONDRA SHYAM|01:960:401:02|4.51|4.23|3.91|4.38|4.33|3.92|3.85|3.14|4.16|3.91
LIU REGINA|01:960:401:03|4.51|4.23|3.91|4.38|4.33|3.92|3.85|3.14|4.16|3.91
MINIERE MICHAEL|01:960:401:04|4.51|4.23|3.91|4.38|4.33|3.92|3.85|3.14|4.16|3.91|5.00|5.00|5.00|5.00|5.00
NAUS JOSEPH|01:960:476:01|3.95|4.19|4.29|4.33|3.95|3.57|3.81|3.81|3.90|3.80
BOUAKIZ MOKRANE|01:960:483:01|2.83|2.83|2.52|2.87|3.30|2.09|2.48|2.95|2.41|2.61
COHEN ARTHUR|01:960:484:01|5.00|5.00|4.67|5.00|5.00|4.67|4.67|4.67|4.67|4.83|5.00
