SERRANO RICHARD|01:195:101:02|4.48|4.41|4.29|4.40|4.17|4.11|4.04|3.39|4.37|4.12
FAZIO HELEN|01:195:101:05|4.48|4.41|4.29|4.40|4.17|4.11|4.04|3.39|4.37|4.12
OWENS LIESL|01:195:101:07|4.48|4.41|4.29|4.40|4.17|4.11|4.04|3.39|4.37|4.12
FAZIO HELEN|01:195:101:08|4.48|4.41|4.29|4.40|4.17|4.11|4.04|3.39|4.37|4.12
HSIEH YUI|01:195:135:01|4.33|4.16|4.35|4.37|4.20|3.98|3.80|3.28|3.98|3.83
UHLIROVA ROMANA|01:195:150:01|4.48|4.32|4.20|4.42|4.19|4.01|4.00|3.50|4.07|3.99
UHLIROVA ROMANA|01:195:150:02|4.48|4.32|4.20|4.42|4.19|4.01|4.00|3.50|4.07|3.99
BARCHANT MARIE|01:195:150:03|4.48|4.32|4.20|4.42|4.19|4.01|4.00|3.50|4.07|3.99|3.00
RAJAN JULIE|01:195:150:04|4.48|4.32|4.20|4.42|4.19|4.01|4.00|3.50|4.07|3.99
BEALL JOSHUA|01:195:150:05|4.48|4.32|4.20|4.42|4.19|4.01|4.00|3.50|4.07|3.99
CHEN JIE|01:195:150:06|4.48|4.32|4.20|4.42|4.19|4.01|4.00|3.50|4.07|3.99
FLIEGER JERRY|01:195:301:01|3.65|3.87|4.14|4.41|4.24|3.76|3.48|3.14|4.00|3.59|3.67|4.00|4.25|4.00|4.67
FLITTERMANLEWIS SANDY|01:195:395:01|3.80|4.60|4.40|4.60|4.20|3.80|4.00|4.40|4.00|4.20
WALKER STEVEN|01:195:480:02|4.43|4.43|4.43|4.43|4.43|4.29|4.29|3.57|4.86|4.86
