YANS VIRGINIA|01:506:105:71|4.56|4.89|4.67|5.00|4.25|4.33|4.11|4.00|4.67|4.78
RUDY BELL|01:506:113:01|4.53|4.53|4.34|4.56|4.29|4.24|4.11|3.75|4.37|4.22
RODEN DON|01:506:113:01|4.53|4.53|4.34|4.56|4.29|4.24|4.11|3.75|4.37|4.22
ADAS MICHAEL|01:506:202:00|4.14|4.25|4.38|4.45|4.10|3.96|4.18|4.12|4.12|4.08
YADIN AZZAN|01:506:271:01|4.64|4.36|4.09|4.27|4.18|4.18|4.18|3.82|4.27|4.36
KLEINPEJSOVA REBEKAH|01:506:272:01|4.63|4.13|4.63|4.75|4.63|4.38|4.63|4.25|4.63|4.50|3.63
BROWN CHRIS|01:506:328:01|4.86|5.00|4.83|4.96|4.93|4.76|4.82|3.76|4.83|4.64
MARKOWITZ NORMAN|01:506:361:01|3.43|4.04|3.67|4.04|4.02|3.47|3.47|3.88|3.61|3.69|5.00
LIVINGSTON JULIE|01:506:402:01|4.84|4.85|4.73|4.88|4.84|4.75|4.84|4.34|4.84|4.77
SCHREPFER SUSAN|01:506:402:03|4.84|4.85|4.73|4.88|4.84|4.75|4.84|4.34|4.84|4.77
SUNDELIN LENNART|01:506:402:04|4.84|4.85|4.73|4.88|4.84|4.75|4.84|4.34|4.84|4.77
FOGLESONG DAVID|01:506:402:05|4.84|4.85|4.73|4.88|4.84|4.75|4.84|4.34|4.84|4.77
CHAMBERS JOHN|01:506:402:07|4.84|4.85|4.73|4.88|4.84|4.75|4.84|4.34|4.84|4.77
GUHA SUMIT|01:506:402:09|4.84|4.85|4.73|4.88|4.84|4.75|4.84|4.34|4.84|4.77
ADAS MICHAEL|01:506:402:11|4.84|4.85|4.73|4.88|4.84|4.75|4.84|4.34|4.84|4.77
JONES JENNIFER|01:506:402:12|4.84|4.85|4.73|4.88|4.84|4.75|4.84|4.34|4.84|4.77
HEWITT NANCY|01:506:402:16|4.84|4.85|4.73|4.88|4.84|4.75|4.84|4.34|4.84|4.77
TRINER GAIL|01:506:402:18|4.84|4.85|4.73|4.88|4.84|4.75|4.84|4.34|4.84|4.77
REED JAMES|01:506:402:20|4.84|4.85|4.73|4.88|4.84|4.75|4.84|4.34|4.84|4.77
