HOEFER BERNADETTE|01:940:101:01|4.90|4.84|4.79|4.88|4.85|4.78|4.75|4.31|4.88|4.77|4.77|4.94|4.71|4.55|4.56|4.57
MILLAN MARIA|01:940:101:10|4.90|4.84|4.79|4.88|4.85|4.78|4.75|4.31|4.88|4.77|4.77|4.94|4.71|4.55|4.56|4.57
MILLAN MARIA|01:940:101:11|4.90|4.84|4.79|4.88|4.85|4.78|4.75|4.31|4.88|4.77|4.77|4.94|4.71|4.55|4.56|4.57
LAU MONICA|01:940:102:01|4.52|4.45|4.43|4.66|4.74|4.34|4.21|4.11|4.42|4.11|3.87|4.87|4.44|4.24|4.22|4.10
CHIVUKULA LUCRECIA|01:940:102:10|4.52|4.45|4.43|4.66|4.74|4.34|4.21|4.11|4.42|4.11|3.87|4.87|4.44|4.24|4.22|4.10
CLIFFORD JEREMIAH|01:940:102:11|4.52|4.45|4.43|4.66|4.74|4.34|4.21|4.11|4.42|4.11|3.87|4.87|4.44|4.24|4.22|4.10
PALMER MOLLY|01:940:121:02|4.64|4.71|4.75|4.67|4.67|4.55|4.41|3.97|4.59|4.44|4.56|4.89|4.45|4.19|4.28|4.04
HOGAN MARYKATHER|01:940:121:11|4.64|4.71|4.75|4.67|4.67|4.55|4.41|3.97|4.59|4.44|4.56|4.89|4.45|4.19|4.28|4.04
LAU MONICA|01:940:131:01|4.43|4.42|4.52|4.57|4.62|4.35|4.22|4.62|4.23|4.22|4.04|4.71|4.28|4.05|4.07|4.03
CRUZFERNANDEZ DELIA|01:940:131:10|4.43|4.42|4.52|4.57|4.62|4.35|4.22|4.62|4.23|4.22|4.04|4.71|4.28|4.05|4.07|4.03
SANCHEZ KAREN|01:940:132:02|4.14|4.42|4.38|4.44|4.41|4.18|3.89|4.49|4.14|4.03|3.92|4.66|4.02|3.92|3.96|3.65
CRUZFERNANDEZ DELIA|01:940:132:10|4.14|4.42|4.38|4.44|4.41|4.18|3.89|4.49|4.14|4.03|3.92|4.66|4.02|3.92|3.96|3.65
PALMER MOLLY|01:940:132:11|4.14|4.42|4.38|4.44|4.41|4.18|3.89|4.49|4.14|4.03|3.92|4.66|4.02|3.92|3.96|3.65
STEPHENS THOMAS|01:940:160:01|4.83|4.80|4.58|4.83|4.64|4.44|4.39|3.58|4.73|4.47|4.80|4.86|4.29|4.17|4.40|4.20
LAROCHELLE SARAH|01:940:203:02|4.67|4.75|4.74|4.87|4.76|4.53|4.45|4.71|4.51|4.41|4.49|4.83|4.50|4.44|4.47|4.25
BRITO JENNY|01:940:203:10|4.67|4.75|4.74|4.87|4.76|4.53|4.45|4.71|4.51|4.41|4.49|4.83|4.50|4.44|4.47|4.25
SLINGER WILLIAM|01:940:204:04|4.64|4.71|4.53|4.63|4.32|4.26|4.21|4.66|4.33|4.22
HOGAN MARYKATHER|01:940:325:01|4.40|4.61|4.48|4.78|4.56|4.24|4.11|4.43|4.36|4.23|4.61|4.72|4.16|4.25|4.06|3.87
HOGAN MARYKATHER|01:940:325:02|4.40|4.61|4.48|4.78|4.56|4.24|4.11|4.43|4.36|4.23|4.61|4.72|4.16|4.25|4.06|3.87
CRUZ MARIANA|01:940:325:03|4.40|4.61|4.48|4.78|4.56|4.24|4.11|4.43|4.36|4.23|4.61|4.72|4.16|4.25|4.06|3.87
BISHOP STEPHEN|01:940:325:10|4.40|4.61|4.48|4.78|4.56|4.24|4.11|4.43|4.36|4.23|4.61|4.72|4.16|4.25|4.06|3.87
OLANDER MARCIA|01:940:326:01|4.49|4.33|4.23|4.21|3.95|4.10|4.21|4.13|4.13|4.05|4.53|4.55|4.06|4.30|3.81|3.50
CHILELLI JEFF|01:940:326:02|4.49|4.33|4.23|4.21|3.95|4.10|4.21|4.13|4.13|4.05|4.53|4.55|4.06|4.30|3.81|3.50
NARVAEZ CARLOS|01:940:332:03|4.73|4.71|4.67|4.67|4.43|4.39|4.57|4.27|4.57|4.52|4.71|4.89|4.06|4.00|3.89|4.45
SCHWARTZ MARCY|01:940:334:01|4.67|4.63|4.38|4.87|4.56|4.19|4.28|4.09|4.47|4.32|4.64|4.80|4.36|4.55|4.33|4.19
MONTALDO GRACIELA|01:940:334:02|4.67|4.63|4.38|4.87|4.56|4.19|4.28|4.09|4.47|4.32|4.64|4.80|4.36|4.55|4.33|4.19
SCHWARTZ MARCY|01:940:334:03|4.67|4.63|4.38|4.87|4.56|4.19|4.28|4.09|4.47|4.32|4.64|4.80|4.36|4.55|4.33|4.19
KIM HOON|01:940:336:01|4.05|3.69|3.59|3.64|3.18|3.41|3.66|3.95|3.33|3.44|3.98|4.46|3.83|3.90|3.74|3.66
KIM HOON|01:940:336:02|4.05|3.69|3.59|3.64|3.18|3.41|3.66|3.95|3.33|3.44|3.98|4.46|3.83|3.90|3.74|3.66
KIM YEONSOO|01:940:336:03|4.05|3.69|3.59|3.64|3.18|3.41|3.66|3.95|3.33|3.44|3.98|4.46|3.83|3.90|3.74|3.66
NUNEZ OLGA|01:940:363:01|4.36|4.30|4.18|4.25|4.33|4.13|4.13|3.83|4.37|4.37|4.41|4.61|4.11|4.14|4.11|3.96
NUNEZ OLGA|01:940:363:02|4.36|4.30|4.18|4.25|4.33|4.13|4.13|3.83|4.37|4.37|4.41|4.61|4.11|4.14|4.11|3.96
FERRARI FRANCA|01:940:364:01|3.81|3.30|3.50|3.61|3.72|3.14|3.44|3.89|3.24|3.21|3.27|3.57|3.13|3.19|3.50|3.25
FERRARI FRANCA|01:940:364:02|3.81|3.30|3.50|3.61|3.72|3.14|3.44|3.89|3.24|3.21|3.27|3.57|3.13|3.19|3.50|3.25
MORENO GENTIL|01:940:401:01|4.17|3.50|4.00|4.17|4.17|3.67|4.17|3.67|3.83|3.83|4.67|4.67|4.17|4.17|4.17|4.50
ZATLIN PHYLLIS|01:940:402:01|5.00|4.83|5.00|4.83|4.67|4.92|4.92|4.75|4.92|4.83|4.92|5.00|4.75|4.75|4.75|4.36
GUARDIOLA CONRADO|01:940:415:01|4.95|4.90|4.86|4.86|4.62|4.52|4.60|4.05|4.79|4.55|4.85|5.00|4.26|4.47|4.25|4.35
SNAIDAS ADOLFO|01:940:443:01|4.48|4.40|4.24|4.24|3.70|3.81|4.29|4.20|4.00|4.11|4.16|4.78|3.72|3.79|3.56|4.18
NARVAEZ CARLOS|01:940:447:01|4.74|4.82|4.91|4.86|4.65|4.64|4.68|4.27|4.83|4.74|4.83|4.95|4.11|3.71|3.89|4.52
ZATLIN PHYLLIS|01:940:475:01|4.89|4.78|4.78|4.89|4.88|4.67|4.78|4.38|4.75|4.63|4.75|5.00|4.75|4.50|4.38|4.13
KIM YEONSOO|01:940:489:01|4.89|4.89|4.89|4.78|4.78|4.61|4.56|3.72|4.72|4.53|4.78|4.89|4.14|4.31|4.23|4.63
ZATLIN PHYLLIS|01:940:575:01|5.00|5.00|5.00|5.00|5.00|5.00|5.00|5.00|5.00|5.00
