KLEIN PETER|01:730:101:01|3.81|4.01|3.92|4.20|3.85|3.68|3.54|3.58|3.75|3.69|4.14|4.03
FELDER SIDNEY|01:730:101:02|3.81|4.01|3.92|4.20|3.85|3.68|3.54|3.58|3.75|3.69
BUECHNER JEFF|01:730:101:03|3.81|4.01|3.92|4.20|3.85|3.68|3.54|3.58|3.75|3.69|4.14|4.03|3.86|3.83|3.40|2.33|3.25|2.00|2.50
MORWEDGE PARVIS|01:730:103:01|4.23|4.30|4.29|4.62|4.31|4.06|3.99|3.52|4.20|4.04|5.00
BODANSZKY EVA|01:730:103:04|4.23|4.30|4.29|4.62|4.31|4.06|3.99|3.52|4.20|4.04
HAWTHORNE JOHN|01:730:103:71|4.23|4.30|4.29|4.62|4.31|4.06|3.99|3.52|4.20|4.04
BUNZL MARTIN|01:730:104:00|4.26|4.17|4.36|4.19|4.31|4.09|4.16|3.62|4.31|4.18|4.50|4.67|5.00|5.00|4.67|4.67|5.00|4.67|5.00
DOUARD JOHN|01:730:105:04|4.27|4.48|4.13|4.37|4.27|3.92|4.04|3.60|4.16|4.06
MCCROSSIN EDWARD|01:730:106:01|3.76|4.17|4.10|4.51|4.19|3.71|3.49|3.48|3.80|3.55
EGAN FRANCES|01:730:201:01|4.80|4.61|4.10|4.68|4.62|4.27|4.20|3.34|4.50|4.31
PINILLOS ANGEL|01:730:201:08|4.80|4.61|4.10|4.68|4.62|4.27|4.20|3.34|4.50|4.31
BOLTON MARTHA|01:730:205:01|4.52|4.58|4.03|4.61|4.45|4.00|4.06|3.53|4.18|4.06
ARNTZENIUS FRANK|01:730:225:01|3.70|4.50|4.32|4.63|3.95|3.47|3.70|3.70|3.90|3.90
WILSHIRE BRUCE|01:730:263:01|3.78|4.12|4.26|4.00|3.97|4.06|3.89|4.47|3.88|3.81
BOLTON MARTHA|01:730:308:01|4.57|4.74|3.91|4.93|4.63|3.78|3.81|3.55|4.28|4.10|5.00|5.00|5.00|5.00|5.00|5.00|5.00
MATTHEWS ROBERT|01:730:310:01|4.61|4.31|3.97|4.39|4.08|3.92|4.20|3.75|4.09|4.00
LEVIN L|01:730:312:01|4.75|4.75|4.38|4.63|5.00|4.50|4.50|4.25|4.38|4.50
BRYANT EDWIN|01:730:368:01|4.43|4.39|4.38|4.41|4.32|4.14|4.51|3.81|4.32|4.25|4.00|5.00|5.00|5.00|1.00
BOLTON ROBERT|01:730:402:01|4.45|4.22|3.81|4.29|4.33|3.91|3.94|3.65|4.16|4.03
GOLDMAN ALVIN|01:730:412:01|4.88|4.47|4.39|4.76|4.44|4.11|4.33|4.12|4.57|4.44
SIDER THEODORE|01:730:415:01|4.86|4.80|4.65|4.86|4.03|4.40|4.69|4.24|4.82|4.53
EGAN FRANCES|01:730:419:01|4.45|4.32|3.82|4.32|4.23|3.64|4.09|3.50|4.00|4.00
ARNTZENIUZ FRANK|01:730:426:01|4.24|4.55|4.53|4.77|4.47|4.10|4.53|4.14|4.34|4.21
