KELLER ELIZABETH|01:988:101:02|4.29|4.26|4.30|4.43|4.34|4.03|3.97|3.23|4.12|4.02
KOENICK RUTHANNE|01:988:101:14|4.29|4.26|4.30|4.43|4.34|4.03|3.97|3.23|4.12|4.02|3.17|3.25|3.67|1.00
KAWASH SAMIRA|01:988:201:01|4.04|4.27|4.31|4.36|4.40|3.96|4.00|3.62|4.08|4.00|5.00
PUAR JASBIR|01:988:202:02|4.55|4.59|4.32|4.64|4.64|4.27|4.27|3.77|4.45|4.20
RIVERACOLON EDGAR|01:988:210:01|4.18|4.09|4.00|3.91|3.60|4.10|4.09|3.18|3.91|3.82
COOPER BARBARA|01:988:224:01|4.75|4.75|4.71|4.86|4.75|4.88|4.75|4.00|4.71|4.50|5.00|5.00|5.00|5.00|5.00|5.00|5.00|5.00|5.00
MOLE NOELLE|01:988:225:01|5.00|4.00|5.00|4.00|5.00|5.00|5.00|5.00|5.00|5.00|5.00
JACKSONBREWER KARLA|01:988:235:01|4.35|4.41|4.55|4.42|4.39|4.32|4.28|3.73|4.34|4.28|5.00|5.00|5.00|5.00|5.00|5.00|5.00|5.00|5.00
KELLER ELIZABETH|01:988:235:02|4.35|4.41|4.55|4.42|4.39|4.32|4.28|3.73|4.34|4.28|5.00
HUTCHISON BETH|01:988:285:01|4.50|4.75|4.75|4.75|4.65|4.53|4.50|4.45|4.72|4.42
BROOKS ETHEL|01:988:303:01|4.45|4.83|4.82|4.86|4.90|4.68|4.61|4.41|4.63|4.59
MOTLAGH AMY|01:988:308:01|4.56|4.67|4.78|4.89|4.78|4.44|4.44|3.50|4.56|4.56
MCKAY DIANNE|01:988:309:01|4.43|4.71|4.71|4.71|4.50|4.43|4.29|4.17|4.43|4.57
BROOKS ETHEL|01:988:310:01|4.15|4.64|4.73|4.84|4.76|4.35|4.27|3.88|4.42|4.36|5.00|5.00
BUSIA ABENA|01:988:312:01|3.31|4.38|4.54|4.38|4.57|3.77|4.08|3.92|3.83|3.77
FIGUEIRA THOMAS|01:988:320:01|4.20|4.40|4.20|4.33|4.11|3.80|4.10|2.90|3.80|3.70
FISHBEIN LESLIE|01:988:325:01|4.75|4.50|4.50|4.75|4.50|4.00|4.50|3.88|4.25|4.00|4.00|3.75|4.00
PUAR JASBIR|01:988:329:01|4.86|4.64|4.64|4.50|4.62|4.55|4.59|4.23|4.67|4.43
GOSSY MARY|01:988:330:01|4.83|5.00|5.00|5.00|4.95|4.91|4.83|4.17|4.95|4.91
COHEN ED|01:988:331:01|4.87|4.70|4.83|4.70|4.70|4.09|4.26|4.00|4.52|4.39
DECENA CARLOS|01:988:332:01|4.80|4.55|4.75|4.74|4.19|4.40|4.71|4.25|4.45|4.57
COHEN ED|01:988:341:01|4.68|4.57|4.54|4.54|4.41|4.43|4.39|4.26|4.61|4.50
HARTMANMANDEL MARYRUTH|01:988:344:01|4.92|5.00|4.92|4.85|4.85|4.92|4.92|5.00|5.00|4.92|5.00
DIAMOND ELIN|01:988:352:01|4.50|4.30|4.50|4.60|4.00|4.56|4.80|4.30|4.80|4.70
VAPNEK LARA|01:988:380:01|3.83|3.83|3.50|3.83|3.83|3.33|3.83|3.50|4.20|3.50
FLINT KATE|01:988:383:01|4.80|4.80|4.80|4.80|4.60|4.40|4.20|4.00|4.80|4.40|5.00|2.00|4.00|4.00|4.00|4.50
GROSZ ELIZABETH|01:988:398:01|4.95|4.91|4.77|4.95|5.00|4.55|4.73|4.00|4.73|4.68
BUNCH CHARLOTTE|01:988:405:01|4.50|4.33|4.17|4.67|4.11|4.00|3.92|4.33|4.00|4.08
TRIGG MARY|01:988:430:01|5.00|5.00|4.88|4.50|4.88|4.75|4.38|4.63|4.38|4.43
RAJAN JULIE|01:988:480:01|4.46|4.68|4.68|4.64|4.39|4.39|4.54|4.41|4.59|4.38|5.00|5.00|5.00
RODGERS YANA|01:988:490:01|5.00|5.00|5.00|5.00|5.00|5.00|5.00|4.00|5.00|5.00
DIAMOND MARIE|01:988:492:01|4.64|4.91|4.91|4.91|4.86|4.64|4.82|4.73|4.82|4.82
PERERA SONALI|01:988:496:01|4.50|4.50|5.00|4.50|5.00|4.00|4.00|5.00|4.50|4.50
