JOHNALDER HENRY|01:146:356:01|4.49|4.19|3.97|4.27|4.01|3.68|4.02|4.05|3.94|3.86
SPILERHADZIMICHALIS NORELL|01:146:357:01|4.71|4.55|4.38|4.67|3.90|4.26|4.26|3.88|4.48|4.18
HSU SHUCHAN|01:146:445:01|4.48|4.43|4.18|4.45|4.04|4.01|4.31|4.53|4.26|4.33
DAVIS ROBIN|01:146:445:01|4.48|4.43|4.18|4.45|4.04|4.01|4.31|4.53|4.26|4.33
PAIGE CHARLES|01:146:445:01|4.48|4.43|4.18|4.45|4.04|4.01|4.31|4.53|4.26|4.33
FIRESTEIN BONNIE|01:146:445:01|4.48|4.43|4.18|4.45|4.04|4.01|4.31|4.53|4.26|4.33
PLUMMER MARK|01:146:445:01|4.48|4.43|4.18|4.45|4.04|4.01|4.31|4.53|4.26|4.33
YOUNG WISE|01:146:464:01|3.63|5.00|4.75|4.75|4.38|4.38|4.63|4.38|4.25
XIAO GUTIAN|01:146:470:01|4.53|4.05|4.00|4.33|3.84|3.71|3.95|4.10|3.74|3.95
DENHARDT DAVID|01:146:470:01|4.53|4.05|4.00|4.33|3.84|3.71|3.95|4.10|3.74|3.95|5.00
