KAPLOWITZ SUSAN|01:377:140:01|4.57|4.35|4.38|4.39|4.17|4.13|4.09|4.43|4.26|4.20
KAPLOWITZ SUSAN|01:377:140:02|4.57|4.35|4.38|4.39|4.17|4.13|4.09|4.43|4.26|4.20
HUNT JOANNE|01:377:140:03|4.57|4.35|4.38|4.39|4.17|4.13|4.09|4.43|4.26|4.20
HUNT JOANNE|01:377:140:04|4.57|4.35|4.38|4.39|4.17|4.13|4.09|4.43|4.26|4.20
MORES JOHN|01:377:170:01|4.21|4.33|4.38|4.63|4.06|4.00|3.96|4.42|3.87|3.78
GLADIS KATHLEEN|01:377:180:01|4.88|4.73|4.88|4.94|4.47|4.62|4.59|4.44|4.82|4.82|4.00
GLADIS KATHLEEN|01:377:191:01|4.76|4.62|4.76|4.70|4.67|4.64|4.63|4.16|4.76|4.70|5.00|5.00|5.00|5.00
BYRD MIKYLE|01:377:213:00|4.48|4.56|4.37|4.53|4.07|4.07|4.35|4.41|4.21|4.20|5.00
PARADISE MARYBETH|01:377:213:03|4.48|4.56|4.37|4.53|4.07|4.07|4.35|4.41|4.21|4.20
PARADISE MARYBETH|01:377:213:04|4.48|4.56|4.37|4.53|4.07|4.07|4.35|4.41|4.21|4.20
CUNNINGHAM CHARLES|01:377:213:05|4.48|4.56|4.37|4.53|4.07|4.07|4.35|4.41|4.21|4.20
CHEN CHRISTINE|01:377:213:06|4.48|4.56|4.37|4.53|4.07|4.07|4.35|4.41|4.21|4.20
CHEN CHRISTINE|01:377:213:07|4.48|4.56|4.37|4.53|4.07|4.07|4.35|4.41|4.21|4.20
FEIGLEY DAVID|01:377:275:00|4.54|4.63|4.59|4.75|4.43|4.23|4.43|3.00|4.45|4.31|5.00|5.00|5.00
FEIGLEY DAVID|01:377:275:01|4.54|4.63|4.59|4.75|4.43|4.23|4.43|3.00|4.45|4.31|5.00|5.00|5.00|5.00|5.00
FEIGLEY DAVID|01:377:275:02|4.54|4.63|4.59|4.75|4.43|4.23|4.43|3.00|4.45|4.31
MORES JOHN|01:377:303:01|3.48|3.96|4.08|4.36|3.32|3.44|3.56|4.04|3.48|3.52
KAPLOWITZ SUSAN|01:377:304:01|4.23|4.23|4.27|4.14|3.86|4.00|3.82|3.22|3.95|3.80
DOEMLAND JULIA|01:377:305:01|4.49|4.49|4.32|4.35|4.02|3.92|3.81|3.60|4.00|3.85
DOEMLAND JULIA|01:377:305:02|4.49|4.49|4.32|4.35|4.02|3.92|3.81|3.60|4.00|3.85|5.00
KAPLOWITZ SUSAN|01:377:310:01|4.61|4.36|4.25|4.56|4.61|4.04|4.15|3.68|4.08|3.79
FINKELSTEIN MYRON|01:377:311:02|4.76|4.96|4.88|4.92|4.81|4.88|4.80|4.60|4.88|4.81
ANTON MICHELE|01:377:315:01|5.00|5.00|4.80|5.00|4.80|4.80|5.00|5.00|4.80|4.80
DOUGHERTY NEIL|01:377:320:01|4.84|4.73|4.70|4.75|4.36|4.47|4.64|4.03|4.47|4.46
DOUGHERTY NEIL|01:377:323:01|4.91|4.53|4.65|4.43|4.37|4.33|4.45|3.80|4.53|4.46
DOUGHERTY NEIL|01:377:323:02|4.91|4.53|4.65|4.43|4.37|4.33|4.45|3.80|4.53|4.46
SHARKEY LINDA|01:377:324:01|4.59|4.74|4.59|4.85|4.81|4.48|4.48|3.76|4.62|4.50|5.00
ROSENWASSER MARIAN|01:377:330:01|4.91|4.87|4.81|4.91|4.87|4.76|4.58|4.18|4.87|4.86|4.00|4.50|3.50|4.00|4.50|2.00|4.00
ROSENWASSER MARIAN|01:377:330:02|4.91|4.87|4.81|4.91|4.87|4.76|4.58|4.18|4.87|4.86|4.00|4.50|3.50|4.50
ANTON MICHELE|01:377:346:01|4.78|4.96|4.65|4.86|4.50|4.61|4.64|4.45|4.83|4.57
MANFREDONIA EMIL|01:377:350:01|4.79|4.86|4.86|5.00|5.00|4.71|4.93|4.07|4.64|4.60
ARENT SHAWN|01:377:370:01|4.84|4.67|4.68|4.51|3.77|4.18|4.51|4.35|4.48|4.31|5.00
PELLEGRINO JOE|01:377:371:01|4.54|4.71|4.67|4.77|4.71|4.55|4.54|4.51|4.70|4.48
PELLEGRINO JOSEPH|01:377:371:02|4.54|4.71|4.67|4.77|4.71|4.55|4.54|4.51|4.70|4.48
PELLEGRINO JOSEPH|01:377:371:03|4.54|4.71|4.67|4.77|4.71|4.55|4.54|4.51|4.70|4.48
DIVINE ADAM|01:377:371:04|4.54|4.71|4.67|4.77|4.71|4.55|4.54|4.51|4.70|4.48
DIVINE ADAM|01:377:371:05|4.54|4.71|4.67|4.77|4.71|4.55|4.54|4.51|4.70|4.48
WAGNER DEREK|01:377:371:06|4.54|4.71|4.67|4.77|4.71|4.55|4.54|4.51|4.70|4.48
GREENWOOD JOHN|01:377:371:07|4.54|4.71|4.67|4.77|4.71|4.55|4.54|4.51|4.70|4.48
SHARKEY LINDA|01:377:406:01|4.23|4.32|3.86|4.57|4.50|3.71|3.68|3.23|3.95|3.50
ARENT SHAWN|01:377:480:01|4.88|4.88|4.88|4.88|4.88|4.88|4.88|4.63|4.86|4.88
SADLEY CAROL|01:377:496:01|4.95|4.90|4.95|4.95|5.00|4.81|4.90|4.00|4.94|4.74
