BLUMENSCHINE ROBERT|01:070:072:07|4.78|4.44|4.00|4.00|3.44|4.22|3.89|3.44|4.22|3.56
SCHEIN LOUISA|01:070:101:00|4.30|4.25|4.16|4.35|4.20|4.02|4.13|3.49|4.20|3.99|5.00
BLUMENSCHINE ROBERT|01:070:102:00|4.75|4.54|4.41|4.60|4.39|4.25|4.35|3.89|4.45|4.38
BLUMENSCHINE ROBERT|01:070:102:01|4.75|4.54|4.41|4.60|4.39|4.25|4.35|3.89|4.45|4.38
BLUMENSCHINE ROBERT|01:070:102:02|4.75|4.54|4.41|4.60|4.39|4.25|4.35|3.89|4.45|4.38
BLUMENSCHINE ROBERT|01:070:102:03|4.75|4.54|4.41|4.60|4.39|4.25|4.35|3.89|4.45|4.38
BLUMENSCHINE ROBERT|01:070:102:04|4.75|4.54|4.41|4.60|4.39|4.25|4.35|3.89|4.45|4.38
BLUMENSCHINE ROBERT|01:070:102:06|4.75|4.54|4.41|4.60|4.39|4.25|4.35|3.89|4.45|4.38
BLUMENSCHINE ROBERT|01:070:102:08|4.75|4.54|4.41|4.60|4.39|4.25|4.35|3.89|4.45|4.38
BLUMENSCHINE|01:070:102:09|4.75|4.54|4.41|4.60|4.39|4.25|4.35|3.89|4.45|4.38
LEPRE CHRISTOPHE|01:070:105:01|3.76|4.19|3.55|3.98|4.49|3.43|3.74|3.47|3.53|3.69
LEPRE CHRISTOPHE|01:070:105:02|3.76|4.19|3.55|3.98|4.49|3.43|3.74|3.47|3.53|3.69|4.00
LEPRE CHRISTOPHE|01:070:105:03|3.76|4.19|3.55|3.98|4.49|3.43|3.74|3.47|3.53|3.69
LEPRE CHRISTOPHE|01:070:105:05|3.76|4.19|3.55|3.98|4.49|3.43|3.74|3.47|3.53|3.69
LEPRE CHRISTOPHE|01:070:105:06|3.76|4.19|3.55|3.98|4.49|3.43|3.74|3.47|3.53|3.69
LEPRE CHRISTOPHE|01:070:105:07|3.76|4.19|3.55|3.98|4.49|3.43|3.74|3.47|3.53|3.69
AHEARN LAURA|01:070:108:00|4.53|4.39|4.37|4.59|4.64|4.35|4.26|3.82|4.35|4.35|5.00
CRONK LEE|01:070:204:01|4.59|4.28|4.37|4.54|4.32|4.13|4.32|3.48|4.38|4.35
SCHRIRE CARMEL|01:070:208:01|4.29|3.43|4.43|3.43|4.33|4.14|4.29|3.86|3.86|4.00
SHAPIRO WARREN|01:070:210:01|3.25|3.58|3.67|3.83|3.91|3.25|3.17|3.75|3.67|3.42
PALOMBIT RYNE|01:070:212:01|4.89|4.95|4.95|4.72|4.11|4.74|4.89|4.58|4.68|4.58
GOLDSTEIN DANIEL|01:070:216:01|4.56|4.56|4.67|4.69|4.33|4.56|4.67|3.78|4.41|4.41
MOLE NOELLE|01:070:225:01|4.58|4.83|4.79|4.87|4.86|4.26|4.39|3.75|4.50|4.33|5.00|5.00|5.00|5.00|5.00|5.00|5.00|5.00|5.00
SHAPIRO WARREN|01:070:340:01|3.89|3.95|3.90|4.05|3.95|3.60|3.80|3.85|3.90|3.80
CACHEL SUSAN|01:070:356:01|3.00|3.79|3.14|4.00|4.38|2.93|3.54|3.85|3.18|3.18
QUINN RHONDA|01:070:358:01|4.67|4.58|4.38|4.33|4.58|4.62|4.77|3.92|4.77|4.75
QUINN RHONDA|01:070:359:01|4.33|4.08|4.00|4.08|5.00|4.25|4.09|4.08|4.10|4.10
HAUGERUD ANGELIQUE|01:070:371:01|4.61|4.54|4.57|4.63|4.52|4.46|4.30|3.96|4.37|4.22
HODGE GLENN|01:070:372:01|3.00|2.80|3.57|2.87|3.87|2.80|3.53|4.47|2.79|3.14
HODGE GLENN|01:070:376:01|3.35|3.76|3.83|3.78|3.67|3.39|3.78|4.11|3.39|3.47
SCHRIRE CARMEL|01:070:426:01|4.62|4.31|4.62|3.77|4.25|4.15|4.54|4.17|4.38|4.31|5.00
