REED JAMES|01:512:103:01|4.57|4.58|4.47|4.58|4.27|4.30|4.39|3.86|4.47|4.32|4.00
RINEAR LORNA|01:512:103:02|4.57|4.58|4.47|4.58|4.27|4.30|4.39|3.86|4.47|4.32
CLEMENS PAUL|01:512:104:00|4.58|4.25|4.29|4.39|4.21|4.05|4.08|3.92|4.27|4.09|3.26|3.21|4.57|4.03|4.69|4.46|4.44|3.70|3.24
CLEMENS PAUL|01:512:104:03|4.58|4.25|4.29|4.39|4.21|4.05|4.08|3.92|4.27|4.09
ADAMS JOHN|01:512:104:10|4.58|4.25|4.29|4.39|4.21|4.05|4.08|3.92|4.27|4.09|3.26
ISENBERG ALISON|01:512:104:15|4.58|4.25|4.29|4.39|4.21|4.05|4.08|3.92|4.27|4.09
GILLETTE WILLIAM|01:512:104:20|4.58|4.25|4.29|4.39|4.21|4.05|4.08|3.92|4.27|4.09
ONEIL WILLIAM|01:512:242:01|4.35|3.79|3.75|3.73|3.22|3.55|4.27|4.46|3.83|3.79
JEFFREY THOMAS|01:512:302:01|4.94|4.87|4.78|4.91|4.78|4.78|4.72|4.17|4.80|4.72
DARDEN GARY|01:512:304:85|5.00|4.63|4.50|4.63|4.38|4.50|4.50|2.75|4.63|4.38
MARKOWITZ NORMAN|01:512:305:01|4.09|4.14|4.02|4.18|4.12|3.63|3.94|3.64|3.85|3.88
DARDEN GARY|01:512:305:85|4.09|4.14|4.02|4.18|4.12|3.63|3.94|3.64|3.85|3.88
WHITE DEBORAH|01:512:306:01|4.56|4.59|4.48|4.50|3.72|4.13|4.29|4.35|4.33|4.31
ONEILL WILLIAM|01:512:306:03|4.56|4.59|4.48|4.50|3.72|4.13|4.29|4.35|4.33|4.31
CLEMENS PAUL|01:512:315:01|4.75|4.64|4.67|4.57|3.86|4.32|4.64|4.36|4.53|4.51
LAWSON STEVEN|01:512:315:01|4.75|4.64|4.67|4.57|3.86|4.32|4.64|4.36|4.53|4.51
WAILOO KEITH|01:512:322:01|4.75|4.28|4.49|4.36|4.31|4.49|4.46|4.17|4.35|4.42
SCHREPFER SUSAN|01:512:324:01|4.50|4.57|4.32|4.75|4.62|4.24|4.17|3.59|4.34|4.25
JENKINS REESE|01:512:332:01|4.71|4.86|4.64|5.00|4.79|4.79|4.64|4.00|4.64|4.50|4.15|3.31|4.23|3.92|3.58|4.08
CHAMBERS JOHN|01:512:348:01|4.74|4.69|4.66|4.80|4.64|4.58|4.68|4.43|4.77|4.75
FOGLESONG DAVID|01:512:352:01|4.93|4.82|4.66|4.81|4.71|4.66|4.76|4.21|4.85|4.77
MURCH DONNA|01:512:364:01|4.26|4.33|4.15|4.48|4.44|4.22|4.44|3.78|4.33|4.15|5.00
MAKALANI MINKAH|01:512:368:01|3.52|3.37|3.65|3.54|3.42|3.23|3.61|3.63|3.27|3.19
LIVINGSTON JAMES|01:512:372:01|3.93|4.31|4.14|4.46|4.50|3.79|3.93|2.96|3.89|3.93
FURMAN HARRY|01:512:376:01|4.93|4.89|4.81|4.93|4.50|4.81|4.81|4.41|4.85|4.78
BAY MIA|01:512:379:01|4.10|4.37|3.98|4.33|3.76|3.63|4.15|3.98|3.96|3.98|2.00|3.00|2.00|1.00|1.00|2.00|2.00|2.00|2.00
NEBEKER FREDERICK|01:512:395:01|4.94|4.76|4.76|4.85|4.64|4.64|4.59|3.73|4.67|4.64|5.00|5.00|5.00
GILLETTE WILLIAM|01:512:410:01|4.23|3.50|3.73|3.55|3.45|3.05|3.77|4.05|3.32|3.59
