KILLINGSWORTH MARK|01:220:102:01|4.38|4.17|3.66|4.16|4.21|3.60|3.76|3.35|3.87|3.82|4.00|3.28|3.11|4.50|4.50|4.33|4.33|5.00|4.00
CHILDS GERALD|01:220:102:03|4.38|4.17|3.66|4.16|4.21|3.60|3.76|3.35|3.87|3.82|4.00|3.28|3.11|4.50|4.50|4.33|4.33|5.00|4.00
GIGLIOTTI G|01:220:102:08|4.38|4.17|3.66|4.16|4.21|3.60|3.76|3.35|3.87|3.82
RABBY FAISAL|01:220:102:12|4.38|4.17|3.66|4.16|4.21|3.60|3.76|3.35|3.87|3.82
HASSAN MARWA|01:220:102:13|4.38|4.17|3.66|4.16|4.21|3.60|3.76|3.35|3.87|3.82|4.00|3.28|3.11|4.50|4.50
HASSAN MARWA|01:220:102:14|4.38|4.17|3.66|4.16|4.21|3.60|3.76|3.35|3.87|3.82
RUBIN JEFF|01:220:102:71|4.38|4.17|3.66|4.16|4.21|3.60|3.76|3.35|3.87|3.82
SHEFLIN N|01:220:103:01|4.01|3.97|3.89|3.92|3.84|3.45|3.62|3.38|3.76|3.71|3.33|4.67|3.67|4.00|3.67|4.67|3.00|4.33|4.00
CLARE GREGORY|01:220:103:03|4.01|3.97|3.89|3.92|3.84|3.45|3.62|3.38|3.76|3.71
SANI MAJID|01:220:103:05|4.01|3.97|3.89|3.92|3.84|3.45|3.62|3.38|3.76|3.71
KILLINGSWORTH MARK|01:220:203:02|4.32|4.10|3.54|4.20|3.97|3.51|3.47|3.55|3.69|3.45|3.80
CARBONELLNICOLAU ORIOL|01:220:203:03|4.32|4.10|3.54|4.20|3.97|3.51|3.47|3.55|3.69|3.45
CARBONELLNICOLAU ORIOL|01:220:203:04|4.32|4.10|3.54|4.20|3.97|3.51|3.47|3.55|3.69|3.45
PIEHL ANNE|01:220:203:07|4.32|4.10|3.54|4.20|3.97|3.51|3.47|3.55|3.69|3.45
DUTTA JAN|01:220:204:03|4.14|3.97|3.74|4.04|4.03|3.67|3.72|3.74|3.90|3.74|4.00|4.00|4.00|4.00|4.00|4.00|4.00|3.00|4.00
HASSAN MARWA|01:220:204:05|4.14|3.97|3.74|4.04|4.03|3.67|3.72|3.74|3.90|3.74
GANGULI BODUI|01:220:204:06|4.14|3.97|3.74|4.04|4.03|3.67|3.72|3.74|3.90|3.74
WARMINGHAM DALE|01:220:204:10|4.14|3.97|3.74|4.04|4.03|3.67|3.72|3.74|3.90|3.74
CHAUDHURE BASTANTA|01:220:300:01|4.64|4.50|4.42|4.51|4.22|4.17|4.30|3.97|4.43|4.23
PRUSA THOMAS|01:220:300:03|4.64|4.50|4.42|4.51|4.22|4.17|4.30|3.97|4.43|4.23
CLARE GREGORY|01:220:300:09|4.64|4.50|4.42|4.51|4.22|4.17|4.30|3.97|4.43|4.23|5.00
WHITE EUGENE|01:220:301:01|4.23|4.17|4.10|4.17|4.13|3.80|3.97|3.88|4.01|3.92
SHEFLIN N|01:220:301:04|4.23|4.17|4.10|4.17|4.13|3.80|3.97|3.88|4.01|3.92|3.67|4.00|4.00|3.00|3.50|3.00|3.50|3.00|3.50
BHILADWALLA MAHARUKH|01:220:301:06|4.23|4.17|4.10|4.17|4.13|3.80|3.97|3.88|4.01|3.92
WARMINGHAM DALE|01:220:301:10|4.23|4.17|4.10|4.17|4.13|3.80|3.97|3.88|4.01|3.92|3.67|4.00|4.00
BHILADWALLA MAHARUKH|01:220:301:11|4.23|4.17|4.10|4.17|4.13|3.80|3.97|3.88|4.01|3.92
BHILADWALLA MAHARUKH|01:220:301:12|4.23|4.17|4.10|4.17|4.13|3.80|3.97|3.88|4.01|3.92
BHILADWALLA MAHARUKH|01:220:302:01|4.40|4.40|4.20|4.29|4.33|4.00|3.93|3.67|4.00|3.86
ROCKOFF HUGH|01:220:305:01|4.70|4.55|4.48|4.65|4.45|4.27|4.42|3.98|4.58|4.48|4.00|4.00|4.00|4.00|4.00|4.00|4.00|4.00
ROCKOFF HUGH|01:220:305:02|4.70|4.55|4.48|4.65|4.45|4.27|4.42|3.98|4.58|4.48
WARMINGHAM DALE|01:220:308:02|4.26|4.07|3.90|4.12|4.04|3.68|3.69|3.79|3.91|3.76|4.67|5.00|5.00|5.00|5.00|5.00|5.00|5.00|5.00
CLARE GREGORY|01:220:308:06|4.26|4.07|3.90|4.12|4.04|3.68|3.69|3.79|3.91|3.76|4.67
CHAUDHURI BASANTA|01:220:308:08|4.26|4.07|3.90|4.12|4.04|3.68|3.69|3.79|3.91|3.76
RUBIN JEFF|01:220:316:01|3.67|4.21|3.75|4.13|3.87|3.87|3.80|3.50|3.69|3.46|3.00|3.00|3.50|3.00|4.00|4.00|4.00|4.00|4.00
RAGUSA GIUSEPPE|01:220:322:01|4.22|4.00|3.54|4.05|4.02|3.57|3.59|2.89|3.84|3.56|3.00|3.00|4.00|3.00|4.00|3.00|3.00|3.00|4.00
RAGUSA GIUSEPPE|01:220:322:02|4.22|4.00|3.54|4.05|4.02|3.57|3.59|2.89|3.84|3.56
DELIA DEREK|01:220:322:04|4.22|4.00|3.54|4.05|4.02|3.57|3.59|2.89|3.84|3.56
LANDONLANE JOHN|01:220:322:06|4.22|4.00|3.54|4.05|4.02|3.57|3.59|2.89|3.84|3.56
LANDONLANE JOHN|01:220:322:07|4.22|4.00|3.54|4.05|4.02|3.57|3.59|2.89|3.84|3.56
BOWBLIS JOHN|01:220:322:10|4.22|4.00|3.54|4.05|4.02|3.57|3.59|2.89|3.84|3.56
SANI MAJID|01:220:322:12|4.22|4.00|3.54|4.05|4.02|3.57|3.59|2.89|3.84|3.56
SIGMAN HILARY|01:220:332:01|4.28|4.30|3.47|4.20|3.90|3.17|3.37|3.24|3.53|3.43
GHASEMZADEH DAVOOD|01:220:334:01|3.63|3.81|3.26|3.68|3.70|3.00|3.45|3.48|3.28|2.93
CLARE GREGORY|01:220:335:01|4.79|4.79|4.36|4.50|4.43|4.07|4.50|4.21|4.38|4.23
GANGULI BODHI|01:220:336:02|4.48|4.07|3.70|4.07|4.14|3.70|3.98|3.53|4.07|3.91
GANG IRA|01:220:339:01|3.87|4.26|4.00|4.19|4.30|3.48|3.65|3.35|3.68|3.58
GANG IRA|01:220:339:03|3.87|4.26|4.00|4.19|4.30|3.48|3.65|3.35|3.68|3.58
SIGMAN HILARY|01:220:341:01|4.67|4.52|3.65|4.33|4.23|3.87|3.87|3.72|3.93|3.89|5.00
BORDO MICHAEL|01:220:344:01|4.61|4.50|3.93|4.25|4.22|3.79|4.36|3.93|4.15|4.14|5.00
VELLANGANY ISAAC|01:220:357:01|3.13|2.94|2.81|3.03|2.97|2.77|2.97|3.39|2.84|3.03|4.25|4.67
TSURUMI HIROKI|01:220:358:01|5.00|5.00|5.00|5.00|5.00|5.00|5.00|5.00|5.00|5.00
DUTTA JAN|01:220:359:01|3.60|3.35|3.79|3.57|3.40|3.39|3.81|3.74|3.49|3.40|5.00|3.00|3.00|5.00|5.00|1.00|1.00|1.00|1.00
MAZZOLARI FRANCESCA|01:220:360:01|4.38|4.35|3.97|4.38|4.15|3.97|4.03|3.29|4.03|3.94
MAZZOLARI FRANCESCA|01:220:360:02|4.38|4.35|3.97|4.38|4.15|3.97|4.03|3.29|4.03|3.94
CHAUDHURI BASANTA|01:220:362:01|3.64|3.71|3.29|3.93|4.29|3.07|3.36|3.21|3.50|3.50
PACZKOWSKI WALTER|01:220:370:01|5.00|5.00|5.00|5.00|5.00|5.00|5.00|5.00|5.00|4.50
PACZKOWSKI WALTER|01:220:393:01|4.13|3.97|3.80|4.00|3.65|3.41|3.74|4.00|3.58|3.59
BHARDWAJ GEETESH|01:220:393:02|4.13|3.97|3.80|4.00|3.65|3.41|3.74|4.00|3.58|3.59
MIZRACH BRUCE|01:220:394:01|4.53|3.79|4.26|4.00|4.53|4.16|4.47|4.42|4.26|4.32
MANNIGE CHETAN|01:220:395:01|4.50|4.51|4.47|4.62|4.60|4.44|4.43|4.28|4.50|4.42|5.00
RUSSELL LOUISE|01:220:401:71|5.00|4.86|4.57|5.00|4.86|5.00|5.00|3.86|5.00|4.86
SOPHER BARRY|01:220:405:01|4.17|4.83|4.67|4.83|4.60|4.50|4.33|4.17|4.67|4.33
CAMPBELL COLIN|01:220:406:01|4.64|4.64|4.07|4.50|3.92|4.14|4.43|4.21|4.29|4.21
HUGHES JOSEPH|01:220:408:01|4.38|4.38|4.25|4.25|4.50|3.75|4.63|4.13|4.38|4.13
OCCHINO FILIPPO|01:220:415:01|4.67|4.83|4.83|4.83|4.83|4.67|4.50|4.83|4.67|4.67
