DEIS FRANK|01:694:301:01|4.49|4.27|4.42|4.35|4.17|4.06|4.27|3.62|4.29|4.04|4.32|4.18|3.44|5.00
GOPALAKRISHNAN AVANTHIKA|01:694:313:04|4.48|4.42|4.10|4.40|4.52|4.07|3.80|3.59|4.33|3.80
GOPALAKRISHNAN AVANTIK A|01:694:313:05|4.48|4.42|4.10|4.40|4.52|4.07|3.80|3.59|4.33|3.80
SINGSON ANDREW|01:694:315:00|4.75|4.63|4.52|4.73|4.67|4.51|4.62|4.51|4.56|4.75
GRANT BARTH|01:694:315:00|4.75|4.63|4.52|4.73|4.67|4.51|4.62|4.51|4.56|4.75
EDERY ISAAC|01:694:315:00|4.75|4.63|4.52|4.73|4.67|4.51|4.62|4.51|4.56|4.75
PATTERSON GARTH|01:694:315:00|4.75|4.63|4.52|4.73|4.67|4.51|4.62|4.51|4.56|4.75
NEMEROFF MARTIN|01:694:315:00|4.75|4.63|4.52|4.73|4.67|4.51|4.62|4.51|4.56|4.75
VERSHON ANDREW|01:694:408:01|4.05|3.82|3.58|3.94|3.64|3.43|3.69|3.72|3.64|3.68|3.83|3.60|3.73|3.21
GUNDERSON SAMUEL|01:694:408:01|4.05|3.82|3.58|3.94|3.64|3.43|3.69|3.72|3.64|3.68|3.83|3.60|3.73|3.21|3.00
DEIS FRANK|01:694:408:01|4.05|3.82|3.58|3.94|3.64|3.43|3.69|3.72|3.64|3.68|3.83|3.60|3.73|3.21
NIEDERMAN ROBERT|01:694:408:01|4.05|3.82|3.58|3.94|3.64|3.43|3.69|3.72|3.64|3.68|3.83|3.60|3.73|3.21
MONTELIONE GAETANOT|01:694:412:01|4.93|4.93|4.64|5.00|4.86|4.71|4.64|4.00|4.86|4.71
ANDERSON STEPHEN|01:694:412:01|4.93|4.93|4.64|5.00|4.86|4.71|4.64|4.00|4.86|4.71
PATTERSON GARTH|01:694:484:01|4.68|4.78|4.66|4.80|4.64|4.56|4.50|4.11|4.56|4.44
GUNDERSON SAMUEL|01:694:484:01|4.68|4.78|4.66|4.80|4.64|4.56|4.50|4.11|4.56|4.44
PADGETT RICHARD|01:694:484:01|4.68|4.78|4.66|4.80|4.64|4.56|4.50|4.11|4.56|4.44
IRVINE KENNETH|01:694:492:01|4.46|4.48|4.27|4.56|4.18|4.25|4.29|4.44|4.28|4.28
STEWART RUTH|01:694:492:01|4.46|4.48|4.27|4.56|4.18|4.25|4.29|4.44|4.28|4.28
WHITE EILEEN|01:694:492:01|4.46|4.48|4.27|4.56|4.18|4.25|4.29|4.44|4.28|4.28
