ALAMI MYRIAM|01:420:101:01|4.74|4.53|4.70|4.69|4.73|4.60|4.49|4.35|4.64|4.50
AUBERT ANNE|01:420:102:01|4.22|3.89|3.89|4.22|4.33|3.56|3.78|3.44|4.00|3.88
CASHMAN KIMBERLY|01:420:102:30|4.22|3.89|3.89|4.22|4.33|3.56|3.78|3.44|4.00|3.88|5.00|3.00|3.00
ALAMI MYRIAM|01:420:121:01|4.34|4.35|4.49|4.42|4.41|4.14|3.99|3.89|4.27|4.14|4.25|4.67|4.67|4.67|4.67|4.67|4.67|5.00|5.00
HASKOVACS OLIA|01:420:121:10|4.34|4.35|4.49|4.42|4.41|4.14|3.99|3.89|4.27|4.14|4.25|4.67|4.67|4.67|4.67|4.67|4.67
FOSTER TARA|01:420:121:21|4.34|4.35|4.49|4.42|4.41|4.14|3.99|3.89|4.27|4.14
FOSTER TARA|01:420:121:30|4.34|4.35|4.49|4.42|4.41|4.14|3.99|3.89|4.27|4.14
STAPLETON PATRICIA|01:420:131:01|4.67|4.75|4.65|4.76|4.59|4.52|4.43|4.55|4.63|4.56|5.00|5.00|5.00|5.00|5.00|5.00|5.00|5.00
BARCHANT MARIE|01:420:131:10|4.67|4.75|4.65|4.76|4.59|4.52|4.43|4.55|4.63|4.56
ALAMI MYRIAM|01:420:131:30|4.67|4.75|4.65|4.76|4.59|4.52|4.43|4.55|4.63|4.56|5.00|5.00|5.00|5.00|5.00|5.00|5.00|5.00
COVO MANUEL|01:420:210:01|4.75|4.83|4.33|4.67|4.31|4.23|3.92|4.17|4.38|4.08
KARMARKAR MEDHA|01:420:213:01|4.10|4.36|4.24|4.46|4.47|3.79|3.69|4.42|4.00|3.87
GRODWOHL JEANBAPTIS|01:420:213:20|4.10|4.36|4.24|4.46|4.47|3.79|3.69|4.42|4.00|3.87
FOSTER TARA|01:420:213:30|4.10|4.36|4.24|4.46|4.47|3.79|3.69|4.42|4.00|3.87
FLIEGER JERRY|01:420:214:02|3.42|4.45|4.25|4.55|4.36|4.25|4.33|4.58|4.00|3.91
ALLAMAND CAROLE|01:420:215:01|4.67|4.67|4.56|4.82|4.68|4.52|4.55|4.20|4.58|4.30
KARMARKAR MEDHA|01:420:215:02|4.67|4.67|4.56|4.82|4.68|4.52|4.55|4.20|4.58|4.30
KARMARKAR MEDHA|01:420:215:03|4.67|4.67|4.56|4.82|4.68|4.52|4.55|4.20|4.58|4.30
SPEER MARY|01:420:216:01|4.64|4.45|4.27|4.45|4.36|3.95|4.05|3.73|4.18|4.00
PIROUX LORRAINE|01:420:216:20|4.64|4.45|4.27|4.45|4.36|3.95|4.05|3.73|4.18|4.00
EISENZWEIG URI|01:420:217:71|3.88|4.25|4.13|4.50|4.38|3.75|3.86|4.75|3.86|4.00
WILLIAMS ALAN|01:420:306:01|4.75|4.75|4.65|4.70|4.74|4.58|4.70|3.74|4.63|4.65
WILLIAMS ALAN|01:420:307:01|4.29|4.27|4.53|4.27|4.07|4.14|4.27|3.67|4.47|4.33
SCHILLING DEREK|01:420:316:01|4.67|4.67|4.32|4.67|4.11|4.50|4.47|3.95|4.78|4.19
SHAW MARY|01:420:317:20|4.60|4.80|4.78|4.80|4.78|4.33|4.11|4.78|4.67|4.63
AUBERT ANNE|01:420:332:30|3.94|4.06|3.72|3.95|4.17|3.83|3.61|3.67|4.00|3.65
SHAW MARY|01:420:337:01|4.71|4.93|4.71|5.00|4.71|4.64|4.43|4.36|4.71|4.69|5.00|5.00|5.00|5.00|5.00|4.00|5.00|5.00|5.00
LARRIER RENEE|01:420:413:01|4.57|4.40|4.24|4.25|4.06|4.00|3.90|3.95|4.28|4.21|5.00|4.00|5.00|5.00|3.00|5.00|4.00|5.00|5.00
ALLAMAND CAROLE|01:420:480:30|4.94|4.88|4.71|4.94|5.00|4.76|4.65|4.00|4.81|4.86
SCHILLING DEREK|01:420:481:01|5.00|4.87|4.87|5.00|4.88|4.87|4.87|4.19|4.93|4.79
