EDERY ISAAC|01:447:315:00|4.53|4.45|4.45|4.47|4.38|4.35|4.43|4.31|4.42|4.47
NEMEROFF MARTIN|01:447:315:00|4.53|4.45|4.45|4.47|4.38|4.35|4.43|4.31|4.42|4.47
SINGSON ANDREW|01:447:315:00|4.53|4.45|4.45|4.47|4.38|4.35|4.43|4.31|4.42|4.47
GRANT BARTH|01:447:315:00|4.53|4.45|4.45|4.47|4.38|4.35|4.43|4.31|4.42|4.47
PATTERSON GARTH|01:447:315:00|4.53|4.45|4.45|4.47|4.38|4.35|4.43|4.31|4.42|4.47
RONGO CHRIS|01:447:380:00|4.49|4.37|4.11|4.41|4.25|4.03|3.95|3.68|4.22|3.91|3.50
SINHA NAVIN|01:447:380:00|4.49|4.37|4.11|4.41|4.25|4.03|3.95|3.68|4.22|3.91|3.50|5.00|5.00|5.00|5.00|5.00|5.00|5.00
DOUBLIT SUSAN|01:447:382:05|4.81|4.72|4.54|4.86|4.74|4.60|4.24|3.99|4.76|4.32|3.88|4.40|4.25|5.00|5.00|5.00|5.00|5.00
BRENNEMAN MARK|01:447:385:00|4.19|3.81|3.63|3.94|3.95|3.65|3.89|4.49|3.64|3.79
HEY EMANUEL|01:447:385:00|4.19|3.81|3.63|3.94|3.95|3.65|3.89|4.49|3.64|3.79
KEATING ANNE|01:447:390:00|4.85|4.69|4.50|4.61|4.33|4.29|4.59|4.11|4.55|4.38|4.00
STOLEN JOANNE|01:447:392:01|4.19|4.00|3.97|4.11|4.19|3.39|3.89|4.00|3.76|3.77|4.50|5.00|5.00|5.00|5.00|5.00
SIMON LEE|01:447:398:01|4.33|4.00|3.89|4.11|3.33|3.44|4.33|4.33|4.00|3.89
SINHA NAVIN|01:447:404:01|4.71|4.69|4.65|4.69|4.69|4.50|4.54|4.27|4.65|4.49
PASSMORE HOWARD|01:447:404:02|4.71|4.69|4.65|4.69|4.69|4.50|4.54|4.27|4.65|4.49|4.44|4.64|4.77|3.00
GHARANI NEDA|01:447:404:03|4.71|4.69|4.65|4.69|4.69|4.50|4.54|4.27|4.65|4.49|4.44
SERRANAO LOURDES|01:447:404:03|4.71|4.69|4.65|4.69|4.69|4.50|4.54|4.27|4.65|4.49|4.44
HAVILAND MARTHA|01:447:481:01|4.89|4.80|4.39|4.72|4.53|4.28|4.38|4.29|4.59|4.49|3.40|3.81|3.80|4.35|4.49
MATISE TARA|01:447:481:01|4.89|4.80|4.39|4.72|4.53|4.28|4.38|4.29|4.59|4.49|3.40|3.81|3.80|4.35|4.49
MCGUIRE TERRY|01:447:484:01|4.84|4.55|4.38|4.47|4.19|4.03|4.38|4.28|4.44|4.28
