HYDE ELIZABETH|01:510:101:01|4.17|4.13|3.43|4.09|4.02|3.39|3.71|3.72|3.60|3.58
SMITH BONNIE|01:510:102:01|4.41|4.25|4.16|4.27|4.19|3.98|4.07|3.86|4.09|4.06
MATSUDA MATT|01:510:102:02|4.41|4.25|4.16|4.27|4.19|3.98|4.07|3.86|4.09|4.06
HANEBRINK PAUL|01:510:102:10|4.41|4.25|4.16|4.27|4.19|3.98|4.07|3.86|4.09|4.06
OBRIEN MATTHEW|01:510:102:20|4.41|4.25|4.16|4.27|4.19|3.98|4.07|3.86|4.09|4.06|5.00
DIBATTISTA ANTHONY|01:510:211:01|4.95|4.90|4.95|5.00|4.48|4.86|4.81|4.05|4.95|4.71|5.00
BELLANY ALASTAIR|01:510:245:01|4.89|4.87|4.76|4.84|4.38|4.66|4.66|4.29|4.76|4.74
HELLBECK JOCHEN|01:510:271:01|4.70|4.52|4.61|4.52|4.61|4.70|4.74|4.23|4.64|4.55
MANSELL CATHERINE|01:510:306:01|4.18|4.70|4.00|4.57|4.57|3.95|3.95|4.22|4.18|4.05
KELLY SAMANTHA|01:510:317:01|4.94|4.91|4.66|4.85|4.67|4.63|4.67|4.16|4.79|4.61
LEE MAURICE|01:510:319:01|4.83|4.86|4.28|4.62|4.36|4.04|4.28|3.79|4.41|4.25
OBRIEN MATTHEW|01:510:325:01|4.66|4.84|4.78|4.83|4.71|4.53|4.59|3.82|4.62|4.41
HAMILTON LOUIS|01:510:329:01|4.18|4.41|3.91|4.32|3.61|3.61|3.83|3.19|3.95|3.81|5.00|5.00|5.00|5.00|5.00
JONES JENNIFER|01:510:333:01|4.85|4.77|4.58|4.83|4.81|4.54|4.59|4.13|4.54|4.56
KLEINPEJOVSA REBEKLEI|01:510:392:01|4.71|4.86|4.57|4.71|4.86|4.57|4.71|4.33|4.57|4.43
