TESAR BRUCE|01:615:101:00|4.52|4.19|3.97|4.36|4.10|3.80|3.93|3.32|4.06|3.78
AKINLABI AKINBIYI|01:615:101:71|4.52|4.19|3.97|4.36|4.10|3.80|3.93|3.32|4.06|3.78
NUNDEL ANDRE|01:615:201:01|4.33|3.92|3.88|4.31|4.25|3.87|3.88|3.56|3.96|3.92
BITTNER MARIA|01:615:201:02|4.33|3.92|3.88|4.31|4.25|3.87|3.88|3.56|3.96|3.92
MCCOYRUSANOVA SVETLANA|01:615:201:03|4.33|3.92|3.88|4.31|4.25|3.87|3.88|3.56|3.96|3.92
DELACY PAUL|01:615:315:01|4.84|4.79|4.68|4.89|4.84|4.63|4.68|4.16|4.72|4.56
SCHWARZSCHILD ROGER|01:615:325:01|4.58|4.37|4.32|4.53|4.53|4.37|4.37|3.95|4.32|4.44|2.00|3.00|2.00|2.00
DEPREZ VIVIANE|01:615:340:01|3.88|3.88|3.76|3.94|4.24|3.47|3.59|4.00|3.65|3.47
STROMSWOLD KARIN|01:615:371:01|3.67|4.33|3.67|4.00|4.33|3.67|3.67|4.67|3.67|4.33
DELACY PAUL|01:615:451:01|4.94|4.88|4.82|4.88|4.82|4.59|4.31|4.24|4.71|4.82
