REED CATHERINE|01:082:105:01|4.73|4.64|4.64|4.58|4.61|4.42|4.50|3.90|4.57|4.51
THOMAS BRAGAN|01:082:105:03|4.73|4.64|4.64|4.58|4.61|4.42|4.50|3.90|4.57|4.51|5.00|5.00|5.00|5.00|5.00|5.00|5.00|5.00|5.00
STEFFENSEN INGRID|01:082:106:00|4.80|4.42|4.65|4.60|4.38|4.52|4.64|4.17|4.66|4.58|5.00|5.00
GOPIN SETH|01:082:106:00|4.80|4.42|4.65|4.60|4.38|4.52|4.64|4.17|4.66|4.58|5.00|5.00
STEFFENSEN INGRID|01:082:106:00|4.80|4.42|4.65|4.60|4.38|4.52|4.64|4.17|4.66|4.58
GOPIN SETH|01:082:106:00|4.80|4.42|4.65|4.60|4.38|4.52|4.64|4.17|4.66|4.58|5.00
THOMAS BRAGAN|01:082:106:25|4.80|4.42|4.65|4.60|4.38|4.52|4.64|4.17|4.66|4.58
CHENG SANDRA|01:082:106:30|4.80|4.42|4.65|4.60|4.38|4.52|4.64|4.17|4.66|4.58
BUDD DENISE|01:082:106:31|4.80|4.42|4.65|4.60|4.38|4.52|4.64|4.17|4.66|4.58
GOPIN SETH|01:082:112:01|3.88|4.38|4.50|4.50|4.25|3.88|4.29|4.25|4.00
BUDD DENISE|01:082:310:01|4.75|4.70|4.84|4.69|4.36|4.56|4.64|4.46|4.66|4.63|5.00
BUDD DENISE|01:082:310:02|4.75|4.70|4.84|4.69|4.36|4.56|4.64|4.46|4.66|4.63
HOWARD ANGELA|01:082:321:01|3.45|3.21|3.40|3.05|2.68|2.75|3.58|3.10|2.63|2.90
HOWARD ANGELA|01:082:322:01|4.11|3.78|4.00|3.78|3.33|3.67|4.17|4.35|3.67|3.89
HOWARD ANGELA|01:082:323:01|3.94|3.00|3.60|3.11|2.83|2.50|3.83|3.61|3.06|3.17
BRETTSMITH SARAH|01:082:333:01|4.27|4.32|3.90|4.41|4.41|3.59|3.95|3.19|3.82|3.86
KENFIELD JOHN|01:082:342:01|4.69|4.75|4.69|4.69|4.31|4.14|4.31|3.74|4.44|4.29
PUGLISI CATHERINE|01:082:365:01|4.78|4.89|4.78|4.89|4.65|4.65|4.84|4.38|4.84|4.73
STEFFENSEN INGRID|01:082:368:01|4.97|4.93|4.86|4.89|4.72|4.76|4.86|4.71|4.86|4.75
THUNO ERIK|01:082:374:01|4.79|4.61|4.38|4.61|4.21|4.27|4.42|3.79|4.43|4.38
BRETTSMITH SARAH|01:082:376:01|3.90|4.17|3.63|4.10|3.14|3.31|3.81|3.45|3.52|3.39|5.00|5.00
BZDAK MEREDITH|01:082:421:01|5.00|4.91|5.00|4.75|4.60|4.64|5.00|4.08|4.92|4.83
LISTOKIN DAVID|01:082:431:01|4.40|4.10|4.40|4.20|4.80|4.11|4.44|3.88|4.40|4.20|5.00
YANNI CARLA|01:082:446:01|4.79|4.75|4.41|4.75|4.67|4.45|4.70|4.63|4.55|4.57
ISENBERG ALISON|01:082:446:01|4.79|4.75|4.41|4.75|4.67|4.45|4.70|4.63|4.55|4.57
HARVEY A|01:082:492:01|4.85|4.85|4.70|4.85|4.87|4.60|4.57|3.80|4.76|4.69
GUEST EMMA|01:082:492:02|4.85|4.85|4.70|4.85|4.87|4.60|4.57|3.80|4.76|4.69
OHARE MARY|01:082:492:03|4.85|4.85|4.70|4.85|4.87|4.60|4.57|3.80|4.76|4.69
BZDAK MICHAEL|01:082:492:05|4.85|4.85|4.70|4.85|4.87|4.60|4.57|3.80|4.76|4.69
