BALM ROGER|01:450:100:01|4.74|4.55|4.44|4.54|4.63|4.17|4.11|3.38|4.46|4.29|5.00|5.00|5.00|3.00|5.00|5.00
BALM ROGER|01:450:102:01|4.60|4.45|4.17|4.51|4.57|3.91|3.90|3.06|4.29|3.98|4.00|3.00|4.00|4.00|4.00|4.00|3.00|2.00
HORDON ROBERT|01:450:208:01|4.60|4.21|4.28|4.50|4.21|3.87|4.04|3.76|3.96|3.81|3.50
MITCHELL JAMES|01:450:311:01|4.50|4.08|3.78|4.04|3.63|3.38|3.75|4.00|3.75|3.67
STMARTIN KEVIN|01:450:321:01|4.75|4.54|4.79|4.88|4.71|4.58|4.70|3.79|4.71|4.57
STMARTIN KEVIN|01:450:321:02|4.75|4.54|4.79|4.88|4.71|4.58|4.70|3.79|4.71|4.57
SCHNEIDER LAURA|01:450:322:01|3.77|4.00|3.85|4.31|4.62|3.31|3.77|3.85|3.92|3.83
LEICHENKO ROBIN|01:450:330:01|4.70|4.73|4.35|4.70|4.70|4.26|4.26|3.96|4.57|4.50|5.00
WACKER PETER|01:450:331:01|3.42|3.94|3.93|3.84|4.20|3.19|3.58|3.63|3.40|3.50|5.00|5.00|5.00|5.00|5.00|5.00|5.00|5.00|5.00
HANES SAMUEL|01:450:334:01|4.58|4.37|3.78|4.32|3.89|3.73|3.74|3.53|3.97|3.69|5.00
SIEGEL MICHAEL|01:450:355:01|4.46|4.46|4.00|4.69|4.23|4.08|4.38|4.46|4.25|4.17
HORDON ROBERT|01:450:403:01|4.38|4.38|4.50|4.89|4.13|4.13|4.13|3.63|4.25|3.88
