ZBAIDA SHMUEL|01:160:127:01|4.35|4.05|4.14|4.57|4.60|4.00|3.71|3.10|4.05|3.95
RABEONY MANESE|01:160:133:04|4.50|4.15|4.65|4.30|4.42|4.30|4.40|3.55|4.45|4.35
RABEONY MANESE|01:160:134:01|4.31|3.89|4.27|4.22|4.41|4.06|4.02|3.45|4.03|4.05
PETRONE LOUIS|01:160:159:00|3.97|3.93|3.43|4.04|3.83|3.30|3.29|2.98|3.50|3.14|1.00|1.00|1.00|1.00
MARVASTI SETAREH|01:160:159:00|3.97|3.93|3.43|4.04|3.83|3.30|3.29|2.98|3.50|3.14|4.04
PETRONE LOUIS|01:160:159:01|3.97|3.93|3.43|4.04|3.83|3.30|3.29|2.98|3.50|3.14|4.04|5.00|5.00
ROYCHOWDHURY LIPIKA|01:160:159:02|3.97|3.93|3.43|4.04|3.83|3.30|3.29|2.98|3.50|3.14
ROYCHOWDHURY LIPIKA|01:160:159:03|3.97|3.93|3.43|4.04|3.83|3.30|3.29|2.98|3.50|3.14
MARVASTI SETAREH|01:160:159:04|3.97|3.93|3.43|4.04|3.83|3.30|3.29|2.98|3.50|3.14|4.04
ROYCHOWDHURY LIPIKA|01:160:159:05|3.97|3.93|3.43|4.04|3.83|3.30|3.29|2.98|3.50|3.14
ROWCHOWDHURY LIPIKA|01:160:159:06|3.97|3.93|3.43|4.04|3.83|3.30|3.29|2.98|3.50|3.14
MARVASTI SETAREH|01:160:159:07|3.97|3.93|3.43|4.04|3.83|3.30|3.29|2.98|3.50|3.14
ROYCHOWDHURY LIPIKA|01:160:159:08|3.97|3.93|3.43|4.04|3.83|3.30|3.29|2.98|3.50|3.14
PETRONE LOUIS|01:160:159:13|3.97|3.93|3.43|4.04|3.83|3.30|3.29|2.98|3.50|3.14
MARVASTI SETAREH|01:160:159:14|3.97|3.93|3.43|4.04|3.83|3.30|3.29|2.98|3.50|3.14
PETRONE LOUIS|01:160:159:16|3.97|3.93|3.43|4.04|3.83|3.30|3.29|2.98|3.50|3.14
KIMMEL PAUL|01:160:161:00|4.34|4.08|3.86|4.20|4.17|3.76|3.72|3.45|3.98|3.65|4.75|4.67|4.50
VASSILIAN ASBED|01:160:161:00|4.34|4.08|3.86|4.20|4.17|3.76|3.72|3.45|3.98|3.65
GOVINDARAJOO GEETA|01:160:161:00|4.34|4.08|3.86|4.20|4.17|3.76|3.72|3.45|3.98|3.65
SIEGEL DONALD|01:160:161:00|4.34|4.08|3.86|4.20|4.17|3.76|3.72|3.45|3.98|3.65|4.75|4.67
AGARWAL RAMESHWAR|01:160:161:03|4.34|4.08|3.86|4.20|4.17|3.76|3.72|3.45|3.98|3.65
AGARWAL RAMESHWAR|01:160:161:04|4.34|4.08|3.86|4.20|4.17|3.76|3.72|3.45|3.98|3.65
AGARWAL RAMESHWAR|01:160:161:05|4.34|4.08|3.86|4.20|4.17|3.76|3.72|3.45|3.98|3.65|4.75|4.67|4.50|5.00|5.00|5.00|5.00|5.00|5.00
SANGARI HARPAL|01:160:161:07|4.34|4.08|3.86|4.20|4.17|3.76|3.72|3.45|3.98|3.65
SANGARI HARPAL|01:160:161:08|4.34|4.08|3.86|4.20|4.17|3.76|3.72|3.45|3.98|3.65
MARKY NANCY|01:160:161:18|4.34|4.08|3.86|4.20|4.17|3.76|3.72|3.45|3.98|3.65
SANGARI HARPAL|01:160:161:19|4.34|4.08|3.86|4.20|4.17|3.76|3.72|3.45|3.98|3.65
MARKY NANCY|01:160:161:20|4.34|4.08|3.86|4.20|4.17|3.76|3.72|3.45|3.98|3.65
SANGARI HARPAL|01:160:161:21|4.34|4.08|3.86|4.20|4.17|3.76|3.72|3.45|3.98|3.65
TAUSS EDWARD|01:160:161:22|4.34|4.08|3.86|4.20|4.17|3.76|3.72|3.45|3.98|3.65
MARKY NANCY|01:160:161:24|4.34|4.08|3.86|4.20|4.17|3.76|3.72|3.45|3.98|3.65|4.75
TAUSS EDWARD|01:160:161:25|4.34|4.08|3.86|4.20|4.17|3.76|3.72|3.45|3.98|3.65
TAUSS EDWARD|01:160:161:28|4.34|4.08|3.86|4.20|4.17|3.76|3.72|3.45|3.98|3.65
MARKY NANCY|01:160:161:29|4.34|4.08|3.86|4.20|4.17|3.76|3.72|3.45|3.98|3.65
AGARWAL RAMESHWAR|01:160:161:30|4.34|4.08|3.86|4.20|4.17|3.76|3.72|3.45|3.98|3.65
PORCJA ROBERT|01:160:161:32|4.34|4.08|3.86|4.20|4.17|3.76|3.72|3.45|3.98|3.65
PORCJA ROBERT|01:160:161:33|4.34|4.08|3.86|4.20|4.17|3.76|3.72|3.45|3.98|3.65
PORCJA ROBERT|01:160:161:35|4.34|4.08|3.86|4.20|4.17|3.76|3.72|3.45|3.98|3.65
RABEONY MANESE|01:160:161:71|4.34|4.08|3.86|4.20|4.17|3.76|3.72|3.45|3.98|3.65
ZHANG HONGMEI|01:160:161:73|4.34|4.08|3.86|4.20|4.17|3.76|3.72|3.45|3.98|3.65
CARLSON DAVID|01:160:161:74|4.34|4.08|3.86|4.20|4.17|3.76|3.72|3.45|3.98|3.65
ZHANG HONGMEI|01:160:161:75|4.34|4.08|3.86|4.20|4.17|3.76|3.72|3.45|3.98|3.65
RABEONY MANESE|01:160:161:76|4.34|4.08|3.86|4.20|4.17|3.76|3.72|3.45|3.98|3.65
MARKY NANCY|01:160:162:00|3.98|3.92|3.66|3.98|3.93|3.37|3.33|2.83|3.67|3.07|3.00|3.00|2.00|4.00
PORCJA ROBERT|01:160:162:01|3.98|3.92|3.66|3.98|3.93|3.37|3.33|2.83|3.67|3.07
WAIDLICH JUDITH|01:160:162:02|3.98|3.92|3.66|3.98|3.93|3.37|3.33|2.83|3.67|3.07
PORCJA ROBERT|01:160:162:04|3.98|3.92|3.66|3.98|3.93|3.37|3.33|2.83|3.67|3.07
WAIDLICH JUDITH|01:160:162:06|3.98|3.92|3.66|3.98|3.93|3.37|3.33|2.83|3.67|3.07
WAIDLICH JUDITH|01:160:162:07|3.98|3.92|3.66|3.98|3.93|3.37|3.33|2.83|3.67|3.07
PORCJA ROBERT|01:160:162:08|3.98|3.92|3.66|3.98|3.93|3.37|3.33|2.83|3.67|3.07
KRENOS JOHN|01:160:163:01|4.90|4.68|4.42|4.61|4.84|4.52|4.28|3.87|4.58|4.58
ZBAIDA SHMUEL|01:160:209:01|2.95|2.74|2.55|3.55|3.33|2.02|2.41|2.27|2.37|2.29
VASSILIAN ASBED|01:160:251:00|4.43|4.32|4.20|4.35|3.93|3.74|3.83|3.60|4.10|3.63
MARVASTI SETAREH|01:160:251:02|4.43|4.32|4.20|4.35|3.93|3.74|3.83|3.60|4.10|3.63
OCONNOR PATRICK|01:160:307:00|4.27|4.28|4.04|4.37|4.29|3.98|4.06|3.51|4.16|3.88|4.45|4.71|4.50|5.00|5.00|5.00|4.75|5.00
WHALEY LONIS|01:160:307:31|4.27|4.28|4.04|4.37|4.29|3.98|4.06|3.51|4.16|3.88
ZBAIDA SHMUEL|01:160:307:32|4.27|4.28|4.04|4.37|4.29|3.98|4.06|3.51|4.16|3.88
ZBAIDA SHMUEL|01:160:307:34|4.27|4.28|4.04|4.37|4.29|3.98|4.06|3.51|4.16|3.88
WHALEY LOUIS|01:160:307:35|4.27|4.28|4.04|4.37|4.29|3.98|4.06|3.51|4.16|3.88
BOIKESS ROBERT|01:160:307:38|4.27|4.28|4.04|4.37|4.29|3.98|4.06|3.51|4.16|3.88
OCONNOR PATRICK|01:160:307:41|4.27|4.28|4.04|4.37|4.29|3.98|4.06|3.51|4.16|3.88
ZHANG HONGMEI|01:160:307:42|4.27|4.28|4.04|4.37|4.29|3.98|4.06|3.51|4.16|3.88
ZHANG HONGMEI|01:160:307:44|4.27|4.28|4.04|4.37|4.29|3.98|4.06|3.51|4.16|3.88
OCONNOR PATRICK|01:160:307:46|4.27|4.28|4.04|4.37|4.29|3.98|4.06|3.51|4.16|3.88
ZHANG HONGMEI|01:160:307:48|4.27|4.28|4.04|4.37|4.29|3.98|4.06|3.51|4.16|3.88
CHOE YUN|01:160:307:52|4.27|4.28|4.04|4.37|4.29|3.98|4.06|3.51|4.16|3.88|4.45|4.71|4.50|5.00|5.00|5.00|4.75|5.00|4.00
ZBAIDA SHMUEL|01:160:307:54|4.27|4.28|4.04|4.37|4.29|3.98|4.06|3.51|4.16|3.88
TAYLOR JOHN|01:160:310:00|4.65|4.55|4.32|4.68|4.38|4.22|4.25|4.03|4.51|4.28|4.50
GOVINDARAJOO GEETA|01:160:311:01|4.63|4.44|4.06|4.45|4.21|4.09|4.02|3.27|4.41|3.88
GOVINDARAJOO GEETA|01:160:311:02|4.63|4.44|4.06|4.45|4.21|4.09|4.02|3.27|4.41|3.88|5.00
GOVINDARAJOO GEETA|01:160:311:03|4.63|4.44|4.06|4.45|4.21|4.09|4.02|3.27|4.41|3.88
MINHAS GURPREETSI|01:160:311:05|4.63|4.44|4.06|4.45|4.21|4.09|4.02|3.27|4.41|3.88|5.00|5.00
GOVINDARAJOO GEETA|01:160:311:06|4.63|4.44|4.06|4.45|4.21|4.09|4.02|3.27|4.41|3.88
GOVINDARAJOO GEETA|01:160:311:10|4.63|4.44|4.06|4.45|4.21|4.09|4.02|3.27|4.41|3.88
GOVINDARAJOO GEETA|01:160:311:12|4.63|4.44|4.06|4.45|4.21|4.09|4.02|3.27|4.41|3.88
GOVINDARAJOO GEETA|01:160:311:15|4.63|4.44|4.06|4.45|4.21|4.09|4.02|3.27|4.41|3.88
ROTH HEINZ|01:160:315:01|3.78|2.67|3.17|2.89|2.56|2.78|3.83|3.83|2.72|3.33|5.00|5.00
HERZOG G|01:160:327:01|4.28|4.24|3.91|4.33|4.20|3.88|3.79|3.58|4.01|3.86
KROGHJESPERSON|01:160:327:01|4.28|4.24|3.91|4.33|4.20|3.88|3.79|3.58|4.01|3.86
HERZOG G|01:160:327:02|4.28|4.24|3.91|4.33|4.20|3.88|3.79|3.58|4.01|3.86
KROGHJESPERSEN|01:160:327:02|4.28|4.24|3.91|4.33|4.20|3.88|3.79|3.58|4.01|3.86
MARKY NANCY|01:160:341:01|3.47|3.11|2.66|3.53|2.74|2.53|2.54|2.75|2.52|2.34|5.00
HALL GENE|01:160:348:00|4.24|4.24|4.05|4.25|3.89|3.53|3.77|3.78|3.79|3.64|4.67
ISIED STEPHEN|01:160:361:01|3.54|3.64|3.64|4.41|3.86|3.41|3.43|3.43|3.43|3.36
BRENNAN JOAN|01:160:371:01|4.67|4.61|4.78|4.72|4.56|4.61|4.65|4.18|4.71|4.35
LEE JEEHIUN|01:160:411:01|5.00|4.86|4.57|5.00|4.71|4.57|4.86|4.43|5.00|4.71
BURKE KIERON|01:160:491:02|4.48|4.59|4.37|4.57|4.42|4.34|3.86|3.59|4.61|4.28
BOIKESS ROBERT|01:160:491:03|4.48|4.59|4.37|4.57|4.42|4.34|3.86|3.59|4.61|4.28
