OBAYASHI HIROSHI|01:840:112:01|4.20|3.78|3.91|3.89|3.87|3.54|3.89|3.62|3.76|3.62|4.00|4.33|4.33|4.33|4.33|4.33|4.00|4.33|4.33
GREEN ALBERTO|01:840:201:01|4.40|4.16|4.28|4.44|4.00|4.06|4.14|3.89|4.16|4.06
ROBERTSON WARREN|01:840:201:02|4.40|4.16|4.28|4.44|4.00|4.06|4.14|3.89|4.16|4.06
ROBERTSON WARREN|01:840:201:03|4.40|4.16|4.28|4.44|4.00|4.06|4.14|3.89|4.16|4.06
SMITH MAHLON|01:840:202:01|4.55|4.50|4.46|4.57|4.35|4.26|4.44|4.10|4.40|4.30
KOLBABA TIA|01:840:202:02|4.55|4.50|4.46|4.57|4.35|4.26|4.44|4.10|4.40|4.30
GIBSON ELIZABETH|01:840:202:03|4.55|4.50|4.46|4.57|4.35|4.26|4.44|4.10|4.40|4.30
GIBSON ELIZABETH|01:840:202:04|4.55|4.50|4.46|4.57|4.35|4.26|4.44|4.10|4.40|4.30
PAVLIN JAMES|01:840:203:01|4.74|4.84|4.75|4.84|4.32|4.41|4.53|4.63|4.60|4.63
DEHGANI PARVIZ|01:840:211:00|4.19|4.14|4.12|4.28|3.97|3.80|4.13|3.76|3.98|3.87|5.00|5.00|5.00
MYLADIL THOMAS|01:840:211:01|4.19|4.14|4.12|4.28|3.97|3.80|4.13|3.76|3.98|3.87
MYLADIL THOMAS|01:840:211:02|4.19|4.14|4.12|4.28|3.97|3.80|4.13|3.76|3.98|3.87
GUAN PING|01:840:211:03|4.19|4.14|4.12|4.28|3.97|3.80|4.13|3.76|3.98|3.87
DEHGHANI PARVIZ|01:840:211:04|4.19|4.14|4.12|4.28|3.97|3.80|4.13|3.76|3.98|3.87
ZAMANI AMIR|01:840:212:01|4.37|4.37|4.14|4.57|4.41|3.88|4.20|3.85|4.09|4.04
PAVLIN JAMES|01:840:212:02|4.37|4.37|4.14|4.57|4.41|3.88|4.20|3.85|4.09|4.04|5.00
BOWDEN HENRY|01:840:212:03|4.37|4.37|4.14|4.57|4.41|3.88|4.20|3.85|4.09|4.04
MCCREE JOHN|01:840:212:04|4.37|4.37|4.14|4.57|4.41|3.88|4.20|3.85|4.09|4.04
RHODES HOWARD|01:840:240:01|4.89|4.89|4.74|4.89|4.84|4.74|4.74|3.79|4.89|4.72
SMITH MAHLON|01:840:309:01|4.91|4.88|4.74|4.88|4.85|4.56|4.65|4.53|4.79|4.76
KOLBABA TIA|01:840:312:01|4.57|4.97|4.82|4.93|4.68|4.64|4.85|4.14|4.71|4.52|5.00|5.00|5.00|5.00|5.00|5.00|5.00|5.00|5.00
BOWDEN HENRY|01:840:320:01|4.74|4.67|4.48|4.63|4.19|4.07|4.46|3.74|4.31|4.15
DEHGHANI PARVIZ|01:840:323:01|2.85|3.15|2.97|3.73|3.12|2.72|2.66|4.03|2.70|2.94
GUAN PING|01:840:324:01|4.69|4.68|4.69|4.88|4.85|4.65|4.77|4.44|4.68|4.64
ZAMANI AMIR|01:840:326:01|3.90|3.71|3.26|3.71|3.86|3.33|3.62|4.19|3.70|3.71
BRYANT EDWIN|01:840:358:01|4.56|4.63|4.65|4.67|4.44|4.37|4.77|4.69|4.67|4.56|5.00
BRYANT EDWIN|01:840:368:01|4.31|4.38|4.42|4.48|4.24|4.07|4.29|3.75|4.43|4.27|5.00
MORWEDGE PARVIZ|01:840:374:01|3.44|3.69|3.69|4.13|3.56|3.44|3.38|3.47|3.38|3.25
MOJADDEDI JAWID|01:840:393:01|4.80|4.73|4.73|4.90|4.90|4.73|4.70|4.09|4.78|4.67|5.00|3.00|4.00
MOJADDEDI JAWID|01:840:426:01|4.78|4.72|4.72|4.72|4.56|4.33|4.67|4.00|4.81|4.75
RHODES HOWARD|01:840:426:02|4.78|4.72|4.72|4.72|4.56|4.33|4.67|4.00|4.81|4.75
