PAPALI GILBERT|01:640:001:20|4.70|4.62|4.40|4.60|4.40|4.35|3.94|2.59|4.57|4.24
PAPALI GILBERT|01:640:001:28|4.70|4.62|4.40|4.60|4.40|4.35|3.94|2.59|4.57|4.24|5.00|5.00
REITMANN JOHN|01:640:023:01|4.64|4.64|4.64|4.64|4.54|4.62|4.57|3.69|4.91|4.33|5.00|5.00|5.00|5.00|5.00|5.00|5.00|5.00|5.00
ARSZULOWICZ STANLEY|01:640:025:01|4.57|4.37|4.09|4.39|4.43|4.04|3.88|2.45|4.25|3.95|4.60|5.00|5.00|4.00|5.00
ARSZULOWICZ STANLEY|01:640:025:03|4.57|4.37|4.09|4.39|4.43|4.04|3.88|2.45|4.25|3.95
DODD JENNIFER|01:640:025:06|4.57|4.37|4.09|4.39|4.43|4.04|3.88|2.45|4.25|3.95
WILLIAMS DAVID|01:640:025:10|4.57|4.37|4.09|4.39|4.43|4.04|3.88|2.45|4.25|3.95
WILLIAMS DAVID|01:640:025:12|4.57|4.37|4.09|4.39|4.43|4.04|3.88|2.45|4.25|3.95
ABOELNAGA EMAN|01:640:025:14|4.57|4.37|4.09|4.39|4.43|4.04|3.88|2.45|4.25|3.95
PAPALI GILBERT|01:640:025:20|4.57|4.37|4.09|4.39|4.43|4.04|3.88|2.45|4.25|3.95
PAPALI GILBERT|01:640:025:28|4.57|4.37|4.09|4.39|4.43|4.04|3.88|2.45|4.25|3.95
SCHEIMAN DAVID|01:640:025:30|4.57|4.37|4.09|4.39|4.43|4.04|3.88|2.45|4.25|3.95
HINTON MELVIN|01:640:025:31|4.57|4.37|4.09|4.39|4.43|4.04|3.88|2.45|4.25|3.95
ILARIA DAN|01:640:025:35|4.57|4.37|4.09|4.39|4.43|4.04|3.88|2.45|4.25|3.95|4.60
AMODIO JAMES|01:640:025:38|4.57|4.37|4.09|4.39|4.43|4.04|3.88|2.45|4.25|3.95|4.60|5.00|4.00|3.00
REITMANN JOHN|01:640:025:40|4.57|4.37|4.09|4.39|4.43|4.04|3.88|2.45|4.25|3.95|4.60
SCHWARTZ SHARON|01:640:025:42|4.57|4.37|4.09|4.39|4.43|4.04|3.88|2.45|4.25|3.95
OROURKE JEANNETTE|01:640:025:45|4.57|4.37|4.09|4.39|4.43|4.04|3.88|2.45|4.25|3.95
MCNAMARA ANNMARIE|01:640:025:46|4.57|4.37|4.09|4.39|4.43|4.04|3.88|2.45|4.25|3.95
MCNAMARA ANNEMARIE|01:640:025:48|4.57|4.37|4.09|4.39|4.43|4.04|3.88|2.45|4.25|3.95
ZADERMAN YURI|01:640:026:03|4.33|4.13|3.93|4.30|4.35|3.76|3.69|2.47|4.01|3.78|4.20|4.00|5.00|4.33|5.00|4.50|5.00|4.00|5.00
KINKHABWALA RITA|01:640:026:12|4.33|4.13|3.93|4.30|4.35|3.76|3.69|2.47|4.01|3.78
SAFRAN STEVEN|01:640:026:15|4.33|4.13|3.93|4.30|4.35|3.76|3.69|2.47|4.01|3.78
BHANDARI VINOD|01:640:026:16|4.33|4.13|3.93|4.30|4.35|3.76|3.69|2.47|4.01|3.78
BHANDARI VINOD|01:640:026:18|4.33|4.13|3.93|4.30|4.35|3.76|3.69|2.47|4.01|3.78
SAFRAN STEVEN|01:640:026:19|4.33|4.13|3.93|4.30|4.35|3.76|3.69|2.47|4.01|3.78
EVANS JUDITH|01:640:026:22|4.33|4.13|3.93|4.30|4.35|3.76|3.69|2.47|4.01|3.78
MARVIN MARY|01:640:026:30|4.33|4.13|3.93|4.30|4.35|3.76|3.69|2.47|4.01|3.78
RAINSFORD AGUSTA|01:640:026:32|4.33|4.13|3.93|4.30|4.35|3.76|3.69|2.47|4.01|3.78|4.20|4.00|4.33|4.00
SAFRAN STEVEN|01:640:026:34|4.33|4.13|3.93|4.30|4.35|3.76|3.69|2.47|4.01|3.78
YACHES EDGAR|01:640:026:35|4.33|4.13|3.93|4.30|4.35|3.76|3.69|2.47|4.01|3.78
YACHES EDGAR|01:640:026:37|4.33|4.13|3.93|4.30|4.35|3.76|3.69|2.47|4.01|3.78
OROURKE JEANNETTE|01:640:026:39|4.33|4.13|3.93|4.30|4.35|3.76|3.69|2.47|4.01|3.78
KLEIN BETH|01:640:026:40|4.33|4.13|3.93|4.30|4.35|3.76|3.69|2.47|4.01|3.78|4.20
KLEIN BETH|01:640:026:42|4.33|4.13|3.93|4.30|4.35|3.76|3.69|2.47|4.01|3.78
KOTHARI MANGALA|01:640:026:45|4.33|4.13|3.93|4.30|4.35|3.76|3.69|2.47|4.01|3.78
COLLINS ELIOT|01:640:026:50|4.33|4.13|3.93|4.30|4.35|3.76|3.69|2.47|4.01|3.78
MUKHERJEE ARUN|01:640:026:54|4.33|4.13|3.93|4.30|4.35|3.76|3.69|2.47|4.01|3.78
KABUS IRWIN|01:640:026:56|4.33|4.13|3.93|4.30|4.35|3.76|3.69|2.47|4.01|3.78
FISHER RANDOLPH|01:640:026:58|4.33|4.13|3.93|4.30|4.35|3.76|3.69|2.47|4.01|3.78
KABUS IRWIN|01:640:026:63|4.33|4.13|3.93|4.30|4.35|3.76|3.69|2.47|4.01|3.78|4.20
AMODIO JAMES|01:640:026:64|4.33|4.13|3.93|4.30|4.35|3.76|3.69|2.47|4.01|3.78|4.20|4.00|5.00|4.33|5.00|4.50
SCHWARTZ SHARON|01:640:026:65|4.33|4.13|3.93|4.30|4.35|3.76|3.69|2.47|4.01|3.78
HOROWITZ DIANA|01:640:027:01|4.48|4.27|3.99|4.37|4.55|4.09|3.86|1.99|4.24|3.91
HOROWITZ DIANA|01:640:027:02|4.48|4.27|3.99|4.37|4.55|4.09|3.86|1.99|4.24|3.91
DACOSTA LESLIE|01:640:027:04|4.48|4.27|3.99|4.37|4.55|4.09|3.86|1.99|4.24|3.91|5.00|5.00|5.00
DACOSTA LESLIE|01:640:027:05|4.48|4.27|3.99|4.37|4.55|4.09|3.86|1.99|4.24|3.91
ABOELNAGA EMAN|01:640:027:06|4.48|4.27|3.99|4.37|4.55|4.09|3.86|1.99|4.24|3.91|5.00
BHANDARI VINOD|01:640:027:09|4.48|4.27|3.99|4.37|4.55|4.09|3.86|1.99|4.24|3.91
COLLINS ELIOT|01:640:027:12|4.48|4.27|3.99|4.37|4.55|4.09|3.86|1.99|4.24|3.91
MARVIN MARY|01:640:103:04|4.52|4.44|4.20|4.61|4.50|4.17|3.84|2.47|4.35|3.99
NOONE KEVIN|01:640:103:06|4.52|4.44|4.20|4.61|4.50|4.17|3.84|2.47|4.35|3.99
NOONE KEVIN|01:640:103:07|4.52|4.44|4.20|4.61|4.50|4.17|3.84|2.47|4.35|3.99|5.00|5.00
BERKOWITZ JERRY|01:640:103:10|4.52|4.44|4.20|4.61|4.50|4.17|3.84|2.47|4.35|3.99
SANDERSON YASMINE|01:640:103:14|4.52|4.44|4.20|4.61|4.50|4.17|3.84|2.47|4.35|3.99
BERKOWITZ JERRY|01:640:103:18|4.52|4.44|4.20|4.61|4.50|4.17|3.84|2.47|4.35|3.99
SANDERSON YASMINE|01:640:103:20|4.52|4.44|4.20|4.61|4.50|4.17|3.84|2.47|4.35|3.99
CORWIN NATHAN|01:640:103:25|4.52|4.44|4.20|4.61|4.50|4.17|3.84|2.47|4.35|3.99
MCCULLOCH ALLISON|01:640:103:27|4.52|4.44|4.20|4.61|4.50|4.17|3.84|2.47|4.35|3.99
MARVIN MARY|01:640:103:30|4.52|4.44|4.20|4.61|4.50|4.17|3.84|2.47|4.35|3.99
BEALS MIDHAEL|01:640:103:91|4.52|4.44|4.20|4.61|4.50|4.17|3.84|2.47|4.35|3.99
ZADERMAN YURI|01:640:111:00|3.83|3.61|3.49|3.84|3.85|3.32|3.29|2.66|3.51|3.30
HOROWITZ DIANA|01:640:111:00|3.83|3.61|3.49|3.84|3.85|3.32|3.29|2.66|3.51|3.30|4.20
LIU YI|01:640:111:00|3.83|3.61|3.49|3.84|3.85|3.32|3.29|2.66|3.51|3.30
ABOELNAGA EMAN|01:640:111:00|3.83|3.61|3.49|3.84|3.85|3.32|3.29|2.66|3.51|3.30|4.20|3.33
ABOELNAGA EMAN|01:640:111:00|3.83|3.61|3.49|3.84|3.85|3.32|3.29|2.66|3.51|3.30|4.20|3.33|3.50|2.00|3.00|3.00|2.00|3.00
ZADERMAN YURI|01:640:111:00|3.83|3.61|3.49|3.84|3.85|3.32|3.29|2.66|3.51|3.30
MAKHANI NARMEEN|01:640:111:01|3.83|3.61|3.49|3.84|3.85|3.32|3.29|2.66|3.51|3.30
MAKHANI NARMEEN|01:640:111:02|3.83|3.61|3.49|3.84|3.85|3.32|3.29|2.66|3.51|3.30
MAKHANI NARMEEN|01:640:111:03|3.83|3.61|3.49|3.84|3.85|3.32|3.29|2.66|3.51|3.30
MAKHANI NARMEEN|01:640:111:04|3.83|3.61|3.49|3.84|3.85|3.32|3.29|2.66|3.51|3.30
SOLAIJAWAHAR AJAYC|01:640:111:05|3.83|3.61|3.49|3.84|3.85|3.32|3.29|2.66|3.51|3.30
SOLAIJAWAHAR AJAYC|01:640:111:06|3.83|3.61|3.49|3.84|3.85|3.32|3.29|2.66|3.51|3.30
SOLAIJAWAHAR AJAYC|01:640:111:07|3.83|3.61|3.49|3.84|3.85|3.32|3.29|2.66|3.51|3.30
TAKHTOVICH ANDREY|01:640:111:08|3.83|3.61|3.49|3.84|3.85|3.32|3.29|2.66|3.51|3.30
MARVIN BERTRAN|01:640:111:18|3.83|3.61|3.49|3.84|3.85|3.32|3.29|2.66|3.51|3.30
MARVIN BERTRAN|01:640:111:19|3.83|3.61|3.49|3.84|3.85|3.32|3.29|2.66|3.51|3.30
MARVIN BERTRAN|01:640:111:20|3.83|3.61|3.49|3.84|3.85|3.32|3.29|2.66|3.51|3.30
MARVIN BERTRAN|01:640:111:21|3.83|3.61|3.49|3.84|3.85|3.32|3.29|2.66|3.51|3.30
WOLF JOSEPH|01:640:111:22|3.83|3.61|3.49|3.84|3.85|3.32|3.29|2.66|3.51|3.30
KOTHARI MANGALA|01:640:111:29|3.83|3.61|3.49|3.84|3.85|3.32|3.29|2.66|3.51|3.30
KOTHARI MANGALA|01:640:111:30|3.83|3.61|3.49|3.84|3.85|3.32|3.29|2.66|3.51|3.30
KOTHARI MANGALA|01:640:111:31|3.83|3.61|3.49|3.84|3.85|3.32|3.29|2.66|3.51|3.30
OHARA DORENE|01:640:111:33|3.83|3.61|3.49|3.84|3.85|3.32|3.29|2.66|3.51|3.30
OHARA DORENE|01:640:111:34|3.83|3.61|3.49|3.84|3.85|3.32|3.29|2.66|3.51|3.30
OHARA DORENE|01:640:111:35|3.83|3.61|3.49|3.84|3.85|3.32|3.29|2.66|3.51|3.30
LO WEIWEI|01:640:111:41|3.83|3.61|3.49|3.84|3.85|3.32|3.29|2.66|3.51|3.30
LO WEIWEI|01:640:111:42|3.83|3.61|3.49|3.84|3.85|3.32|3.29|2.66|3.51|3.30
LO WEIWEI|01:640:111:43|3.83|3.61|3.49|3.84|3.85|3.32|3.29|2.66|3.51|3.30
PETERSON STEPHEN|01:640:112:00|4.09|3.87|3.62|4.05|3.72|3.41|3.45|2.86|3.61|3.49
HIRSCH LEWIS|01:640:112:00|4.09|3.87|3.62|4.05|3.72|3.41|3.45|2.86|3.61|3.49
SAFRAN STEVEN|01:640:112:00|4.09|3.87|3.62|4.05|3.72|3.41|3.45|2.86|3.61|3.49|4.33|4.00|3.00|3.00|3.00
GUDMUNDSDOTTIR RAGNHEIDUR|01:640:112:01|4.09|3.87|3.62|4.05|3.72|3.41|3.45|2.86|3.61|3.49
GUDMUNDSDOTTIR RAGNHEIDUR|01:640:112:02|4.09|3.87|3.62|4.05|3.72|3.41|3.45|2.86|3.61|3.49|4.33
GUDMUNDSDOTTIR RAGNHEIDUR|01:640:112:03|4.09|3.87|3.62|4.05|3.72|3.41|3.45|2.86|3.61|3.49
CHEN KUOMEI|01:640:112:04|4.09|3.87|3.62|4.05|3.72|3.41|3.45|2.86|3.61|3.49|4.00
CHEN KUOMEI|01:640:112:05|4.09|3.87|3.62|4.05|3.72|3.41|3.45|2.86|3.61|3.49
CHEN KUOMEI|01:640:112:06|4.09|3.87|3.62|4.05|3.72|3.41|3.45|2.86|3.61|3.49
HUANG NING|01:640:112:08|4.09|3.87|3.62|4.05|3.72|3.41|3.45|2.86|3.61|3.49
HUANG NING|01:640:112:09|4.09|3.87|3.62|4.05|3.72|3.41|3.45|2.86|3.61|3.49
HUANG NING|01:640:112:10|4.09|3.87|3.62|4.05|3.72|3.41|3.45|2.86|3.61|3.49
KLEIN RICHARD|01:640:115:00|4.07|3.92|3.66|3.99|3.99|3.52|3.46|2.91|3.74|3.52|4.20
KLEIN RICHARD|01:640:115:00|4.07|3.92|3.66|3.99|3.99|3.52|3.46|2.91|3.74|3.52|4.20|5.00|5.00|5.00|5.00|5.00|5.00|5.00
SCHEIMAN DAVID|01:640:115:00|4.07|3.92|3.66|3.99|3.99|3.52|3.46|2.91|3.74|3.52
PARKS JOHN|01:640:115:00|4.07|3.92|3.66|3.99|3.99|3.52|3.46|2.91|3.74|3.52|4.20
LINDBOE THERESA|01:640:115:00|4.07|3.92|3.66|3.99|3.99|3.52|3.46|2.91|3.74|3.52
PARKS JOHN|01:640:115:00|4.07|3.92|3.66|3.99|3.99|3.52|3.46|2.91|3.74|3.52
LIPPER EDWARD|01:640:115:00|4.07|3.92|3.66|3.99|3.99|3.52|3.46|2.91|3.74|3.52|4.20
URBANSKI ROBERT|01:640:115:00|4.07|3.92|3.66|3.99|3.99|3.52|3.46|2.91|3.74|3.52
KINKHABWALA RITA|01:640:115:00|4.07|3.92|3.66|3.99|3.99|3.52|3.46|2.91|3.74|3.52
PALUMBO JUSTIN|01:640:115:01|4.07|3.92|3.66|3.99|3.99|3.52|3.46|2.91|3.74|3.52
VELAGAPUDI SARADA|01:640:115:02|4.07|3.92|3.66|3.99|3.99|3.52|3.46|2.91|3.74|3.52
VELAGAPUDI SARADA|01:640:115:03|4.07|3.92|3.66|3.99|3.99|3.52|3.46|2.91|3.74|3.52
VELAGAPUDI SARADA|01:640:115:04|4.07|3.92|3.66|3.99|3.99|3.52|3.46|2.91|3.74|3.52
CLEMENS NEVILLE|01:640:115:06|4.07|3.92|3.66|3.99|3.99|3.52|3.46|2.91|3.74|3.52
CLEMENS NEVILLE|01:640:115:07|4.07|3.92|3.66|3.99|3.99|3.52|3.46|2.91|3.74|3.52
CLEMENS NEVILLE|01:640:115:08|4.07|3.92|3.66|3.99|3.99|3.52|3.46|2.91|3.74|3.52
CLEMENS NEVILLE|01:640:115:09|4.07|3.92|3.66|3.99|3.99|3.52|3.46|2.91|3.74|3.52
COUMARBATACH CYRIL|01:640:115:11|4.07|3.92|3.66|3.99|3.99|3.52|3.46|2.91|3.74|3.52
COUMARBATCH CYRIL|01:640:115:12|4.07|3.92|3.66|3.99|3.99|3.52|3.46|2.91|3.74|3.52
COUMARBATCH CYRIL|01:640:115:13|4.07|3.92|3.66|3.99|3.99|3.52|3.46|2.91|3.74|3.52
KOTHARI MANGALA|01:640:115:14|4.07|3.92|3.66|3.99|3.99|3.52|3.46|2.91|3.74|3.52
KOTHARI MANGALA|01:640:115:15|4.07|3.92|3.66|3.99|3.99|3.52|3.46|2.91|3.74|3.52
KOTHARI MANGALA|01:640:115:16|4.07|3.92|3.66|3.99|3.99|3.52|3.46|2.91|3.74|3.52
GATEAU RODNEY|01:640:115:18|4.07|3.92|3.66|3.99|3.99|3.52|3.46|2.91|3.74|3.52
NUNZIANTE DIANA|01:640:115:19|4.07|3.92|3.66|3.99|3.99|3.52|3.46|2.91|3.74|3.52
NUNZIANTE DIANA|01:640:115:20|4.07|3.92|3.66|3.99|3.99|3.52|3.46|2.91|3.74|3.52
MARVIN BERTRAN|01:640:115:26|4.07|3.92|3.66|3.99|3.99|3.52|3.46|2.91|3.74|3.52
MARVIN BERTRAN|01:640:115:27|4.07|3.92|3.66|3.99|3.99|3.52|3.46|2.91|3.74|3.52
MARVIN BERTRAN|01:640:115:28|4.07|3.92|3.66|3.99|3.99|3.52|3.46|2.91|3.74|3.52
MARVIN BERTRAN|01:640:115:29|4.07|3.92|3.66|3.99|3.99|3.52|3.46|2.91|3.74|3.52
KOTHARI MANGALA|01:640:115:30|4.07|3.92|3.66|3.99|3.99|3.52|3.46|2.91|3.74|3.52
KOTHARI MANGALA|01:640:115:31|4.07|3.92|3.66|3.99|3.99|3.52|3.46|2.91|3.74|3.52
MEOLA MATTHEW|01:640:115:32|4.07|3.92|3.66|3.99|3.99|3.52|3.46|2.91|3.74|3.52
PURANAM KARTIKEYA|01:640:115:39|4.07|3.92|3.66|3.99|3.99|3.52|3.46|2.91|3.74|3.52
PURANAM KARTIKEYA|01:640:115:40|4.07|3.92|3.66|3.99|3.99|3.52|3.46|2.91|3.74|3.52
PURANAM KARTIKEYA|01:640:115:41|4.07|3.92|3.66|3.99|3.99|3.52|3.46|2.91|3.74|3.52
HUANG NING|01:640:115:42|4.07|3.92|3.66|3.99|3.99|3.52|3.46|2.91|3.74|3.52
HUANG NING|01:640:115:43|4.07|3.92|3.66|3.99|3.99|3.52|3.46|2.91|3.74|3.52
HUANG NING|01:640:115:44|4.07|3.92|3.66|3.99|3.99|3.52|3.46|2.91|3.74|3.52
MILANIC MARTIN|01:640:131:72|4.00|3.98|3.77|4.11|4.15|3.89|3.66|3.11|3.91|3.84
RYSLIK GREGORY|01:640:131:74|4.00|3.98|3.77|4.11|4.15|3.89|3.66|3.11|3.91|3.84|5.00|5.00|5.00|5.00|5.00|5.00|5.00|5.00|5.00
LIPPER EDWARD|01:640:135:00|4.34|4.20|3.95|4.37|4.29|3.88|3.82|3.17|4.06|3.79
BERKOWITZ JERRY|01:640:135:00|4.34|4.20|3.95|4.37|4.29|3.88|3.82|3.17|4.06|3.79|3.79
NOONE KEVIN|01:640:135:00|4.34|4.20|3.95|4.37|4.29|3.88|3.82|3.17|4.06|3.79
NOONE KEVIN|01:640:135:00|4.34|4.20|3.95|4.37|4.29|3.88|3.82|3.17|4.06|3.79
COOK WILLIAM|01:640:135:00|4.34|4.20|3.95|4.37|4.29|3.88|3.82|3.17|4.06|3.79|3.79|4.33|4.50|4.50|4.67|4.67|4.67|4.33|4.33
WEINGART MICHAEL|01:640:135:00|4.34|4.20|3.95|4.37|4.29|3.88|3.82|3.17|4.06|3.79|3.79|4.33|4.50|4.50|4.67
WEINGART MICHAEL|01:640:135:00|4.34|4.20|3.95|4.37|4.29|3.88|3.82|3.17|4.06|3.79
URBANSKI ROBERT|01:640:135:00|4.34|4.20|3.95|4.37|4.29|3.88|3.82|3.17|4.06|3.79
TEIXEIRA KATIUSEIA|01:640:135:00|4.34|4.20|3.95|4.37|4.29|3.88|3.82|3.17|4.06|3.79
BERKOWITZ JERRY|01:640:135:00|4.34|4.20|3.95|4.37|4.29|3.88|3.82|3.17|4.06|3.79
BUTLER TERRENCE|01:640:135:00|4.34|4.20|3.95|4.37|4.29|3.88|3.82|3.17|4.06|3.79
LIU YI|01:640:135:00|4.34|4.20|3.95|4.37|4.29|3.88|3.82|3.17|4.06|3.79
TEIXEIRA KATIUSCIA|01:640:135:00|4.34|4.20|3.95|4.37|4.29|3.88|3.82|3.17|4.06|3.79
BUHL GEOFFREY|01:640:135:00|4.34|4.20|3.95|4.37|4.29|3.88|3.82|3.17|4.06|3.79
GONZALEZ EDUARDO|01:640:135:00|4.34|4.20|3.95|4.37|4.29|3.88|3.82|3.17|4.06|3.79
SIMS CHARLES|01:640:135:00|4.34|4.20|3.95|4.37|4.29|3.88|3.82|3.17|4.06|3.79|3.79
CHEN KUOMEI|01:640:135:48|4.34|4.20|3.95|4.37|4.29|3.88|3.82|3.17|4.06|3.79|3.79
CHEN KUOMEI|01:640:135:49|4.34|4.20|3.95|4.37|4.29|3.88|3.82|3.17|4.06|3.79
CHEN KUOMEI|01:640:135:50|4.34|4.20|3.95|4.37|4.29|3.88|3.82|3.17|4.06|3.79
APAGODU MOA|01:640:135:72|4.34|4.20|3.95|4.37|4.29|3.88|3.82|3.17|4.06|3.79
RAINSFORD AUGUSTA|01:640:136:00|4.43|4.59|4.01|4.51|4.35|4.04|3.97|3.19|4.32|4.05
PETRI TED|01:640:151:00|4.18|3.97|3.71|4.13|3.99|3.63|3.72|3.62|3.82|3.69
COHENCORWIN AMY|01:640:151:00|4.18|3.97|3.71|4.13|3.99|3.63|3.72|3.62|3.82|3.69
RONG XIAOCHUN|01:640:151:00|4.18|3.97|3.71|4.13|3.99|3.63|3.72|3.62|3.82|3.69|4.55|4.63|3.79|4.60|4.73|4.67|4.78|4.78|4.57
SHTELEN VLADIMIR|01:640:151:00|4.18|3.97|3.71|4.13|3.99|3.63|3.72|3.62|3.82|3.69
SHTELEN VLADIMIR|01:640:151:00|4.18|3.97|3.71|4.13|3.99|3.63|3.72|3.62|3.82|3.69|4.55|4.63|3.79
KNOP FRIEDRICH|01:640:151:00|4.18|3.97|3.71|4.13|3.99|3.63|3.72|3.62|3.82|3.69
CORWIN NATHAN|01:640:151:00|4.18|3.97|3.71|4.13|3.99|3.63|3.72|3.62|3.82|3.69|4.55|4.63|3.79|4.60|4.73|4.67|4.78|4.78|4.57
ONAN MICHAEL|01:640:151:70|4.18|3.97|3.71|4.13|3.99|3.63|3.72|3.62|3.82|3.69
BECK JOZSEF|01:640:151:71|4.18|3.97|3.71|4.13|3.99|3.63|3.72|3.62|3.82|3.69|4.55|4.63|3.79|4.60|4.73|4.67|4.78|4.78|4.57
IRVING WILLIAM|01:640:151:74|4.18|3.97|3.71|4.13|3.99|3.63|3.72|3.62|3.82|3.69
IRVING WILLIAM|01:640:152:00|4.40|4.35|4.04|4.45|4.15|3.85|4.01|3.71|4.10|3.96
IRVINE WILLIAM|01:640:152:00|4.40|4.35|4.04|4.45|4.15|3.85|4.01|3.71|4.10|3.96
SILLS ANDREW|01:640:152:00|4.40|4.35|4.04|4.45|4.15|3.85|4.01|3.71|4.10|3.96
SCHEFFER VLADIMIR|01:640:152:00|4.40|4.35|4.04|4.45|4.15|3.85|4.01|3.71|4.10|3.96
CALINESCU CORINA|01:640:152:08|4.40|4.35|4.04|4.45|4.15|3.85|4.01|3.71|4.10|3.96
CARRINGTON ENRIQUETA|01:640:152:71|4.40|4.35|4.04|4.45|4.15|3.85|4.01|3.71|4.10|3.96
MCGOWAN WILLIAM|01:640:157:74|4.07|4.07|4.00|4.32|4.23|3.96|3.75|4.00|3.71|3.89
GREENFIELD STEPHEN|01:640:192:01|4.29|4.76|4.71|4.71|4.62|4.33|4.38|4.33|4.62|4.52
LANDWEBER PETER|01:640:244:00|4.38|4.31|3.97|4.51|4.36|3.89|4.12|3.51|4.18|3.85
KNOP FRIEDRICH|01:640:244:00|4.38|4.31|3.97|4.51|4.36|3.89|4.12|3.51|4.18|3.85
GONZALEZ EDUARDO|01:640:250:01|4.60|4.31|4.21|4.45|4.40|4.07|4.11|3.75|4.30|4.21
SERCONEK SHIRLEI|01:640:250:02|4.60|4.31|4.21|4.45|4.40|4.07|4.11|3.75|4.30|4.21
LUO FENG|01:640:250:04|4.60|4.31|4.21|4.45|4.40|4.07|4.11|3.75|4.30|4.21
PETRIE TED|01:640:250:06|4.60|4.31|4.21|4.45|4.40|4.07|4.11|3.75|4.30|4.21
WEINGART MICHAEL|01:640:250:11|4.60|4.31|4.21|4.45|4.40|4.07|4.11|3.75|4.30|4.21
WEINGART MICHAEL|01:640:250:14|4.60|4.31|4.21|4.45|4.40|4.07|4.11|3.75|4.30|4.21
SERCONEK SHIRLEI|01:640:250:18|4.60|4.31|4.21|4.45|4.40|4.07|4.11|3.75|4.30|4.21|5.00|5.00|5.00|5.00|5.00|5.00|5.00|5.00|5.00
LANDWEBER PETER|01:640:250:21|4.60|4.31|4.21|4.45|4.40|4.07|4.11|3.75|4.30|4.21
GOODMAN ROE|01:640:250:22|4.60|4.31|4.21|4.45|4.40|4.07|4.11|3.75|4.30|4.21|5.00|5.00|5.00|5.00
SILLS ANDREW|01:640:250:23|4.60|4.31|4.21|4.45|4.40|4.07|4.11|3.75|4.30|4.21
DUTKAY DORIN|01:640:251:00|4.57|4.51|4.23|4.57|4.41|4.25|4.32|3.82|4.43|4.20|4.64
COOK WILLIAM|01:640:251:00|4.57|4.51|4.23|4.57|4.41|4.25|4.32|3.82|4.43|4.20
LYONS RICHARD|01:640:251:00|4.57|4.51|4.23|4.57|4.41|4.25|4.32|3.82|4.43|4.20
DUTKAY DORIN|01:640:251:00|4.57|4.51|4.23|4.57|4.41|4.25|4.32|3.82|4.43|4.20
TAHVILDARZADEH ABDOLREZA|01:640:251:00|4.57|4.51|4.23|4.57|4.41|4.25|4.32|3.82|4.43|4.20
SOFFER AVRAHAM|01:640:251:06|4.57|4.51|4.23|4.57|4.41|4.25|4.32|3.82|4.43|4.20|4.64|4.33|4.43
TEIXEIRA EDUARDO|01:640:251:71|4.57|4.51|4.23|4.57|4.41|4.25|4.32|3.82|4.43|4.20
SHTELEN VLADIMIR|01:640:252:02|4.36|4.36|3.82|4.27|4.09|4.00|3.73|3.73|4.09|4.00
BUTLER TERENCE|01:640:291:01|4.46|4.39|4.44|4.67|4.61|4.37|4.33|3.94|4.41|4.46
SCHLEIMER SAUL|01:640:291:02|4.46|4.39|4.44|4.67|4.61|4.37|4.33|3.94|4.41|4.46
RETAKH VLADIMIR|01:640:300:01|4.32|4.11|4.12|4.11|3.92|3.87|4.15|3.58|4.01|3.92
SIMS CHARLES|01:640:300:02|4.32|4.11|4.12|4.11|3.92|3.87|4.15|3.58|4.01|3.92
CARBONE LISA|01:640:300:04|4.32|4.11|4.12|4.11|3.92|3.87|4.15|3.58|4.01|3.92
ONAN MICHAEL|01:640:300:07|4.32|4.11|4.12|4.11|3.92|3.87|4.15|3.58|4.01|3.92
CARBONE LISA|01:640:300:09|4.32|4.11|4.12|4.11|3.92|3.87|4.15|3.58|4.01|3.92|1.00
SCHEFFER VLADIMIR|01:640:300:10|4.32|4.11|4.12|4.11|3.92|3.87|4.15|3.58|4.01|3.92
THOMAS SIMON|01:640:300:12|4.32|4.11|4.12|4.11|3.92|3.87|4.15|3.58|4.01|3.92
WHEEDEN RICHARD|01:640:311:01|4.37|4.37|4.03|4.50|4.00|4.12|4.07|3.60|4.13|3.97
COHENCORWIN AMY|01:640:311:02|4.37|4.37|4.03|4.50|4.00|4.12|4.07|3.60|4.13|3.97
WHEEDEN RICHARD|01:640:321:01|4.48|4.42|4.36|4.68|4.20|4.21|4.44|3.87|4.65|4.35
SONTAG EDUARDO|01:640:336:01|4.44|4.47|4.50|4.50|4.24|4.28|4.11|3.94|4.44|4.28
CHANILLO SAGUN|01:640:350:01|3.58|2.42|2.58|1.83|3.17|2.00|2.42|3.18|2.33|2.33
LYONS RICHARD|01:640:351:03|4.86|4.67|4.62|4.71|4.50|4.52|4.71|3.76|4.62|4.48
BUCH ANDERS|01:640:356:01|4.30|3.90|3.50|4.00|3.50|3.35|3.65|4.00|3.70|3.45
VOGELIUS MICHAEL|01:640:373:01|4.31|4.31|4.15|4.38|3.92|3.69|3.92|3.67|4.23|4.08
NUSSBAUM ROGER|01:640:411:01|4.71|4.57|4.00|4.36|4.21|4.14|4.43|4.50|4.15|4.25
GREENFIELD STEPHEN|01:640:421:01|4.06|3.84|4.00|4.09|3.88|3.77|3.95|3.48|3.83|3.72|4.00
CHANILLO SAGUN|01:640:421:02|4.06|3.84|4.00|4.09|3.88|3.77|3.95|3.48|3.83|3.72
HUANG YIZHI|01:640:421:03|4.06|3.84|4.00|4.09|3.88|3.77|3.95|3.48|3.83|3.72
SOFFER AVY|01:640:421:04|4.06|3.84|4.00|4.09|3.88|3.77|3.95|3.48|3.83|3.72
HUANG YIZHI|01:640:423:01|4.05|3.63|3.58|4.21|4.21|3.42|3.47|3.83|3.74|3.56
PREKOPA ANDRAS|01:640:424:01|4.18|3.55|3.36|3.91|3.45|3.09|3.27|3.45|3.55|3.36
SCHLEIMER SAUL|01:640:428:01|4.08|3.96|3.64|4.04|3.20|3.60|3.60|3.76|3.67|3.67
HAN ZHENGCHAO|01:640:435:01|4.05|4.25|4.20|4.52|4.23|4.00|4.00|3.95|4.00|3.93
CARLEY HOLLY|01:640:435:04|4.05|4.25|4.20|4.52|4.23|4.00|4.00|3.95|4.00|3.93|5.00|5.00
SAHI SIDDHARTHA|01:640:441:01|4.00|4.14|4.00|4.57|4.33|4.00|4.43|4.00|3.83|3.83
RETAKH VLADIMIR|01:640:451:01|4.50|4.25|4.50|4.67|4.67|4.08|4.50|4.75|4.25|4.33
CHERLIN GREGORY|01:640:454:01|4.46|4.43|4.07|4.46|4.71|3.71|4.50|4.00|4.23|4.36|5.00|5.00|5.00|5.00|5.00
GOLDSTEIN SHELDON|01:640:477:01|4.66|4.47|4.22|4.50|4.59|4.09|4.32|3.81|4.44|4.28
VU VAN|01:640:477:03|4.66|4.47|4.22|4.50|4.59|4.09|4.32|3.81|4.44|4.28
BALABAN TADEUSZ|01:640:481:01|4.58|4.35|3.58|4.42|4.19|3.58|3.84|3.68|4.04|3.88
FISHER RANDOLPH|01:640:666:62|4.47|4.16|3.89|4.42|4.16|4.00|3.63|2.32|4.11|3.84
