KUHN KENNETH|01:470:101:02|4.15|4.26|4.38|4.50|4.47|3.91|4.21|3.94|3.97|4.00|4.24|4.59|3.79|3.66
BOGHOSSIAN ANNELIESE|01:470:102:03|4.83|4.77|4.80|4.93|4.80|4.77|4.83|4.67|4.87|4.83|4.84|4.68|4.28|4.48
GLOWACKI DORIS|01:470:132:02|4.91|4.86|4.73|4.91|4.95|4.68|4.55|4.73|4.77|4.59|4.75|4.95|4.40|4.35
CRAIG CHARLOTTE|01:470:231:01|4.00|3.50|3.83|3.83|3.50|3.50|3.83|4.00|3.50|3.67|3.50|4.17|3.50|3.17
CIKLAMINI MARLENE|01:470:232:01|4.40|4.47|4.33|4.67|4.33|4.07|4.00|4.15|4.33|4.13|4.15|4.54|4.46|4.38
WEHNERFRANCO SILKE|01:470:316:01|4.88|4.75|4.00|4.88|4.38|4.25|4.25|4.75|4.43|4.43|4.57|4.86|5.00|4.71
CIKLAMINI MARLENE|01:470:326:01|3.93|4.57|4.07|4.73|4.14|4.14|4.00|4.00|4.07|4.00|3.93|4.73|4.60|4.07
BROWN JANE|01:470:387:01|4.70|4.70|4.50|4.80|4.40|4.50|4.20|4.00|4.30|4.40|4.70|4.90|4.80|4.30|3.00
DONAHUE WILLIAM|01:470:388:01|4.52|4.86|4.67|5.00|4.75|4.57|4.80|3.95|4.76|4.62|4.80|4.70|4.00|4.20
FRANCO ALFREDO|01:470:389:01|5.00|5.00|5.00|5.00|4.75|4.88|5.00|4.43|5.00|5.00|4.57|4.67|3.86|4.67
NAQVI FATIMA|01:470:436:01|5.00|5.00|4.75|5.00|4.25|4.50|5.00|4.13|5.00|4.88|4.75|4.88|4.00|4.38
