BARNHART STEVEN|01:830:101:00|4.58|4.41|4.34|4.41|4.31|4.03|4.19|3.80|4.25|4.17
BRILL GARY|01:830:101:01|4.58|4.41|4.34|4.41|4.31|4.03|4.19|3.80|4.25|4.17
BRILL GARY|01:830:101:02|4.58|4.41|4.34|4.41|4.31|4.03|4.19|3.80|4.25|4.17|4.11|4.00|4.00
ROSSIGEORGE ALBA|01:830:101:07|4.58|4.41|4.34|4.41|4.31|4.03|4.19|3.80|4.25|4.17|4.11|4.00|4.00|3.00|3.50|3.50|3.00|3.00
ROSSIGEORGE ALBA|01:830:101:08|4.58|4.41|4.34|4.41|4.31|4.03|4.19|3.80|4.25|4.17
BRYANT DEBORAH|01:830:101:09|4.58|4.41|4.34|4.41|4.31|4.03|4.19|3.80|4.25|4.17|4.11|4.00|4.00
HORLITZ KRISTA|01:830:101:73|4.58|4.41|4.34|4.41|4.31|4.03|4.19|3.80|4.25|4.17
KARLIN ROBERT|01:830:200:00|4.32|4.27|3.76|4.28|4.28|3.87|3.88|2.73|4.10|3.77
KEER STEPHANIE|01:830:200:00|4.32|4.27|3.76|4.28|4.28|3.87|3.88|2.73|4.10|3.77|4.40|3.00|3.50|3.50|3.50|3.00|4.00
KOWLER EILEEN|01:830:301:02|4.65|4.47|4.39|4.46|4.20|4.10|4.04|3.31|4.27|4.14
KOWLER EILEEN|01:830:301:03|4.65|4.47|4.39|4.46|4.20|4.10|4.04|3.31|4.27|4.14
MCGOWAAN JAMES|01:830:301:04|4.65|4.47|4.39|4.46|4.20|4.10|4.04|3.31|4.27|4.14|1.00
HORLITZ KRISTA|01:830:302:04|4.80|4.74|4.50|4.71|4.57|4.47|4.21|3.79|4.64|4.28
KLEINSCHOENHOLZ DENA|01:830:302:10|4.80|4.74|4.50|4.71|4.57|4.47|4.21|3.79|4.64|4.28
GLASS ARNOLD|01:830:303:01|3.89|3.23|3.38|3.19|3.31|3.14|3.52|3.67|3.09|3.11|4.00|3.50|4.00|3.50|4.00|3.50|3.00|2.00|3.00
FELDMAN JACOB|01:830:305:02|4.47|4.19|4.09|4.19|4.14|3.97|3.98|3.49|4.13|3.99
LESLIE ALAN|01:830:305:03|4.47|4.19|4.09|4.19|4.14|3.97|3.98|3.49|4.13|3.99
BRILL GARY|01:830:305:04|4.47|4.19|4.09|4.19|4.14|3.97|3.98|3.49|4.13|3.99
ACKROFF JOHN|01:830:305:06|4.47|4.19|4.09|4.19|4.14|3.97|3.98|3.49|4.13|3.99
ACKROFF JOHN|01:830:305:07|4.47|4.19|4.09|4.19|4.14|3.97|3.98|3.49|4.13|3.99
BRYANT DEBORAH|01:830:311:01|4.38|4.08|3.53|4.04|4.05|3.30|3.47|3.04|3.58|3.44|4.50|3.50|4.00|3.00|4.00|4.00|3.00|3.00|3.00
TOMIE ARTHUR|01:830:311:03|4.38|4.08|3.53|4.04|4.05|3.30|3.47|3.04|3.58|3.44
ROVEECOLLIER CAROLYN|01:830:311:71|4.38|4.08|3.53|4.04|4.05|3.30|3.47|3.04|3.58|3.44
BANGASSER DEBRA|01:830:312:02|4.69|4.71|4.24|4.81|4.57|4.27|4.07|3.50|4.54|4.22
KUSNECOV ALEXANDER|01:830:313:05|4.65|4.42|4.18|4.47|4.19|3.94|4.15|3.62|4.26|4.08
VICARIO DAVID|01:830:313:06|4.65|4.42|4.18|4.47|4.19|3.94|4.15|3.62|4.26|4.08
VICARIO DAVID|01:830:313:07|4.65|4.42|4.18|4.47|4.19|3.94|4.15|3.62|4.26|4.08
WAXLER DAVID|01:830:313:09|4.65|4.42|4.18|4.47|4.19|3.94|4.15|3.62|4.26|4.08|5.00
RUDMAN LAURIE|01:830:321:01|4.77|4.57|4.65|4.70|4.52|4.42|4.46|4.18|4.59|4.52|5.00
WILDER DAVID|01:830:321:04|4.77|4.57|4.65|4.70|4.52|4.42|4.46|4.18|4.59|4.52
CUDDY AMY|01:830:321:05|4.77|4.57|4.65|4.70|4.52|4.42|4.46|4.18|4.59|4.52|5.00|5.00|5.00|5.00|5.00|5.00|5.00|5.00
KILLANSKI STEVE|01:830:321:06|4.77|4.57|4.65|4.70|4.52|4.42|4.46|4.18|4.59|4.52
VANMARLE KRISTY|01:830:331:01|4.35|3.88|3.63|4.04|4.02|3.45|3.66|3.99|3.67|3.67
CARMODY DENNIS|01:830:331:05|4.35|3.88|3.63|4.04|4.02|3.45|3.66|3.99|3.67|3.67
BROWN WILLIAM|01:830:331:06|4.35|3.88|3.63|4.04|4.02|3.45|3.66|3.99|3.67|3.67
TOMA DONNA|01:830:333:06|4.02|4.66|4.64|4.69|4.53|4.37|4.35|4.21|4.34|4.40|5.00|5.00|5.00
OGILVIE DANIEL|01:830:338:01|4.65|4.28|4.50|4.40|4.45|4.17|4.27|4.10|4.39|4.36|5.00|5.00|5.00|5.00
SHORS TRACEY|01:830:340:03|4.57|4.51|4.61|4.62|4.45|4.33|4.48|4.34|4.53|4.49
MOHLMAN JAN|01:830:340:06|4.57|4.51|4.61|4.62|4.45|4.33|4.48|4.34|4.53|4.49
FRIEDMAN MICHAEL|01:830:340:08|4.57|4.51|4.61|4.62|4.45|4.33|4.48|4.34|4.53|4.49
STROMSWOLD KARIN|01:830:351:01|4.36|4.21|4.36|4.29|3.86|3.86|3.95|3.64|4.12|3.93
TOMIE ARTHUR|01:830:364:02|4.63|3.33|3.63|3.48|3.63|3.31|3.85|3.96|3.63|3.57|1.00|5.00
AIELLO JOHN|01:830:373:01|4.74|4.57|4.61|4.66|4.52|4.47|4.55|3.57|4.83|4.53
AIELLO JOHN|01:830:373:02|4.74|4.57|4.61|4.66|4.52|4.47|4.55|3.57|4.83|4.53
CONTRADA RICHARD|01:830:377:01|4.48|4.11|3.61|3.92|3.92|3.49|3.78|3.70|3.65|3.67|3.71|2.79|2.67|2.41|3.54|2.00|3.00|3.00|3.00
WOOLFOLK ROBERT|01:830:393:01|4.00|4.09|4.10|4.27|3.90|3.36|3.91|4.36|3.67|3.75
HUDSON JUDITH|01:830:396:02|4.21|4.39|4.19|4.39|4.03|4.07|4.33|4.30|4.14|4.28
HARRIS SANDRA|01:830:396:04|4.21|4.39|4.19|4.39|4.03|4.07|4.33|4.30|4.14|4.28
KRAMER DEIRDRE|01:830:396:05|4.21|4.39|4.19|4.39|4.03|4.07|4.33|4.30|4.14|4.28
HARRIS SANDRA|01:830:397:04|4.67|5.00|5.00|5.00|5.00|5.00|5.00|5.00|5.00|4.67
KRAMER DEIRDRE|01:830:397:05|4.67|5.00|5.00|5.00|5.00|5.00|5.00|5.00|4.67
JAMES CARLTON|01:830:451:01|4.71|4.76|4.86|4.90|4.71|4.81|4.86|4.76|4.76|4.85
WILDER DAVID|01:830:470:01|4.07|4.24|3.79|4.48|4.17|3.55|3.59|3.93|3.75|3.58
