CHIRCO JT|01:198:110:00|4.28|4.02|3.74|4.20|4.24|3.68|3.70|2.89|3.92|3.64|5.00
BELOWICH ALAN|01:198:110:00|4.28|4.02|3.74|4.20|4.24|3.68|3.70|2.89|3.92|3.64|4.20|4.00|4.00
CHIRCO JT|01:198:110:00|4.28|4.02|3.74|4.20|4.24|3.68|3.70|2.89|3.92|3.64
BELOWICH ALAN|01:198:110:00|4.28|4.02|3.74|4.20|4.24|3.68|3.70|2.89|3.92|3.64
BALASUBRAMANIAN RAMYA|01:198:110:01|4.28|4.02|3.74|4.20|4.24|3.68|3.70|2.89|3.92|3.64
NAGARAJ SHWETHA|01:198:110:02|4.28|4.02|3.74|4.20|4.24|3.68|3.70|2.89|3.92|3.64|4.20
BALASUBRAMANIAN RAMYA|01:198:110:04|4.28|4.02|3.74|4.20|4.24|3.68|3.70|2.89|3.92|3.64
HEGDE HARSHA|01:198:110:05|4.28|4.02|3.74|4.20|4.24|3.68|3.70|2.89|3.92|3.64
SOLAIJAWAHAR AJAYCHAKRA|01:198:110:06|4.28|4.02|3.74|4.20|4.24|3.68|3.70|2.89|3.92|3.64
HEGDE HARSHA|01:198:110:08|4.28|4.02|3.74|4.20|4.24|3.68|3.70|2.89|3.92|3.64
KOTTAM KIRIT|01:198:110:09|4.28|4.02|3.74|4.20|4.24|3.68|3.70|2.89|3.92|3.64
BALASUBRAMANIAN RAMYA|01:198:110:10|4.28|4.02|3.74|4.20|4.24|3.68|3.70|2.89|3.92|3.64
HEGDE HARSHA|01:198:110:11|4.28|4.02|3.74|4.20|4.24|3.68|3.70|2.89|3.92|3.64
KOTTAM KIRIT|01:198:110:12|4.28|4.02|3.74|4.20|4.24|3.68|3.70|2.89|3.92|3.64|4.20|5.00|5.00|4.00|4.00|5.00|5.00|5.00|5.00
NAGARAJ SHWETHA|01:198:110:17|4.28|4.02|3.74|4.20|4.24|3.68|3.70|2.89|3.92|3.64
KOLLI SHYAM|01:198:110:21|4.28|4.02|3.74|4.20|4.24|3.68|3.70|2.89|3.92|3.64
KOTTAM KIRIT|01:198:110:24|4.28|4.02|3.74|4.20|4.24|3.68|3.70|2.89|3.92|3.64
SOLAIJAWAHAR AJAYCHAKRA|01:198:110:25|4.28|4.02|3.74|4.20|4.24|3.68|3.70|2.89|3.92|3.64
KOLLI SHYAM|01:198:110:30|4.28|4.02|3.74|4.20|4.24|3.68|3.70|2.89|3.92|3.64
KOLLI SHYAM|01:198:110:31|4.28|4.02|3.74|4.20|4.24|3.68|3.70|2.89|3.92|3.64
SOLAIJAWAHAR AJAY|01:198:110:35|4.28|4.02|3.74|4.20|4.24|3.68|3.70|2.89|3.92|3.64
DESAI ARNAV|01:198:110:43|4.28|4.02|3.74|4.20|4.24|3.68|3.70|2.89|3.92|3.64
DESAI ARNAV|01:198:110:44|4.28|4.02|3.74|4.20|4.24|3.68|3.70|2.89|3.92|3.64
HARI PRADIP|01:198:111:00|4.32|4.34|3.96|4.29|3.83|3.80|4.05|3.66|4.18|3.50
HARI PRADIP|01:198:111:00|4.32|4.34|3.96|4.29|3.83|3.80|4.05|3.66|4.18|3.50
BRUNO DARFUR|01:198:111:07|4.32|4.34|3.96|4.29|3.83|3.80|4.05|3.66|4.18|3.50
VENUGOPAL SESH|01:198:112:00|4.18|4.18|4.12|4.34|4.00|4.01|4.16|4.22|4.28|4.00|5.00
HARI PRADIP|01:198:112:00|4.18|4.18|4.12|4.34|4.00|4.01|4.16|4.22|4.28|4.00
VENUGOPAL SESH|01:198:113:01|4.75|4.69|4.33|4.53|4.43|4.50|4.47|4.80|4.56|4.67
SCHWARTZ CAROL|01:198:170:00|4.35|4.04|3.94|4.09|4.10|3.80|3.90|3.32|3.99|3.90|4.10|4.30|4.40|4.60|4.40|4.40|4.60|4.67|4.00
SCHWARTZ CAROL|01:198:170:00|4.35|4.04|3.94|4.09|4.10|3.80|3.90|3.32|3.99|3.90|4.10|4.30|4.40|4.60|4.40|4.40|4.60|4.67
AGRAWAL SHISHIR|01:198:170:01|4.35|4.04|3.94|4.09|4.10|3.80|3.90|3.32|3.99|3.90
BHANAGE GAUTHAM|01:198:170:02|4.35|4.04|3.94|4.09|4.10|3.80|3.90|3.32|3.99|3.90|4.10|4.30|4.40|4.40|4.40
VINNAKOTA SAI|01:198:170:03|4.35|4.04|3.94|4.09|4.10|3.80|3.90|3.32|3.99|3.90|4.10|4.30|4.60
SCHWARTZ CAROL|01:198:170:04|4.35|4.04|3.94|4.09|4.10|3.80|3.90|3.32|3.99|3.90
SCHWARTZ CAROL|01:198:170:05|4.35|4.04|3.94|4.09|4.10|3.80|3.90|3.32|3.99|3.90
MAKHANI NARMEEN|01:198:170:06|4.35|4.04|3.94|4.09|4.10|3.80|3.90|3.32|3.99|3.90
AGRAWAL SHISHIR|01:198:170:07|4.35|4.04|3.94|4.09|4.10|3.80|3.90|3.32|3.99|3.90
BHANAGE GAUTAM|01:198:170:08|4.35|4.04|3.94|4.09|4.10|3.80|3.90|3.32|3.99|3.90|4.10|4.30|4.40|4.60|4.00
VINNAKOTA SAI|01:198:170:09|4.35|4.04|3.94|4.09|4.10|3.80|3.90|3.32|3.99|3.90|4.10|4.30|4.40|4.60|4.40|4.40|4.60|4.67|4.00
VINNAKOTA SAI|01:198:170:10|4.35|4.04|3.94|4.09|4.10|3.80|3.90|3.32|3.99|3.90
VINNAKOTA SAI|01:198:170:12|4.35|4.04|3.94|4.09|4.10|3.80|3.90|3.32|3.99|3.90
BHANAGE GAUTAM|01:198:170:13|4.35|4.04|3.94|4.09|4.10|3.80|3.90|3.32|3.99|3.90|4.10
AGRAWAL SHISHIR|01:198:170:14|4.35|4.04|3.94|4.09|4.10|3.80|3.90|3.32|3.99|3.90
LITTMAN MICHAEL|01:198:205:01|4.35|4.27|4.12|4.62|4.08|3.92|3.96|3.54|4.17|4.00
PAVLOVIC VLADIMIR|01:198:206:00|4.52|4.38|3.88|4.28|4.22|3.97|3.78|3.18|4.12|3.78
SZEMEREDI|01:198:206:06|4.52|4.38|3.88|4.28|4.22|3.97|3.78|3.18|4.12|3.78
MCCARTY THORNE|01:198:314:02|4.32|4.10|3.65|4.03|3.82|3.68|3.89|3.64|3.88|3.62
MCCARTY THORNE|01:198:314:10|4.32|4.10|3.65|4.03|3.82|3.68|3.89|3.64|3.88|3.62
RICHTER GERARD|01:198:323:00|4.27|3.97|3.68|4.35|4.06|3.63|3.60|2.81|4.01|3.66
YONG XUERONG|01:198:323:00|4.27|3.97|3.68|4.35|4.06|3.63|3.60|2.81|4.01|3.66|5.00
MESTERHARM CHRIS|01:198:323:07|4.27|3.97|3.68|4.35|4.06|3.63|3.60|2.81|4.01|3.66
MESTERHARM CHRIS|01:198:323:09|4.27|3.97|3.68|4.35|4.06|3.63|3.60|2.81|4.01|3.66
STONE MATTHEW|01:198:336:00|4.04|3.96|3.75|4.18|4.03|3.63|3.80|3.97|3.77|3.78|5.00
BORGIDA ALEX|01:198:336:05|4.04|3.96|3.75|4.18|4.03|3.63|3.80|3.97|3.77|3.78|5.00
MUTHUKRISHNAN SHANMUGAVE|01:198:344:00|4.21|4.34|4.20|4.42|4.17|4.10|4.06|3.66|4.11|3.93|4.60|4.33|4.00|4.00|4.00|4.00|4.00|4.00|4.00
MARTIN RICHARD|01:198:352:01|3.88|3.79|3.59|4.06|3.88|3.36|3.73|3.79|3.76|3.48|3.82|2.47|1.00
KULIKOWSKI CASIMIR|01:198:405:01|4.80|5.00|4.80|4.90|4.50|4.70|4.80|3.40|4.80|4.50
KREMER VLRICH|01:198:415:01|4.09|4.32|4.00|4.55|4.32|4.05|3.95|3.95|4.00|3.86
BIANCHINI RICARDO|01:198:416:00|3.89|3.77|3.53|3.81|3.47|3.38|3.57|3.63|3.58|3.39
PAULL MARVIN|01:198:416:00|3.89|3.77|3.53|3.81|3.47|3.38|3.57|3.63|3.58|3.39|5.00|5.00|5.00|5.00|5.00|5.00|5.00|5.00|5.00
SUWANDARA IRANTHA|01:198:416:10|3.89|3.77|3.53|3.81|3.47|3.38|3.57|3.63|3.58|3.39
KRZYZANOWSKI PAUL|01:198:417:00|4.47|4.21|3.98|4.19|4.15|3.95|3.98|4.00|3.98|4.17|3.00|3.00|3.00|3.00|3.00|3.00
ZHANG WENXUAN|01:198:431:01|3.74|3.90|3.31|4.25|4.05|3.31|2.76|4.31|3.56|3.10
MINSKY NAFTALY|01:198:431:01|3.74|3.90|3.31|4.25|4.05|3.31|2.76|4.31|3.56|3.10
STEIGER WILLIAM|01:198:442:01|4.85|4.77|4.77|4.77|4.58|4.77|4.85|4.69|4.77|5.00|3.50|2.00|3.00|3.00
ZHOU SHIYU|01:198:452:01|4.58|4.08|3.83|4.25|3.92|3.67|3.83|3.67|3.75|3.75
SHKLAR LEON|01:198:476:01|4.47|4.40|4.13|4.47|4.07|4.00|4.47|4.33|4.27|4.43|5.00|2.00
