MOSHENBERG ORLY|01:563:101:01|4.83|4.84|4.81|4.90|4.90|4.76|4.74|4.54|4.76|4.74
LEVY LILY|01:563:101:02|4.83|4.84|4.81|4.90|4.90|4.76|4.74|4.54|4.76|4.74
BRYNNOIMAN EDNA|01:563:102:01|4.43|4.14|4.50|4.36|4.50|4.29|4.64|4.79|4.29|4.50
GLUCK PEARL|01:563:103:01|3.67|3.67|4.33|4.33|4.67|4.00|4.50|5.00|3.83|4.20
LEVY LILY|01:563:131:01|4.79|5.00|4.71|4.71|4.64|4.71|4.71|4.93|4.79|4.64
RENDSBURG GARY|01:563:201:01|4.56|4.69|4.63|4.61|4.00|4.19|4.50|3.92|4.44|4.28
SINKOFF NANCY|01:563:202:01|4.59|4.27|4.32|3.97|4.03|3.81|4.13|3.77|3.97|3.83|4.50
BRYNNOIMAN EDNA|01:563:210:01|4.09|4.18|4.55|4.36|4.09|4.00|4.09|4.82|4.00|4.00
SHANDLER JEFFREY|01:563:226:01|4.67|4.57|4.25|4.57|3.71|3.95|3.90|3.95|4.29|4.05
HANEBRINK PAUL|01:563:261:01|4.77|4.45|4.53|4.56|4.17|4.23|4.64|4.50|4.51|4.50
ZERUBAVEL YAEL|01:563:310:01|4.45|3.50|4.05|3.10|2.95|3.15|3.70|4.43|3.33|3.33
YADIN AZZAN|01:563:311:01|4.80|4.80|4.73|4.87|4.80|4.57|4.73|4.00|4.80|4.67
SHANDLER JEFFREY|01:563:365:01|4.82|4.91|4.82|4.82|4.42|4.64|4.64|4.64|4.73|4.55
MOSHENBERG ORLY|01:563:371:01|4.73|4.64|4.45|4.55|4.60|4.64|4.27|4.55|4.55|4.45
KLIGMAN MARK|01:563:395:01|4.63|4.74|4.63|4.74|4.67|4.33|4.32|4.16|4.47|4.53
SCHWARTZ MORDECAI|01:563:396:01|4.41|4.19|4.28|4.38|4.59|4.03|4.19|4.13|4.09|4.20|3.50
HOFFMAN WARREN|01:563:396:02|4.41|4.19|4.28|4.38|4.59|4.03|4.19|4.13|4.09|4.20
YADIN AZZAN|01:563:437:01|4.43|4.43|4.71|4.71|4.57|4.43|4.57|4.71|4.33|4.33
BRYNNOIMAN EDNA|01:563:471:01|4.67|4.67|4.67|4.67|4.50|4.50|4.60|4.50|4.83|4.67
