MAEDA FUMIO|01:565:101:01|4.86|4.80|4.82|4.90|4.89|4.75|4.80|4.64|4.79|4.82
MAEDA FUMIO|01:565:101:02|4.86|4.80|4.82|4.90|4.89|4.75|4.80|4.64|4.79|4.82
KATOH KUMIKO|01:565:101:03|4.86|4.80|4.82|4.90|4.89|4.75|4.80|4.64|4.79|4.82|4.67|4.50|4.67|5.00|5.00|5.00|5.00|5.00|5.00
HAMAMOTO NOBUHIKO|01:565:101:04|4.86|4.80|4.82|4.90|4.89|4.75|4.80|4.64|4.79|4.82|4.50
MAEDA FUMIO|01:565:101:05|4.86|4.80|4.82|4.90|4.89|4.75|4.80|4.64|4.79|4.82|4.67|4.50|4.67
HAWALKA YASUKO|01:565:101:06|4.86|4.80|4.82|4.90|4.89|4.75|4.80|4.64|4.79|4.82
HAWALKA YASUKO|01:565:101:07|4.86|4.80|4.82|4.90|4.89|4.75|4.80|4.64|4.79|4.82
HAWALKA YASUKO|01:565:201:01|4.86|4.76|4.75|4.85|4.56|4.54|4.66|4.73|4.69|4.69|5.00|5.00|5.00|5.00|5.00
IWATANI FUMIYO|01:565:201:02|4.86|4.76|4.75|4.85|4.56|4.54|4.66|4.73|4.69|4.69
IWATANI FUMIYO|01:565:201:03|4.86|4.76|4.75|4.85|4.56|4.54|4.66|4.73|4.69|4.69
BAXER HARUMI|01:565:213:01|4.57|4.60|4.48|4.52|4.62|4.24|4.00|4.50|4.50|4.55
SCHALOW PAUL|01:565:241:01|4.80|4.80|4.56|4.80|4.72|4.58|4.44|4.16|4.72|4.58
KOJIMA TSUNEKO|01:565:301:01|3.76|3.47|3.74|3.84|3.94|3.47|4.16|4.76|3.62|3.76
BAXER HARUMI|01:565:313:01|4.17|4.17|3.75|4.33|4.00|3.67|3.42|4.33|3.75|3.67
SAITO SATORU|01:565:350:01|4.73|4.95|4.91|5.00|4.65|4.65|4.43|4.43|4.83|4.78
SAITO SATORU|01:565:361:01|4.62|4.77|4.46|4.58|4.50|4.23|4.27|4.31|4.50|4.42
MAYNARD SENKO|01:565:401:01|5.00|5.00|5.00|5.00|5.00|5.00|5.00|4.75|5.00|5.00|5.00
