MCLEAN PAUL|01:920:101:00|4.47|4.38|4.37|4.51|4.49|4.16|4.15|3.88|4.27|4.18|4.32|4.00|3.78|4.13|4.00|4.25|4.00|4.43|4.14
WAXMAN CHAIM|01:920:101:00|4.47|4.38|4.37|4.51|4.49|4.16|4.15|3.88|4.27|4.18|4.32
CLARKE LEE|01:920:101:00|4.47|4.38|4.37|4.51|4.49|4.16|4.15|3.88|4.27|4.18|4.32
KOVACS MARY|01:920:101:01|4.47|4.38|4.37|4.51|4.49|4.16|4.15|3.88|4.27|4.18
SINGH SOURABH|01:920:101:02|4.47|4.38|4.37|4.51|4.49|4.16|4.15|3.88|4.27|4.18
KOVACS MARY|01:920:101:03|4.47|4.38|4.37|4.51|4.49|4.16|4.15|3.88|4.27|4.18|4.32|4.00|3.78|4.13|4.00|4.25|4.00|4.43|4.14
KOVACS MARY|01:920:101:05|4.47|4.38|4.37|4.51|4.49|4.16|4.15|3.88|4.27|4.18
SINGH SOURABH|01:920:101:06|4.47|4.38|4.37|4.51|4.49|4.16|4.15|3.88|4.27|4.18|4.32
MUCEN BARIS|01:920:101:07|4.47|4.38|4.37|4.51|4.49|4.16|4.15|3.88|4.27|4.18|4.32|4.00|3.78|4.13|4.25
MUCEN BARIS|01:920:101:09|4.47|4.38|4.37|4.51|4.49|4.16|4.15|3.88|4.27|4.18|4.32
MUCEN BARIS|01:920:101:11|4.47|4.38|4.37|4.51|4.49|4.16|4.15|3.88|4.27|4.18|4.32|4.00|3.78|4.13|4.00|4.25|4.00|4.43|4.14
LANG JOHN|01:920:101:17|4.47|4.38|4.37|4.51|4.49|4.16|4.15|3.88|4.27|4.18|4.32
LANG JOHN|01:920:101:20|4.47|4.38|4.37|4.51|4.49|4.16|4.15|3.88|4.27|4.18
LANG JOHN|01:920:101:21|4.47|4.38|4.37|4.51|4.49|4.16|4.15|3.88|4.27|4.18|4.32
WITTE TRACIE|01:920:101:79|4.47|4.38|4.37|4.51|4.49|4.16|4.15|3.88|4.27|4.18
LEE CATHERINE|01:920:108:01|4.44|4.23|4.38|4.36|4.25|4.04|4.00|3.68|4.22|4.08
DOWD JEFFREY|01:920:108:02|4.44|4.23|4.38|4.36|4.25|4.04|4.00|3.68|4.22|4.08|5.00|5.00|5.00|5.00|5.00
ROSENFIELD SARAH|01:920:198:71|4.67|5.00|5.00|5.00|5.00|4.78|4.67|4.11|4.56|4.78
HANSELL STEPHEN|01:920:210:01|4.94|4.62|4.77|4.84|4.46|4.53|4.69|4.12|4.69|4.63|5.00
PARELIUS ROBERT|01:920:218:01|4.37|3.70|3.85|3.58|3.11|3.26|3.70|3.96|3.50|3.59
WINEBERG HOWARD|01:920:222:02|4.16|3.91|3.92|3.93|4.00|3.68|3.84|4.00|3.92|3.87|4.00|3.75|3.67|3.67|3.67|3.67|3.67|3.67
HIRSCHFIELD PAUL|01:920:222:05|4.16|3.91|3.92|3.93|4.00|3.68|3.84|4.00|3.92|3.87|4.00|3.75|3.67|3.67|3.67|3.67|3.67|3.67|4.00
COVINGTON JEANETTE|01:920:222:06|4.16|3.91|3.92|3.93|4.00|3.68|3.84|4.00|3.92|3.87
SMITH DRANDALL|01:920:248:01|4.49|4.26|3.88|4.40|4.10|3.63|3.80|3.93|3.84|3.77
MCLEAN PAUL|01:920:290:01|4.63|4.60|4.60|4.67|4.52|4.36|4.39|3.72|4.65|4.42
STEIN ARLENE|01:920:291:01|4.38|3.98|3.89|4.15|3.79|3.52|3.60|3.67|3.77|3.66
MCDOWELL DOUGLAS|01:920:304:01|4.71|4.64|4.61|4.73|4.59|4.44|4.51|4.27|4.58|4.54
CERULO KAREN|01:920:304:04|4.71|4.64|4.61|4.73|4.59|4.44|4.51|4.27|4.58|4.54|5.00
MCDOWELL DOUGLAS|01:920:304:06|4.71|4.64|4.61|4.73|4.59|4.44|4.51|4.27|4.58|4.54
MUCEN BARIS|01:920:306:01|4.52|4.48|4.38|4.56|4.46|4.16|4.30|3.88|4.34|4.26|5.00
DOWD JEFFREY|01:920:306:02|4.52|4.48|4.38|4.56|4.46|4.16|4.30|3.88|4.34|4.26|5.00|5.00|5.00|5.00|5.00|5.00|5.00|5.00
RECK PAUL|01:920:306:03|4.52|4.48|4.38|4.56|4.46|4.16|4.30|3.88|4.34|4.26
RODRIGUEZ ROBYN|01:920:306:04|4.52|4.48|4.38|4.56|4.46|4.16|4.30|3.88|4.34|4.26|5.00
WINEBERG HOWARD|01:920:307:01|3.31|3.54|3.47|3.61|3.77|3.26|3.14|3.80|3.14|3.20
SINGH SOURABH|01:920:307:02|3.31|3.54|3.47|3.61|3.77|3.26|3.14|3.80|3.14|3.20|3.00|3.00|3.00|3.00|3.00|3.00|3.00|3.00|3.00
PHILLIPS JULIE|01:920:311:00|4.43|4.48|4.18|4.57|4.37|4.08|4.07|3.28|4.29|4.13
ROOS PATRICIA|01:920:311:00|4.43|4.48|4.18|4.57|4.37|4.08|4.07|3.28|4.29|4.13|1.00|5.00|5.00
YEUNG KINGTO|01:920:311:07|4.43|4.48|4.18|4.57|4.37|4.08|4.07|3.28|4.29|4.13
SCHUSTER SHERRIL|01:920:311:80|4.43|4.48|4.18|4.57|4.37|4.08|4.07|3.28|4.29|4.13
KHODYAKOV DMITRY|01:920:312:01|4.63|4.44|3.89|4.00|4.33|3.78|4.17|2.89|4.13|3.73
MITCHELL ELIZABETH|01:920:313:00|4.59|4.64|4.25|4.66|4.39|4.10|4.24|3.41|4.33|4.23
MITCHELL ELIZABETH|01:920:313:00|4.59|4.64|4.25|4.66|4.39|4.10|4.24|3.41|4.33|4.23
MISCHE ANN|01:920:314:00|4.56|4.63|4.43|4.71|4.48|4.28|4.27|3.57|4.45|4.21
MISCHE ANN|01:920:314:00|4.56|4.63|4.43|4.71|4.48|4.28|4.27|3.57|4.45|4.21
DEGLOMA THOMAS|01:920:314:03|4.56|4.63|4.43|4.71|4.48|4.28|4.27|3.57|4.45|4.21
DEGLOMA THOMAS|01:920:314:04|4.56|4.63|4.43|4.71|4.48|4.28|4.27|3.57|4.45|4.21
ZERUBAVEL E|01:920:319:01|4.75|4.65|4.45|4.50|4.60|4.30|4.45|4.00|4.35|4.35
SCHUSTER SHERRIL|01:920:324:80|4.59|4.35|4.62|4.35|4.42|4.47|4.51|3.77|4.54|4.49
WILLIAMS RICHARD|01:920:326:01|3.76|3.10|3.17|3.30|3.69|2.70|2.53|3.00|2.86|2.75
MCDOWELL DOUGLAS|01:920:349:01|4.78|4.93|4.65|4.84|4.67|4.46|4.44|4.08|4.58|4.44
SCHUSTER SHERRIL|01:920:354:01|3.69|3.09|4.06|3.38|3.41|3.45|4.16|3.90|3.41|3.84
COVINGTON JEANETTE|01:920:361:01|4.27|4.12|4.00|4.19|4.15|3.52|4.23|4.04|3.91|3.96
WILLIAMS RICHARD|01:920:421:01|4.45|4.20|4.35|4.15|4.21|4.00|4.10|3.60|4.16|4.05
SMITH DRANDALL|01:920:421:02|4.45|4.20|4.35|4.15|4.21|4.00|4.10|3.60|4.16|4.05
FRIEDMAN JUDITH|01:920:428:01|4.25|4.50|4.06|4.53|4.14|3.87|4.13|3.12|4.24|3.88
CARELLI LINDA|01:920:440:01|4.60|4.75|4.90|4.81|4.55|4.67|4.75|4.38|4.80|4.80
PARELIUS ROBERT|01:920:441:01|5.00|5.00|5.00|5.00|5.00|5.00|3.00|5.00|5.00
HORWITZ A|01:920:491:08|5.00|5.00|5.00|5.00|5.00|5.00|5.00|5.00|5.00|5.00|5.00
FRIEDMAN JUDITH|01:920:497:01|4.63|4.38|4.25|4.63|3.00|3.88|4.25|4.25|4.00|3.71
