KELLER ELIZABETH|01:988:101:06|4.59|4.67|4.69|4.80|4.75|4.55|4.53|3.68|4.63|4.49
CERVENAK SARAH|01:988:101:13|4.59|4.67|4.69|4.80|4.75|4.55|4.53|3.68|4.63|4.49|5.00|5.00
MORGAN JENNIFER|01:988:201:01|4.00|4.08|3.85|4.24|4.00|3.69|3.54|3.68|3.65|3.60
BUSIA ABENA|01:988:202:01|3.20|3.73|3.67|3.73|3.27|3.33|3.53|2.79|3.20|3.07
JACKSONBREWER KARLA|01:988:206:01|4.46|4.92|4.77|4.85|4.62|4.62|4.69|4.23|4.77|4.69
GERMANA RACHELLE|01:988:216:01|5.00|5.00|5.00|5.00|4.86|4.86|4.86|4.14|5.00|5.00
ISOKE ZENZELE|01:988:235:01|4.58|4.63|4.65|4.73|4.57|4.38|4.47|4.00|4.60|4.51
JACKSONBREWER KARLA|01:988:235:02|4.58|4.63|4.65|4.73|4.57|4.38|4.47|4.00|4.60|4.51|5.00|4.50|5.00
DIAMOND MARIEJ|01:988:301:01|4.17|4.38|4.45|4.58|4.54|4.21|4.22|4.33|4.29|4.17
PUAR JASBIR|01:988:302:01|4.53|4.47|4.60|4.40|4.60|4.33|4.60|4.00|4.53|4.40
SMITH BONNIE|01:988:303:01|4.30|4.32|4.45|4.50|4.36|4.07|4.23|3.74|4.23|4.09
FERNANDES LEELA|01:988:303:02|4.30|4.32|4.45|4.50|4.36|4.07|4.23|3.74|4.23|4.09
CARTER ROSIYN|01:988:307:01|4.22|4.02|3.91|3.84|3.61|3.51|3.71|3.73|3.73|3.63
BROWNFIELD ROBIN|01:988:309:02|4.00|4.14|4.00|4.14|4.29|4.14|4.00|3.83|4.43|4.20|5.00|5.00|5.00|5.00
GOSSY MARY|01:988:318:01|4.71|4.68|4.72|4.80|4.75|4.67|4.64|4.54|4.74|4.70|5.00
ARMSTRONGWEST SUZAN|01:988:326:01|3.91|4.41|4.41|4.52|4.14|3.91|3.64|3.95|3.95|3.91|5.00
STUBAUS KAREN|01:988:330:01|5.00|5.00|5.00|5.00|5.00|4.90|4.70|4.80|5.00|5.00|5.00|5.00|5.00|5.00|5.00|5.00|5.00|5.00|5.00
MANDEL RUTH|01:988:336:01|3.75|3.25|4.25|3.25|3.75|3.50|3.50|4.00|4.00|4.50|3.00
WALSH DEBBIE|01:988:336:01|3.75|3.25|4.25|3.25|3.75|3.50|3.50|4.00|4.00|4.50|3.00
PERERA SONALI|01:988:340:01|4.14|4.29|4.00|4.14|4.00|3.71|3.43|2.71|4.14|3.86
COHEN ED|01:988:341:01|4.58|4.44|4.68|4.60|4.25|4.32|4.33|4.21|4.33|4.39
KAISER MATTHEW|01:988:346:01|4.88|4.78|4.56|4.67|4.89|4.67|4.78|4.67|4.71|4.78
SCHUSTER SCERRIL|01:988:354:01|4.00|2.60|4.20|2.80|4.00|3.00|4.20|3.60|3.60|3.60
ELLIS KATHERINE|01:988:358:01|3.29|4.00|4.43|4.17|3.86|2.83|3.43|3.67|3.29|3.57|4.00|3.14|3.71|3.71|4.00|4.00|3.67
DEKOVEN MARIANNE|01:988:364:01|4.33|5.00|5.00|4.75|4.75|4.50|4.25|4.25|4.50|4.67|5.00|5.00|5.00|5.00|5.00|5.00|5.00
GROSZ ELIZABETH|01:988:369:01|5.00|4.86|4.77|4.85|5.00|4.54|4.77|4.08|4.77|4.77
ETZ REBECCA|01:988:378:01|4.50|4.75|4.75|4.75|4.75|4.50|4.75|4.00|4.75|4.50
ELLIS KATHERINE|01:988:382:01|4.67|4.67|4.67|5.00|4.67|4.00|4.33|2.67|4.33|4.33|4.00|4.00|4.00|4.00|3.00|4.00
TRIGG MARY|01:988:426:01|4.92|4.92|4.92|5.00|4.73|4.92|4.91|4.83|4.92|5.00
KAWASH SAMIRA|01:988:485:01|4.16|4.00|4.00|3.83|4.00|3.74|4.00|4.21|3.89|3.89
RODGERS YANA|01:988:486:01|5.00|5.00|5.00|5.00|5.00|5.00|5.00|4.50|5.00|5.00
RODGERS YANA|01:988:490:01|5.00|4.57|4.71|4.71|4.83|4.57|4.86|3.57|4.57|4.57
GERSON JUDITH|01:988:491:01|4.75|4.75|4.75|4.75|4.63|4.56|4.63|4.13|4.60|4.56
