CLARKE LEE|01:920:101:00|4.33|4.31|4.23|4.42|4.21|4.00|3.91|3.57|4.15|4.03|4.50
CARR DEBORAH|01:920:101:00|4.33|4.31|4.23|4.42|4.21|4.00|3.91|3.57|4.15|4.03
MCLEAN PAUL|01:920:101:00|4.33|4.31|4.23|4.42|4.21|4.00|3.91|3.57|4.15|4.03
SINGH SOURBH|01:920:101:01|4.33|4.31|4.23|4.42|4.21|4.00|3.91|3.57|4.15|4.03
CARFAGNO CORI|01:920:101:02|4.33|4.31|4.23|4.42|4.21|4.00|3.91|3.57|4.15|4.03|4.50|4.40|4.50|4.33|4.33
SINGH SOURABH|01:920:101:03|4.33|4.31|4.23|4.42|4.21|4.00|3.91|3.57|4.15|4.03|4.50|4.40|4.50
CARFAGNO CORI|01:920:101:04|4.33|4.31|4.23|4.42|4.21|4.00|3.91|3.57|4.15|4.03
CARFAGNO CORI|01:920:101:05|4.33|4.31|4.23|4.42|4.21|4.00|3.91|3.57|4.15|4.03|4.50
SINGH SOURABH|01:920:101:06|4.33|4.31|4.23|4.42|4.21|4.00|3.91|3.57|4.15|4.03
RODGERS KATHLEEN|01:920:101:07|4.33|4.31|4.23|4.42|4.21|4.00|3.91|3.57|4.15|4.03|4.50|4.40|4.50|4.33|4.33|4.50
KOVACS MARY|01:920:101:08|4.33|4.31|4.23|4.42|4.21|4.00|3.91|3.57|4.15|4.03|4.50|4.40
RODGERS KATHLEEN|01:920:101:09|4.33|4.31|4.23|4.42|4.21|4.00|3.91|3.57|4.15|4.03
KOVACS MARY|01:920:101:10|4.33|4.31|4.23|4.42|4.21|4.00|3.91|3.57|4.15|4.03|4.50|4.40|4.50|4.33|4.33|4.50|4.00|4.00|4.00
RODGERS KATHLEEN|01:920:101:11|4.33|4.31|4.23|4.42|4.21|4.00|3.91|3.57|4.15|4.03|4.50
KOVACS MARY|01:920:101:12|4.33|4.31|4.23|4.42|4.21|4.00|3.91|3.57|4.15|4.03
ALAMGIR ALENA|01:920:101:25|4.33|4.31|4.23|4.42|4.21|4.00|3.91|3.57|4.15|4.03
MITCHELL ELIZABETH|01:920:101:26|4.33|4.31|4.23|4.42|4.21|4.00|3.91|3.57|4.15|4.03
BASHI VILNA|01:920:108:01|3.81|3.90|3.87|3.82|3.52|3.42|3.67|3.46|3.60|3.53
CERULO KAREN|01:920:205:03|4.93|4.78|4.69|4.71|4.64|4.56|4.53|3.89|4.67|4.62
HANSELL STEPHEN|01:920:210:01|4.94|4.70|4.70|4.78|4.58|4.41|4.67|4.08|4.66|4.59|4.33|3.00|3.00
GERMANA RACHELLE|01:920:216:01|4.81|4.70|4.67|4.69|4.61|4.39|4.57|3.57|4.59|4.43|5.00
PHILLIPS JULIE|01:920:222:01|4.35|4.14|4.01|4.08|4.04|3.83|3.90|4.02|3.98|3.97
PHILLIPS JULIE|01:920:222:04|4.35|4.14|4.01|4.08|4.04|3.83|3.90|4.02|3.98|3.97|4.08|4.10
HIRSCHFIELD PAUL|01:920:222:05|4.35|4.14|4.01|4.08|4.04|3.83|3.90|4.02|3.98|3.97|4.08|4.10|3.00
WINEBERG HOWARD|01:920:222:06|4.35|4.14|4.01|4.08|4.04|3.83|3.90|4.02|3.98|3.97
SMITH DRANDALL|01:920:248:01|4.32|3.92|3.43|4.08|4.05|3.00|3.39|3.95|3.56|3.29|5.00|5.00|5.00|4.00|4.00|4.00
POPENOE DAVID|01:920:272:01|4.55|4.25|4.32|4.43|4.40|3.95|4.25|4.02|4.26|4.18
STEIN ARLENE|01:920:298:01|4.57|4.64|4.79|4.79|4.50|4.64|4.71|4.43|4.71|4.86
MCDOWELL DOUGLAS|01:920:304:01|4.69|4.65|4.69|4.75|4.63|4.60|4.58|4.20|4.71|4.67|4.00
SCHUSTER SHERRIL|01:920:304:80|4.69|4.65|4.69|4.75|4.63|4.60|4.58|4.20|4.71|4.67
POROW MONIQUE|01:920:306:03|4.44|4.33|4.04|4.44|4.27|3.87|3.93|3.54|4.06|3.91|3.50
RECK PAUL|01:920:306:80|4.44|4.33|4.04|4.44|4.27|3.87|3.93|3.54|4.06|3.91
ROSENFIELD SARAH|01:920:307:01|4.53|4.52|4.45|4.59|4.47|4.23|4.29|4.12|4.42|4.37
HORWITZ ALLAN|01:920:307:02|4.53|4.52|4.45|4.59|4.47|4.23|4.29|4.12|4.42|4.37|5.00|5.00|5.00|5.00|5.00|5.00
WINEBERG HOWARD|01:920:307:03|4.53|4.52|4.45|4.59|4.47|4.23|4.29|4.12|4.42|4.37
FRIEDMAN JUDITH|01:920:311:00|3.99|3.99|3.65|4.24|3.90|3.57|3.44|3.10|3.76|3.56
NAIR MANJUSHA|01:920:311:01|3.99|3.99|3.65|4.24|3.90|3.57|3.44|3.10|3.76|3.56|4.00
NAIR MANJUSHA|01:920:311:02|3.99|3.99|3.65|4.24|3.90|3.57|3.44|3.10|3.76|3.56|4.00
NAIR MANJUSHA|01:920:311:03|3.99|3.99|3.65|4.24|3.90|3.57|3.44|3.10|3.76|3.56
NAIR MANJUSHA|01:920:311:04|3.99|3.99|3.65|4.24|3.90|3.57|3.44|3.10|3.76|3.56
MCCALL LESLIE|01:920:312:01|4.05|4.14|3.76|4.22|4.14|3.41|3.95|3.03|3.86|3.54|5.00|5.00|5.00|5.00|5.00|5.00|5.00|5.00
MITCHELL ELIZABETH|01:920:313:00|4.83|4.76|4.50|4.86|4.51|4.48|4.49|3.97|4.72|4.52
SMITH DENA|01:920:313:07|4.83|4.76|4.50|4.86|4.51|4.48|4.49|3.97|4.72|4.52
SMITH DENA|01:920:313:07|4.83|4.76|4.50|4.86|4.51|4.48|4.49|3.97|4.72|4.52
DEGLOMA THOMAS|01:920:313:12|4.83|4.76|4.50|4.86|4.51|4.48|4.49|3.97|4.72|4.52|5.00|4.00|5.00
MISCHE ANN|01:920:314:00|4.42|4.51|4.16|4.65|4.26|3.98|4.03|3.37|4.30|4.15
MITCHELL ELIZABETH|01:920:314:00|4.42|4.51|4.16|4.65|4.26|3.98|4.03|3.37|4.30|4.15
ZABLOCKI BENJAMIN|01:920:319:01|4.23|4.23|4.00|4.59|4.68|3.91|4.05|4.05|4.18|4.14
PARELIUS ANN|01:920:323:01|4.38|4.16|3.75|4.13|3.77|3.88|3.78|3.74|3.90|3.72
SCHUSTER SHERRIL|01:920:332:80|4.45|4.64|4.45|4.27|4.00|4.27|4.36|3.73|4.18|4.18
PARELIUS ROBERT|01:920:345:01|3.83|3.67|3.42|3.88|3.50|3.21|3.65|3.21|3.65|3.57
MCDOWELL DOUGLAS|01:920:349:01|4.73|4.65|4.59|4.81|4.59|4.46|4.23|4.09|4.69|4.54
SCHUSTER SHERRIL|01:920:354:01|4.05|3.53|3.89|3.58|3.32|3.42|4.21|3.17|3.58|3.78
RUDEL THOMAS|01:920:359:01|4.79|4.74|4.42|4.74|4.37|4.42|4.47|3.42|4.44|4.35
WAXMAN CHAIM|01:920:394:01|4.50|4.20|4.27|4.70|4.50|4.09|4.45|3.73|4.30|4.20
SMITH D|01:920:422:02|4.74|4.59|4.58|4.63|4.50|4.31|4.45|3.92|4.40|4.26
ZERUBAVEL EVIATAR|01:920:422:04|4.74|4.59|4.58|4.63|4.50|4.31|4.45|3.92|4.40|4.26
HIRSHFIEID PAUL|01:920:422:05|4.74|4.59|4.58|4.63|4.50|4.31|4.45|3.92|4.40|4.26|4.38
KHODYAKOV DMITRY|01:920:422:06|4.74|4.59|4.58|4.63|4.50|4.31|4.45|3.92|4.40|4.26
CARELLI LINDA|01:920:440:01|4.47|4.80|4.87|5.00|4.86|4.67|4.47|4.47|4.53|4.40
PARELIUS ROBERT|01:920:441:01|4.10|4.40|4.50|4.40|4.20|4.30|4.30|3.20|4.50|4.43
PARELIUS ANN|01:920:461:01|4.33|4.33|4.13|4.14|3.60|3.87|3.80|4.00|4.08|4.08|3.00
FRIEDMAN JUDITH|01:920:498:01|4.86|4.86|5.00|4.86|5.00|5.00|5.00|5.00|4.83|5.00
