GILLESPIE ANGUS|01:050:101:01|4.51|4.01|4.14|4.13|3.42|3.71|3.72|3.35|3.97|3.78
ROCKLAND MICHAEL|01:050:291:01|4.19|4.25|4.56|4.33|3.72|3.98|4.33|4.31|4.18|4.18|5.00
SIFUENTES BEN|01:050:300:02|4.37|4.56|4.50|4.68|4.28|4.21|4.12|3.88|4.34|4.17
ROMAINE ERICA|01:050:300:03|4.37|4.56|4.50|4.68|4.28|4.21|4.12|3.88|4.34|4.17
ZEMLA CHRISTINE|01:050:301:01|4.58|4.67|4.56|4.65|4.42|4.37|4.38|4.65|4.32|4.38|3.00|5.00
DARDEN GARY|01:050:301:80|4.58|4.67|4.56|4.65|4.42|4.37|4.38|4.65|4.32|4.38
LEVERETTE MARC|01:050:314:01|4.55|4.61|4.68|4.65|4.81|4.52|4.22|4.00|4.59|4.55|5.00
PONCE MAR IN|01:050:331:01|4.71|4.71|4.29|4.54|4.67|3.96|4.04|3.67|4.23|3.91
FABIAN ANN|01:050:389:01|4.60|4.80|4.62|4.81|4.41|4.57|4.38|3.55|4.71|4.36
HALLETT HILARY|01:050:389:03|4.60|4.80|4.62|4.81|4.41|4.57|4.38|3.55|4.71|4.36
GILLESPIE ANGUS|01:050:450:01|4.91|4.73|4.82|4.91|4.91|4.73|4.91|4.64|4.64|5.00
ROCKLAND MICHAEL|01:050:487:01|4.43|4.67|4.73|4.73|4.36|4.20|4.27|4.13|4.36|4.36
