BALM ROGER|01:450:102:01|4.71|4.54|4.18|4.49|4.45|3.90|3.89|3.19|4.31|4.08|5.00|4.00|1.00
HORDON ROBERT|01:450:211:01|4.18|4.13|3.95|4.28|3.92|3.58|3.67|3.49|3.82|3.84|5.00|5.00
HANES SAMUEL|01:450:222:01|4.70|4.69|4.57|4.83|4.52|4.32|4.36|3.77|4.56|4.38|4.00
HANES SAMUEL|01:450:262:01|4.68|4.65|4.39|4.71|4.70|4.18|4.52|3.48|4.48|4.38|5.00|4.00|5.00|4.00|5.00|4.00|5.00|4.00
LEICHENKO ROBIN|01:450:309:01|4.83|4.78|4.64|4.87|4.57|4.39|4.22|3.74|4.59|4.48
HORDON ROBERT|01:450:320:01|4.56|4.41|3.62|4.56|3.69|3.52|3.37|3.15|3.77|3.69
BLAGOJEVIC BOJANA|01:450:332:01|4.07|4.21|4.04|4.61|4.54|3.79|4.21|3.64|4.21|4.00
SCHNEIDER LAURA|01:450:336:01|4.09|3.73|3.50|3.77|3.71|3.23|3.41|3.27|3.32|3.32
ROBINSON DAVID|01:450:404:01|4.69|4.56|4.69|4.88|4.63|4.44|4.56|3.60|4.81|4.56
STMARTIN KEVIN|01:450:470:01|4.53|4.06|3.71|3.94|3.82|3.41|3.69|2.53|3.82|3.47|1.00|2.00|1.00|2.00|1.00|2.00|3.00|2.00
SIEGEL MICHAEL|01:450:488:01|4.75|4.75|5.00|5.00|4.67|5.00|4.75|5.00|4.75|4.50
