TRANSUE GREGG|01:119:100:00|3.99|3.52|3.66|3.76|3.42|3.29|3.23|3.79|3.30|3.23|2.26|2.36|3.58|2.91|2.88|3.75|3.72|3.27|2.85
ZHANG JEAN|01:119:101:25|4.29|4.10|3.92|4.17|3.94|3.82|3.84|3.61|4.06|3.69
DAVILA JORGE|01:119:101:37|4.29|4.10|3.92|4.17|3.94|3.82|3.84|3.61|4.06|3.69
ZHANG JEAN|01:119:101:42|4.29|4.10|3.92|4.17|3.94|3.82|3.84|3.61|4.06|3.69
DAVILA JORGE|01:119:101:62|4.29|4.10|3.92|4.17|3.94|3.82|3.84|3.61|4.06|3.69|4.00
SUKHDEO SUZANNE|01:119:103:00|4.82|4.72|4.60|4.71|4.62|4.51|4.35|3.28|4.64|4.34|5.00|5.00
SIEGEL ALISON|01:119:103:05|4.82|4.72|4.60|4.71|4.62|4.51|4.35|3.28|4.64|4.34
CHAVES FABIO|01:119:103:07|4.82|4.72|4.60|4.71|4.62|4.51|4.35|3.28|4.64|4.34|5.00
CHAVES FABIO|01:119:103:08|4.82|4.72|4.60|4.71|4.62|4.51|4.35|3.28|4.64|4.34
SUKHDEO MICHAEL|01:119:111:01|4.43|4.67|4.57|4.46|4.30|4.29|4.08|2.88|4.38|4.22
STOLEN JOANNE|01:119:131:01|4.67|4.41|4.41|4.33|4.31|3.84|4.25|3.91|4.09|4.13|5.00|5.00|5.00|5.00|5.00|5.00|5.00|5.00|5.00
UZWIAK ANTHONY|01:119:150:01|4.04|3.52|3.82|3.89|3.67|3.41|3.55|3.16|3.37|3.34|4.67
BREY CHRISTOPHE|01:119:150:02|4.04|3.52|3.82|3.89|3.67|3.41|3.55|3.16|3.37|3.34|4.67
DEVANAS MONICA|01:119:152:01|4.77|4.79|4.79|4.84|4.79|4.60|4.65|3.74|4.88|4.79
DEVANAS MONICA|01:119:152:02|4.77|4.79|4.79|4.84|4.79|4.60|4.65|3.74|4.88|4.79
KABIR ZOGHLUL|01:119:160:01|3.76|3.40|3.90|3.81|3.80|3.55|3.63|3.06|3.83|3.76|3.80|4.00|4.00|4.00|4.00|4.00|4.00|4.00|5.00
STOLEN JOANNE|01:119:197:71|4.56|4.56|4.69|4.88|4.69|4.56|4.40|3.63|4.40|4.50
