KENFIELD JOHN|01:082:105:00|4.66|4.20|4.27|4.40|4.15|4.03|4.22|3.61|4.23|4.01
THUNO ERIK|01:082:105:00|4.66|4.20|4.27|4.40|4.15|4.03|4.22|3.61|4.23|4.01
THUNO ERIK|01:082:105:00|4.66|4.20|4.27|4.40|4.15|4.03|4.22|3.61|4.23|4.01
KENFIELD JOHN|01:082:105:00|4.66|4.20|4.27|4.40|4.15|4.03|4.22|3.61|4.23|4.01
BUDD DENISE|01:082:105:41|4.66|4.20|4.27|4.40|4.15|4.03|4.22|3.61|4.23|4.01
ROSENFELD ALLA|01:082:251:01|4.80|4.55|4.70|4.70|4.84|4.55|4.75|3.75|4.55|4.60
TAN CHRISTINE|01:082:252:01|4.73|4.67|4.29|4.65|4.65|4.29|4.32|3.68|4.42|4.38
MARTER JOAN|01:082:302:01|3.89|3.71|3.91|3.77|3.60|3.69|3.89|4.00|3.54|3.74
SMALL JOCELYN|01:082:306:01|4.50|3.45|3.72|3.28|2.97|3.17|3.69|3.79|3.62|3.52
MCHAM SARAH|01:082:309:01|4.95|4.97|4.84|4.95|4.70|4.70|4.76|4.38|4.78|4.68
SMALL JOCELYN|01:082:317:01|4.17|3.00|3.57|2.57|2.73|2.83|3.30|3.43|2.79|2.77
JORDAN KEITH|01:082:362:01|4.81|4.78|4.79|4.88|4.92|4.60|4.81|4.15|4.78|4.75|5.00|5.00
STEFFENSEN INGRID|01:082:367:01|4.87|4.59|4.74|4.64|4.36|4.41|4.64|4.11|4.70|4.58
CYRIL JASMIN|01:082:375:01|4.65|4.56|4.39|4.88|4.88|4.53|4.63|4.56|4.53|4.35
ZERVIGON ANDRES|01:082:382:01|4.82|4.82|4.76|4.94|4.65|4.76|4.71|4.24|4.76|4.75
SIDLAUSKAS SUSAN|01:082:387:01|4.62|4.78|4.83|4.66|4.52|4.64|4.79|4.31|4.69|4.66
YANNI CARLA|01:082:391:01|4.78|4.80|4.60|4.50|4.30|4.50|4.30|4.40|4.50|4.30
THUNO ERIK|01:082:397:01|4.66|4.55|4.50|4.62|4.41|4.35|4.50|3.47|4.44|4.30
HEWITT MARK|01:082:446:01|4.63|4.88|4.88|4.86|4.63|4.50|4.75|4.13|4.63|4.63
STEFFENSEN INGRID|01:082:491:01|4.82|4.84|4.87|4.78|4.64|4.68|4.82|4.19|4.66|4.63
ALBERT SAMUEL|01:082:491:02|4.82|4.84|4.87|4.78|4.68|4.82|4.19|4.66|4.63
BUDD DENISE|01:082:491:03|4.82|4.84|4.87|4.78|4.64|4.68|4.82|4.19|4.66|4.63
ZERVIGON ANDRES|01:082:491:05|4.82|4.84|4.87|4.78|4.64|4.68|4.82|4.19|4.66|4.63
