AYYER ARVIND|01:750:104:26|3.80|3.40|3.20|3.93|3.93|3.33|3.67|2.80|3.29|3.29|3.33|2.93|3.07|2.79|3.00|3.53|2.80|3.00
PRYOR CARLTON|01:750:109:01|4.24|4.18|3.54|4.22|4.42|3.45|3.64|3.13|3.69|3.50|4.62|4.08|4.06|4.12|4.06|3.42|5.00|4.50|5.00
BRAGG ANN|01:750:110:01|4.72|4.39|4.38|4.58|4.64|4.24|4.27|3.79|4.45|4.35|4.96|3.94|4.24|4.44|4.51|3.44|5.00|5.00
BRAGG ANN|01:750:110:02|4.72|4.39|4.38|4.58|4.64|4.24|4.27|3.79|4.45|4.35|4.96|3.94|4.24|4.44|4.51|3.44
BRAHMIA SUZANNE|01:750:116:00|4.67|4.53|4.47|4.42|4.31|4.28|4.40|4.11|4.54|4.35|4.84|3.60|4.00|3.59|4.47|3.57|5.00
TOROPOVA A|01:750:116:71|4.54|4.65|4.43|4.66|4.33|4.50|4.38|4.11|4.51|4.40|4.44|4.27
KIRYUKHIN VALERY|01:750:124:00|4.59|4.15|4.26|4.20|4.11|4.06|4.15|3.97|4.32|4.14|4.19|3.90|4.03|3.75|4.49|3.63|1.00|1.00
KIRYUKHIN VALERY|01:750:124:00|4.59|4.15|4.26|4.20|4.11|4.06|4.15|3.97|4.32|4.14|4.19|3.90|4.03|3.75|4.49|3.63
GUSTAFSSON TORGNY|01:750:124:02|4.34|4.30|3.97|4.34|4.22|3.90|3.97|3.87|4.15|3.97|4.36|3.52
KLOET WILLEM|01:750:124:05|4.34|4.30|3.97|4.34|4.22|3.90|3.97|3.87|4.15|3.97|4.36|3.52
CHEONG SANGWOOK|01:750:124:06|4.34|4.30|3.97|4.34|4.22|3.90|3.97|3.87|4.15|3.97|4.36|3.52
CHEONG SANGWOOK|01:750:124:09|4.34|4.30|3.97|4.34|4.22|3.90|3.97|3.87|4.15|3.97|4.36|3.52
CHEONG SANGWOOK|01:750:124:10|4.34|4.30|3.97|4.34|4.22|3.90|3.97|3.87|4.15|3.97|4.36|3.52|4.43|4.60|4.50|4.60|4.60|4.33|4.60
CHEONG SANGWOOK|01:750:124:11|4.34|4.30|3.97|4.34|4.22|3.90|3.97|3.87|4.15|3.97|4.36|3.52|4.43|4.60|4.50|4.60|4.60|4.60
KLOET WILLEM|01:750:124:13|4.34|4.30|3.97|4.34|4.22|3.90|3.97|3.87|4.15|3.97|4.36|3.52|4.43
RABE KARIN|01:750:140:01|4.03|4.19|3.90|4.59|4.59|3.56|3.09|2.59|3.66|3.28|4.67|2.71|3.42|4.29|3.70|3.11|4.00
GENTILE MICHAEL|01:750:194:01|4.45|4.59|4.32|4.68|4.48|4.35|4.24|3.24|4.44|4.27|4.89|4.02
NEWMAN RONALEE|01:750:194:03|4.45|4.59|4.32|4.68|4.48|4.35|4.24|3.24|4.44|4.27|4.89|4.02
DAMATO CHRIS|01:750:194:04|4.45|4.59|4.32|4.68|4.48|4.35|4.24|3.24|4.44|4.27|4.89|4.02
THERKORN RICH|01:750:194:05|4.45|4.59|4.32|4.68|4.48|4.35|4.24|3.24|4.44|4.27|4.89|4.02
BROOKS DAVID|01:750:194:06|4.45|4.59|4.32|4.68|4.48|4.35|4.24|3.24|4.44|4.27|4.89|4.02
WARREN JESSICA|01:750:194:07|4.45|4.59|4.32|4.68|4.48|4.35|4.24|3.24|4.44|4.27|4.89|4.02
GENTILE MICHAEL|01:750:194:08|4.45|4.59|4.32|4.68|4.48|4.35|4.24|3.24|4.44|4.27|4.89|4.02|5.00
WARREN JESSICA|01:750:194:09|4.45|4.59|4.32|4.68|4.48|4.35|4.24|3.24|4.44|4.27|4.89|4.02
GENTILE MICHAEL|01:750:194:20|4.38|4.29|4.29|4.59|4.44|4.23|4.08|3.20|4.31|4.03|4.83|3.58|3.91|2.90|2.37|3.58|3.38|4.00
AYYER ARVIND|01:750:194:22|4.38|4.29|4.29|4.59|4.44|4.23|4.08|3.20|4.31|4.03|4.83|3.58|3.91|2.90|2.37|3.58|3.38|4.00
DAMATO CHRIS|01:750:194:23|4.38|4.29|4.29|4.59|4.44|4.23|4.08|3.20|4.31|4.03|4.83|3.58|3.91|2.90|2.37|3.58|3.38|4.00
BROOKES DAVID|01:750:194:24|4.38|4.29|4.29|4.59|4.44|4.23|4.08|3.20|4.31|4.03|4.83|3.58|3.91|2.90|2.37|3.58|3.38|4.00
OSBORNE CHRISTINE|01:750:194:27|4.38|4.29|4.29|4.59|4.44|4.23|4.08|3.20|4.31|4.03|4.83|3.58|3.91|2.90|2.37|3.58|3.38
GENTILE MICHAEL|01:750:194:28|4.38|4.29|4.29|4.59|4.44|4.23|4.08|3.20|4.31|4.03|4.83|3.58|3.91|2.90|2.37|3.58|3.38
THERKORN RICH|01:750:194:29|4.38|4.29|4.29|4.59|4.44|4.23|4.08|3.20|4.31|4.03|4.83|3.58|3.91|2.90|2.37|3.58|3.38|4.00|5.00
BRAHMIA BAKI|01:750:201:00|4.98|5.00|4.98|5.00|4.90|4.95|4.91|4.32|5.00|4.83|4.92|4.00|4.63|4.77|4.90|4.06
GEORGE PRADEEP|01:750:201:77|4.34|4.26|4.08|4.35|3.91|3.96|4.11|3.54|4.07|4.24|4.57|4.03
CROFT MARK|01:750:203:00|4.61|4.52|4.76|4.79|4.74|4.44|4.34|3.49|4.61|4.52|4.96|4.09|4.14|4.37|4.82|3.90
YUZBASHYAN EMIL|01:750:203:03|4.23|4.07|3.52|4.18|3.81|3.45|3.45|2.96|3.83|3.54|4.12|4.00
YUZBASHYAN EMIL|01:750:203:04|4.23|4.07|3.52|4.18|3.81|3.45|3.45|2.96|3.83|3.54|4.12
YUZBASHYAN EMIL|01:750:203:05|4.23|4.07|3.52|4.18|3.81|3.45|3.45|2.96|3.83|3.54|4.12
YUZBASHYAN EMIL|01:750:203:08|4.23|4.07|3.52|4.18|3.81|3.45|3.45|2.96|3.83|3.54|4.12
PARK SOONYONG|01:750:203:12|4.23|4.07|3.52|4.18|3.81|3.45|3.45|2.96|3.83|3.54|4.12
VANHEUVELEN ALAN|01:750:204:00|4.65|4.48|4.60|4.62|4.34|4.34|4.40|3.59|4.49|4.25|4.89|3.85|4.08|4.25|4.36|3.49|4.00
VANHEUVELEN ALAN|01:750:204:00|4.65|4.48|4.60|4.62|4.34|4.34|4.40|3.59|4.49|4.25|4.89|3.85|4.08|4.25|4.36|3.49|5.00|5.00|4.00
BARBOS ANE *|01:750:204:01|4.37|4.23|3.95|4.34|4.51|3.98|3.91|3.43|4.10|3.91|4.31|5.00|5.00|5.00|5.00|5.00|5.00|5.00|5.00
CHANDRA PREMALA|01:750:204:02|4.37|4.23|3.95|4.34|4.51|3.98|3.91|3.43|4.10|3.91|4.31
CHANDRA PREMALA|01:750:204:04|4.37|4.23|3.95|4.34|4.51|3.98|3.91|3.43|4.10|3.91|4.31
KOJIMA HARUO|01:750:204:07|4.37|4.23|3.95|4.34|4.51|3.98|3.91|3.43|4.10|3.91|4.31
KOLLER NOEMIE|01:750:204:12|4.37|4.23|3.95|4.34|4.51|3.98|3.91|3.43|4.10|3.91|4.31
KOLLER NOEMIE|01:750:204:15|4.37|4.23|3.95|4.34|4.51|3.98|3.91|3.43|4.10|3.91|4.31
CHANDRA PREMALA|01:750:204:17|4.37|4.23|3.95|4.34|4.51|3.98|3.91|3.43|4.10|3.91|4.31|5.00|5.00|5.00|5.00
ALBA GABE|01:750:206:16|4.47|4.43|4.17|4.56|4.53|4.20|3.97|3.56|4.42|3.96|4.47|3.86|4.02|3.59|2.66|3.32|3.46
MURTHY SAHANA|01:750:206:17|4.47|4.43|4.17|4.56|4.53|4.20|3.97|3.56|4.42|3.96|4.47|3.86|4.02|3.59|2.66|3.32|3.46
SHAPIRO JOEL|01:750:228:00|3.94|3.11|2.97|3.19|2.90|2.61|3.08|3.54|2.95|2.97|4.50|3.60|3.25|3.11|3.52|3.71|2.62|2.49|3.07
SHAPIRO JOEL|01:750:228:00|3.94|3.11|2.97|3.19|2.90|2.61|3.08|3.54|2.95|2.97|4.50|3.60|3.25|3.11|3.52|3.71|2.62|2.49|3.07
RUCKENSTEIN ANDREI|01:750:228:02|4.38|4.35|3.93|4.42|4.39|3.95|3.88|3.49|4.22|3.67|4.77
RUCKENSTEIN ANDREI|01:750:228:03|4.38|4.35|3.93|4.42|4.39|3.95|3.88|3.49|4.22|3.67|4.77
RUCKENSTEIN ANDREI|01:750:228:04|4.38|4.35|3.93|4.42|4.39|3.95|3.88|3.49|4.22|3.67|4.77
LANGRETH DAVID|01:750:228:06|4.38|4.35|3.93|4.42|4.39|3.95|3.88|3.49|4.22|3.67|4.77
BARTYNSKI ROBERT|01:750:228:15|4.38|4.35|3.93|4.42|4.39|3.95|3.88|3.49|4.22|3.67|4.77|5.00|5.00|5.00|5.00|5.00|5.00|5.00|5.00
BRONZAN JOHN|01:750:228:16|4.38|4.35|3.93|4.42|4.39|3.95|3.88|3.49|4.22|3.67|4.77
BARTYNSKI ROBERT|01:750:228:17|4.38|4.35|3.93|4.42|4.39|3.95|3.88|3.49|4.22|3.67|4.77
BARTYNSKI ROBERT|01:750:228:20|4.38|4.35|3.93|4.42|4.39|3.95|3.88|3.49|4.22|3.67|4.77
LANGRETH DAVID|01:750:228:21|4.38|4.35|3.93|4.42|4.39|3.95|3.88|3.49|4.22|3.67|4.77
KLIMOU NIKOLAI|01:750:230:03|4.08|3.98|3.62|4.00|3.87|3.56|3.38|3.22|3.82|3.28|3.52|3.14|3.43|2.86|2.86|3.17|2.87
WU XIFAN|01:750:230:06|4.08|3.98|3.62|4.00|3.87|3.56|3.38|3.22|3.82|3.28|3.52|3.14|3.43|2.86|2.86|3.17|2.87|3.64|3.20
BELOV DMITR Y|01:750:230:14|4.08|3.98|3.62|4.00|3.87|3.56|3.38|3.22|3.82|3.28|3.52|3.14|3.43|2.86|2.86|3.17|2.87
LATH AMIT|01:750:272:00|4.58|4.16|4.21|4.37|4.58|4.26|4.68|4.32|4.26|4.56|5.00|4.47|4.79|3.68|4.53|3.89
ZIMMERMAN FRANK|01:750:276:01|4.57|4.72|4.10|4.75|4.75|4.38|4.00|3.60|4.63|4.15|4.88|4.13|3.78|3.30|2.50|2.88|3.47
LEATH PAUL|01:750:296:01|4.69|4.29|4.07|4.31|4.07|3.86|4.07|3.54|4.00|4.00|5.00|3.93|3.71|3.08|4.71|3.57
HUGHES JOHN|01:750:301:01|4.44|4.44|4.33|4.67|4.78|4.22|4.00|4.00|4.00|4.00|4.89|3.33|4.00|3.11|5.00|3.20
ZAMICK LARRY|01:750:323:01|3.77|3.85|3.54|4.00|3.91|3.62|3.69|4.00|3.69|3.54|4.75|3.08|3.18|3.67|4.22
ZAMICK LARRY|01:750:324:01|3.50|3.67|2.83|4.17|3.50|3.33|4.17|4.33|3.67|2.67|4.33|3.00|2.00|3.25|3.00|4.33
ZAMICK LARRY|01:750:324:02|3.50|3.67|2.83|4.17|3.50|3.33|4.17|4.33|3.67|2.67|4.33|3.00|2.00|3.25
WATTS TERRY|01:750:327:00|4.05|3.95|3.48|4.19|3.95|3.43|3.33|3.48|3.67|3.38|4.86|2.76|2.95|2.57|3.00|4.00|4.00
WATTS TERRY|01:750:327:01|3.68|3.73|3.12|4.12|3.81|3.42|3.23|3.27|3.50|3.23|3.58|3.24|3.23|2.73|2.96|3.54|3.08
LOU SHITAO|01:750:327:02|3.68|3.73|3.12|4.12|3.81|3.42|3.23|3.27|3.50|3.23|3.58|3.24|3.23|2.73|2.96|3.54|3.08
LI MENG|01:750:327:03|3.68|3.73|3.12|4.12|3.81|3.42|3.23|3.27|3.50|3.23|3.58|3.24|3.23|2.73|2.96|3.54|3.08|4.00
KOSOWSKY A|01:750:342:01|4.80|4.93|5.00|5.00|4.71|4.93|4.93|4.73|5.00|4.80|5.00|3.27|4.53|4.13|3.42
PIATEK SLAWOMIR|01:750:344:01|4.25|3.50|3.29|3.25|3.25|2.88|3.50|4.75|3.57|3.13|3.75|1.88|3.25|3.50|4.00
GERSHENSON MICHAEL|01:750:351:01|4.67|4.20|2.87|4.20|4.07|2.93|3.73|3.71|3.71|3.29|4.43|3.29|3.14|3.79|4.00
HORTON GEORGE|01:750:382:01|4.45|4.20|4.35|4.90|4.65|4.21|4.60|4.30|4.30|4.35|4.85|4.60|4.55|4.55|3.00|3.94|5.00|1.00|3.00
ZAPOLSKY HAROLD|01:750:386:01|4.50|4.42|4.17|4.50|4.33|3.83|4.42|4.08|3.92|4.08|4.91|4.09|4.36|4.73|5.00|4.40
THOMSON GORDON|01:750:388:01|3.50|4.50|4.50|5.00|5.00|4.50|4.50|3.50|4.00|3.50|5.00|3.00|2.50|3.00|2.50|4.00|5.00
THOMSON GORDON|01:750:389:01|4.50|5.00|5.00|5.00|5.00|4.50|4.00|4.50|4.50|4.50|5.00|5.00|4.50|3.00|1.00|3.50|4.50
GILMAN RONALD|01:750:397:01|4.79|4.74|4.79|4.74|4.47|4.53|4.58|4.32|4.74|4.63|5.00|3.18|4.22|4.61|3.60|3.00
ANDREI EVA|01:750:406:01|4.50|4.50|4.00|5.00|5.00|4.50|3.50|4.00|4.50|4.00|5.00|3.00|4.00|4.50|3.00
HARRINGTON DAVID|01:750:418:01|4.14|4.14|3.43|4.14|4.29|4.00|4.00|3.86|3.86|3.86|4.86|2.86|3.00|4.33|4.25|4.50
KEETON CHARLES|01:750:443:01|4.71|4.71|4.71|4.71|4.71|4.57|4.57|4.71|4.50|4.50|4.86|4.14|4.43|4.43|3.50
