SPRACHMAN PAUL|01:685:103:01|4.85|5.00|5.00|5.00|4.85|4.92|4.85|4.54|5.00|5.00
ALSIADI M|01:685:127:01|3.80|3.98|4.18|4.22|4.48|3.87|4.20|4.64|3.91|4.02
RANA ARIF|01:685:127:02|3.80|3.98|4.18|4.22|4.48|3.87|4.20|4.64|3.91|4.02
ELBOUZIDY RACHID|01:685:127:03|3.80|3.98|4.18|4.22|4.48|3.87|4.20|4.64|3.91|4.02|3.00
CARGILL JACK|01:685:200:01|4.60|5.00|4.20|4.60|4.20|3.60|4.20|4.40|4.00|4.00
SPRACHMAN PAUL|01:685:203:01|4.78|4.89|4.89|4.89|4.78|4.89|4.89|5.00|4.89|4.88
ALSIADI M|01:685:227:01|3.29|3.60|3.67|3.95|4.30|3.15|3.43|4.76|3.33|3.24
ELBOUZIDY R|01:685:227:02|3.29|3.60|3.67|3.95|4.30|3.15|3.43|4.76|3.33|3.24
MOTLAGH AMY|01:685:307:01|4.50|5.00|5.00|4.00|4.50|5.00|5.00|2.50|4.50|4.50
ZERUBAVEL YAEL|01:685:310:01|4.25|3.67|3.25|3.25|2.75|3.25|3.50|4.50|3.50|3.50
DAVIS ERIC|01:685:317:01|4.75|4.75|5.00|5.00|4.75|4.75|4.75|4.75|4.75|4.75
PAVLIN JAMES|01:685:325:01|4.70|4.60|4.40|4.70|4.67|4.40|4.50|4.90|4.50|4.30
MOJADDEDI JAWID|01:685:326:01|4.25|3.64|3.75|3.82|4.17|3.91|4.17|4.75|3.58|3.73|5.00|5.00|5.00|5.00|5.00|5.00|5.00|5.00|5.00
ELBOUZIDY RACHID|01:685:327:01|2.60|3.20|3.00|4.50|4.80|2.00|2.40|4.83|3.17|2.75
DJABINI AMIR|01:685:332:01|4.60|4.80|5.00|5.00|5.00|4.80|4.80|5.00|5.00|5.00
DJABINI AMIR|01:685:334:01|4.89|4.90|5.00|5.00|5.00|4.85|4.75|4.45|4.85|4.75
SPRACHMAN PAUL|01:685:350:01|4.66|4.78|4.85|4.88|4.59|4.57|4.68|4.61|4.72|4.62
MOJADDEDI JAWID|01:685:356:01|3.63|3.75|3.75|4.29|4.29|3.86|4.00|4.57|3.86|4.00
ELBOUZIDY RACHID|01:685:437:01|2.80|3.60|3.00|4.20|3.80|3.00|2.50|4.80|2.80|2.80
