SPRACHMAN PAUL|01:685:104:01|5.00|5.00|5.00|5.00|5.00|4.75|4.88|4.63|5.00|4.88
ALSIADI MOHAMED|01:685:128:01|4.43|4.57|4.85|4.90|4.85|4.55|4.65|4.85|4.60|4.63
FARHAT LILLIAN|01:685:128:02|4.43|4.57|4.85|4.90|4.85|4.55|4.65|4.85|4.60|4.63
RANA ARIF|01:685:128:03|4.43|4.57|4.85|4.90|4.85|4.55|4.65|4.85|4.60|4.63
SPRACHMAN PAUL|01:685:204:01|5.00|5.00|4.88|5.00|5.00|5.00|5.00|4.88|5.00|5.00
FARHAT LILLIAN|01:685:228:01|4.25|4.33|4.25|4.67|4.67|4.17|4.45|4.50|4.33|4.33
PAVLIN JAMES|01:685:233:01|4.78|4.67|4.78|5.00|4.67|4.89|4.78|4.89|4.78|4.78
ROSSI MICHAEL|01:685:317:70|5.00|4.33|5.00|5.00|5.00|5.00|5.00|5.00|5.00|4.33
ZAMANI AMIR|01:685:326:01|4.30|3.70|3.30|3.40|3.80|3.40|3.60|4.40|3.30|3.40
DJABINI AMIR|01:685:330:01|4.68|4.56|4.88|4.76|4.84|4.56|4.64|4.44|4.71|4.75
DJABINI AMIR|01:685:331:01|4.87|4.93|4.93|4.93|4.87|4.87|4.87|4.46|4.87|4.93|5.00|5.00|5.00|5.00|5.00
MOREWEDGE PARVIZ|01:685:374:01|3.37|3.63|3.57|4.00|3.76|3.40|3.47|3.76|3.29|3.37|3.00
SPRACHMAN PAUL|01:685:451:01|4.73|4.93|4.87|4.87|4.93|4.80|4.93|4.93|4.93|4.93
MAWLA HANY|01:685:457:01|4.82|4.91|4.45|4.82|4.45|4.55|4.73|4.36|4.80|4.60
SPRACHMAN PAUL|01:685:490:70|5.00|5.00|4.90|5.00|5.00|5.00|5.00|5.00|5.00|5.00
MOJADDEI JAWID|01:685:496:01|4.40|4.50|4.10|4.40|4.20|4.10|4.44|4.80|4.30|4.20
WAXMAN CHAIM|01:685:496:03|4.40|4.50|4.10|4.40|4.20|4.10|4.44|4.80|4.30|4.20
