JACKSONBREWER KARLA|01:014:103:02|4.45|4.64|4.58|4.63|4.42|4.42|4.54|4.13|4.55|4.53
RAMSAMY EDWARD|01:014:203:01|4.84|4.78|4.90|4.82|4.70|4.68|4.79|4.43|4.77|4.80|4.57|4.83|4.67|4.83|5.00|4.50|4.75|4.50|4.75
JOHNSON WALTON|01:014:212:01|4.82|4.91|4.90|4.95|4.90|4.71|4.76|3.86|4.81|4.86
GODONOO PROSPER|01:014:213:01|4.30|4.22|4.36|4.27|4.27|4.12|4.35|4.28|4.31|4.36|4.75|4.50|4.25|4.25|4.00|4.00|4.00|4.00|4.33
REED SGEORGE|01:014:220:00|4.39|4.71|4.82|4.65|4.86|4.71|4.75|4.71|4.65|4.65
BETHEL LEONARD|01:014:269:01|3.81|4.03|4.25|4.41|4.04|3.92|3.80|4.03|3.95|3.97
JENNINGS REGINA|01:014:285:01|4.93|4.93|5.00|4.93|4.85|5.00|5.00|4.85|4.93|5.00
ALI YUSEF|01:014:304:01|4.23|4.47|4.44|4.47|4.41|4.26|4.13|4.25|4.26|4.29
TATE GAYLE|01:014:306:01|4.87|4.93|4.80|4.87|4.75|4.69|4.81|4.38|4.81|4.81|5.00|5.00|5.00|5.00|5.00|5.00|5.00|5.00|5.00
JENNINGS REGINA|01:014:317:01|5.00|5.00|4.94|5.00|4.89|4.94|5.00|4.72|5.00|5.00
BETHEL LEONARD|01:014:323:01|4.89|4.89|4.89|4.89|4.86|4.78|4.78|4.44|4.78|4.56
KHAN KAMAL|01:014:347:01|4.55|4.34|4.52|4.52|4.41|4.34|4.41|4.03|4.33|4.43
TATE GAYLE|01:014:362:01|5.00|5.00|5.00|5.00|5.00|4.85|4.92|4.85|4.91|4.90
BONADIE DENNISTON|01:014:376:01|4.29|4.29|4.43|4.29|4.29|4.43|4.29|4.00|4.67|4.67
JOHNSON WALTON|01:014:404:01|4.67|4.67|4.50|4.67|5.00|4.83|4.83|4.00|5.00|4.83
RAMSAMY EDWARD|01:014:490:01|5.00|5.00|5.00|5.00|5.00|5.00|5.00|4.29|5.00|5.00|5.00
