DIEHL EMILY|01:860:102:02|4.71|4.93|4.71|4.92|4.93|4.77|4.93|4.64|4.71|4.79
MEDVEDEVA NATALIE|01:860:108:01|4.57|4.74|4.83|4.91|4.48|4.57|4.70|4.61|4.61|4.57
MEDVEDEVA NATALIE|01:860:108:02|4.57|4.74|4.83|4.91|4.48|4.57|4.70|4.61|4.61|4.57
MCCOY SVETLANA|01:860:202:01|3.41|3.61|3.47|4.00|3.94|3.47|3.06|4.38|3.47|3.24|4.23
MCCOY SVETLANA|01:860:204:01|4.13|4.38|4.00|4.50|4.38|4.25|4.13|4.13|4.50|4.13
ROSENFELD ALLA|01:860:320:01|4.90|4.70|4.60|4.80|4.78|4.70|4.60|3.60|4.70|4.44|5.00|5.00|5.00|5.00|5.00|5.00|5.00|5.00
AVINS CAROL|01:860:328:01|5.00|4.80|4.60|4.80|4.50|4.70|4.40|4.10|4.67|4.70
BOGOMOLNY SVETLANA|01:860:402:01|5.00|4.89|5.00|5.00|5.00|5.00|5.00|5.00|5.00|5.00
PIROG GERALD|01:860:433:01|4.93|4.80|4.57|4.85|4.93|4.57|4.73|4.33|4.71|4.62
PIROG GERALD|01:860:486:01|5.00|5.00|5.00|5.00|5.00|5.00|5.00|4.60|5.00|5.00
