GIGLIOTTI GARY|01:220:102:01|4.42|4.19|3.94|4.46|4.40|3.93|3.81|3.33|4.10|3.84
CLARE GREGORY|01:220:103:00|4.24|4.13|3.89|4.15|4.01|3.67|3.79|3.51|3.95|3.80
CHILDS GERALD|01:220:103:00|4.24|4.13|3.89|4.15|4.01|3.67|3.79|3.51|3.95|3.80
SHEFLIN NEIL|01:220:103:01|4.24|4.13|3.89|4.15|4.01|3.67|3.79|3.51|3.95|3.80|3.50|4.00|4.00|4.14|4.00|3.86|3.57|3.67|3.67
ARRIETA ALEJANDRO|01:220:103:40|4.24|4.13|3.89|4.15|4.01|3.67|3.79|3.51|3.95|3.80
HASSAN MARWA|01:220:103:41|4.24|4.13|3.89|4.15|4.01|3.67|3.79|3.51|3.95|3.80
HASSAN MARWA|01:220:103:42|4.24|4.13|3.89|4.15|4.01|3.67|3.79|3.51|3.95|3.80
SHEFLIN NEIL|01:220:103:81|4.24|4.13|3.89|4.15|4.01|3.67|3.79|3.51|3.95|3.80
CLARE GREGORY|01:220:200:01|4.38|3.96|3.95|3.71|3.81|3.38|3.83|3.05|3.86|3.65|1.00
HUGHES JOSEPH|01:220:203:01|4.47|4.41|4.11|4.41|4.28|4.02|4.09|3.66|4.27|4.08
HUGHES JOSEPH|01:220:203:02|4.47|4.41|4.11|4.41|4.28|4.02|4.09|3.66|4.27|4.08
BHILADWALLA MAHARUKH|01:220:203:04|4.47|4.41|4.11|4.41|4.28|4.02|4.09|3.66|4.27|4.08|4.50
BHILADWALLA MAHARUKH|01:220:203:08|4.47|4.41|4.11|4.41|4.28|4.02|4.09|3.66|4.27|4.08|4.50|4.00|4.00|4.00|4.00|4.00|4.00|4.00|4.00
KILLINGSWORTH MARK|01:220:203:10|4.47|4.41|4.11|4.41|4.28|4.02|4.09|3.66|4.27|4.08
JOSEPH GEORGE|01:220:203:11|4.47|4.41|4.11|4.41|4.28|4.02|4.09|3.66|4.27|4.08
DEB S|01:220:204:01|3.78|3.72|3.50|3.77|3.63|3.38|3.43|3.56|3.56|3.55
KORENOK OLEG|01:220:204:05|3.78|3.72|3.50|3.77|3.63|3.38|3.43|3.56|3.56|3.55|4.00|3.50|3.33|4.00|3.50
VELLANGANY ISAAC|01:220:204:08|3.78|3.72|3.50|3.77|3.63|3.38|3.43|3.56|3.56|3.55|4.00|3.50
VELLAGANGY ISAAC|01:220:204:09|3.78|3.72|3.50|3.77|3.63|3.38|3.43|3.56|3.56|3.55|4.00|3.50|3.33|4.00|3.50|5.00|4.00|4.00|4.00
RABBY FAISAL|01:220:204:10|3.78|3.72|3.50|3.77|3.63|3.38|3.43|3.56|3.56|3.55
CHAUDHURI BASANTA|01:220:300:01|3.85|3.49|3.19|3.78|3.26|2.99|3.22|3.73|3.17|3.17
WARMINGHAM DALE|01:220:301:01|4.26|4.29|4.26|4.40|4.26|3.97|4.07|4.04|4.18|4.13|4.50|4.50|4.50|4.50|4.50|4.50|4.50|4.50|4.50
WARMINGHAM DALE|01:220:301:02|4.26|4.29|4.26|4.40|4.26|3.97|4.07|4.04|4.18|4.13|4.50|4.50|4.50|4.50|4.50|4.50|4.50|4.50|4.50
SANI MAJID|01:220:301:03|4.26|4.29|4.26|4.40|4.26|3.97|4.07|4.04|4.18|4.13
SHEFLIN NEIL|01:220:301:06|4.26|4.29|4.26|4.40|4.26|3.97|4.07|4.04|4.18|4.13
KARMAKAR RATNA|01:220:301:08|4.26|4.29|4.26|4.40|4.26|3.97|4.07|4.04|4.18|4.13
SANI MAJID|01:220:301:09|4.26|4.29|4.26|4.40|4.26|3.97|4.07|4.04|4.18|4.13
SANI MAJID|01:220:301:10|4.26|4.29|4.26|4.40|4.26|3.97|4.07|4.04|4.18|4.13
MITRA SOPHIE|01:220:302:01|4.52|4.28|4.00|4.62|4.28|4.07|4.14|3.82|4.28|4.14|5.00|5.00|5.00|5.00|5.00|5.00
WARMINGHAM DALE|01:220:308:01|4.51|4.30|4.37|4.16|4.47|4.21|4.13|3.75|4.35|4.30
WARMINGHAM DALE|01:220:308:03|4.51|4.30|4.37|4.16|4.47|4.21|4.13|3.75|4.35|4.30|5.00|5.00|5.00|5.00|5.00|5.00|5.00|5.00|5.00
RUBIN JEFFREY|01:220:316:01|4.37|4.34|3.89|4.35|3.51|3.61|3.74|3.44|4.00|3.74
DELIA DEREK|01:220:322:01|4.38|4.40|4.07|4.49|4.36|4.09|4.08|3.33|4.21|4.11
TSURUMI HIROKI|01:220:322:02|4.38|4.40|4.07|4.49|4.36|4.09|4.08|3.33|4.21|4.11
KLEIN ROGER|01:220:322:03|4.38|4.40|4.07|4.49|4.36|4.09|4.08|3.33|4.21|4.11
FRANCISCO NOMEL|01:220:322:04|4.38|4.40|4.07|4.49|4.36|4.09|4.08|3.33|4.21|4.11|5.00
PACZKOWSKI W|01:220:322:05|4.38|4.40|4.07|4.49|4.36|4.09|4.08|3.33|4.21|4.11
RABBY M|01:220:322:08|4.38|4.40|4.07|4.49|4.36|4.09|4.08|3.33|4.21|4.11
ABAZI ARNISA|01:220:322:09|4.38|4.40|4.07|4.49|4.36|4.09|4.08|3.33|4.21|4.11
BOWBLIS JOHN|01:220:322:10|4.38|4.40|4.07|4.49|4.36|4.09|4.08|3.33|4.21|4.11
GHASEMZADEH DAVOOD|01:220:322:11|4.38|4.40|4.07|4.49|4.36|4.09|4.08|3.33|4.21|4.11
ROCKOFF HUGH|01:220:327:01|4.77|4.52|4.31|4.64|4.55|4.30|4.28|3.88|4.49|4.37
ROCKOFF HUGH|01:220:327:02|4.77|4.52|4.31|4.64|4.55|4.30|4.28|3.88|4.49|4.37
SIGMAN HILARY|01:220:332:01|4.32|4.42|3.81|4.32|3.87|3.55|3.77|3.23|3.97|3.90|3.00
CLARE GREGORY|01:220:335:02|4.65|4.12|4.13|3.94|3.76|3.76|4.06|3.76|3.94|3.88
DUTTA MANORANJAN|01:220:337:01|3.10|2.73|3.19|3.00|3.00|2.83|3.35|3.51|2.82|2.96
GANG IRA|01:220:339:01|4.06|4.12|3.89|4.16|4.06|3.66|3.73|3.49|4.00|3.84|3.00|2.00|3.00|3.00
GANG IRA|01:220:339:02|4.06|4.12|3.89|4.16|4.06|3.66|3.73|3.49|4.00|3.84
BHILADWALLA MAHARUKH|01:220:341:02|4.68|4.48|4.40|4.64|4.58|4.24|4.24|3.76|4.60|4.58
VELLANGANY ISAAC|01:220:357:01|3.92|3.94|4.15|4.07|3.98|4.00|3.94|3.71|3.98|3.88
DUTTA MANORANJAN|01:220:359:01|3.29|2.98|3.47|3.33|3.09|2.95|3.59|3.42|2.98|3.27|1.00
CHAUDHURI BASANTA|01:220:362:01|3.24|3.09|2.91|3.64|3.27|2.68|2.76|3.32|2.73|2.76
SCARRY CONALD|01:220:369:01|3.55|4.00|4.10|4.02|2.83|3.38|3.48|3.26|3.40|3.31
PACZKOWSKI WALTER|01:220:370:01|4.27|4.13|4.36|3.73|3.53|3.87|4.13|3.47|3.67|3.73
KILLINGSWQRTH MARK|01:220:375:01|4.54|4.49|4.32|4.44|4.39|3.81|3.91|3.58|4.14|4.15
HASSAN MARWA|01:220:389:01|4.32|4.37|3.74|4.42|4.53|3.84|3.89|3.58|4.05|4.05
PACZKOWSKI WALTER|01:220:393:04|4.46|4.34|4.28|4.35|3.91|3.91|4.21|4.25|4.07|4.12
PACZKOWSKI WALTER|01:220:394:01|4.77|4.15|4.23|3.92|4.15|3.92|4.46|4.23|4.17|4.25
CARBONELLNICOLAU ORIOL|01:220:407:01|4.33|4.33|4.00|4.43|4.33|4.07|3.87|3.53|4.33|4.40
BORDO MICHAEL|01:220:412:01|4.29|4.18|4.24|3.94|4.44|3.71|4.24|4.25|4.00|4.06
