BELOWICH ALAN|01:198:110:00|4.28|4.14|3.79|4.22|4.24|3.69|3.72|2.73|4.00|3.60
CHIRCO JT|01:198:110:00|4.28|4.14|3.79|4.22|4.24|3.69|3.72|2.73|4.00|3.60|4.57
CHIRCO JT|01:198:110:00|4.28|4.14|3.79|4.22|4.24|3.69|3.72|2.73|4.00|3.60|4.57|4.50
BELOWICH ALAN|01:198:110:00|4.28|4.14|3.79|4.22|4.24|3.69|3.72|2.73|4.00|3.60
MIRJI MADHUR|01:198:110:01|4.28|4.14|3.79|4.22|4.24|3.69|3.72|2.73|4.00|3.60
SOLAIJAWAHAR AJAYC|01:198:110:03|4.28|4.14|3.79|4.22|4.24|3.69|3.72|2.73|4.00|3.60
MIRJI MADHUR|01:198:110:04|4.28|4.14|3.79|4.22|4.24|3.69|3.72|2.73|4.00|3.60
SOLAIJAWAHAR AJAYC|01:198:110:05|4.28|4.14|3.79|4.22|4.24|3.69|3.72|2.73|4.00|3.60|4.57
SOLAIJAWAHAR AJAYC|01:198:110:07|4.28|4.14|3.79|4.22|4.24|3.69|3.72|2.73|4.00|3.60
DHUME DINAKIN|01:198:110:10|4.28|4.14|3.79|4.22|4.24|3.69|3.72|2.73|4.00|3.60
DHUME PINAKIN|01:198:110:11|4.28|4.14|3.79|4.22|4.24|3.69|3.72|2.73|4.00|3.60
RASTOGI DEVASHISH|01:198:110:12|4.28|4.14|3.79|4.22|4.24|3.69|3.72|2.73|4.00|3.60
DHUME PINAKIN|01:198:110:13|4.28|4.14|3.79|4.22|4.24|3.69|3.72|2.73|4.00|3.60
MITTAL SUSHIL|01:198:110:14|4.28|4.14|3.79|4.22|4.24|3.69|3.72|2.73|4.00|3.60
MITTAL SUSHIL|01:198:110:15|4.28|4.14|3.79|4.22|4.24|3.69|3.72|2.73|4.00|3.60
MITTAL SUSHIL|01:198:110:18|4.28|4.14|3.79|4.22|4.24|3.69|3.72|2.73|4.00|3.60
LAKSHMINARAYANAN SUDHA|01:198:110:30|4.28|4.14|3.79|4.22|4.24|3.69|3.72|2.73|4.00|3.60
CHOWDHURY AHMED|01:198:110:31|4.28|4.14|3.79|4.22|4.24|3.69|3.72|2.73|4.00|3.60
LAKSHMINARAYANAN SUDHA|01:198:110:32|4.28|4.14|3.79|4.22|4.24|3.69|3.72|2.73|4.00|3.60
CHOWDHURY AHMED|01:198:110:33|4.28|4.14|3.79|4.22|4.24|3.69|3.72|2.73|4.00|3.60
RASTOGI DEVASHISH|01:198:110:41|4.28|4.14|3.79|4.22|4.24|3.69|3.72|2.73|4.00|3.60
DESAI ARNAV|01:198:110:42|4.28|4.14|3.79|4.22|4.24|3.69|3.72|2.73|4.00|3.60
RASTOGI DEVASHISH|01:198:110:43|4.28|4.14|3.79|4.22|4.24|3.69|3.72|2.73|4.00|3.60
DESAI ARNAV|01:198:110:44|4.28|4.14|3.79|4.22|4.24|3.69|3.72|2.73|4.00|3.60
DESAI ARNAV|01:198:110:45|4.28|4.14|3.79|4.22|4.24|3.69|3.72|2.73|4.00|3.60
JAGIRDAR ADITYA|01:198:110:50|4.28|4.14|3.79|4.22|4.24|3.69|3.72|2.73|4.00|3.60
HEGDE HARSHA|01:198:110:51|4.28|4.14|3.79|4.22|4.24|3.69|3.72|2.73|4.00|3.60|4.57
JAGIRDAR ADITYA|01:198:110:52|4.28|4.14|3.79|4.22|4.24|3.69|3.72|2.73|4.00|3.60
CHOWDHURY AHMED|01:198:110:53|4.28|4.14|3.79|4.22|4.24|3.69|3.72|2.73|4.00|3.60
HEGDE HARSHA|01:198:110:54|4.28|4.14|3.79|4.22|4.24|3.69|3.72|2.73|4.00|3.60|5.00
HEGDE HARSHA|01:198:110:55|4.28|4.14|3.79|4.22|4.24|3.69|3.72|2.73|4.00|3.60|4.57|4.50
OLIVEIRA ROYSTEIN|01:198:110:56|4.28|4.14|3.79|4.22|4.24|3.69|3.72|2.73|4.00|3.60
KOLLI SHYAM|01:198:110:61|4.28|4.14|3.79|4.22|4.24|3.69|3.72|2.73|4.00|3.60
KOLLI SHYAM|01:198:110:62|4.28|4.14|3.79|4.22|4.24|3.69|3.72|2.73|4.00|3.60
KOLLI SHYAM|01:198:110:63|4.28|4.14|3.79|4.22|4.24|3.69|3.72|2.73|4.00|3.60
SCHWARTZ CAROL|01:198:111:00|4.20|3.92|3.64|3.89|3.88|3.60|3.80|3.69|3.85|3.68|3.00
HARI PRADIP|01:198:111:00|4.20|3.92|3.64|3.89|3.88|3.60|3.80|3.69|3.85|3.68
ELAHRAF ABEER|01:198:111:04|4.20|3.92|3.64|3.89|3.88|3.60|3.80|3.69|3.85|3.68
HARI PRADIP|01:198:111:08|4.20|3.92|3.64|3.89|3.88|3.60|3.80|3.69|3.85|3.68
SHANKAR PRAVIN|01:198:111:08|4.20|3.92|3.64|3.89|3.88|3.60|3.80|3.69|3.85|3.68
VENUGOPAL SESH|01:198:112:00|4.44|4.35|4.09|4.53|4.41|3.97|3.97|4.03|4.06|4.06
HARI PRADIP|01:198:112:05|4.44|4.35|4.09|4.53|4.41|3.97|3.97|4.03|4.06|4.06
VENUGOPAL SESH|01:198:113:01|5.00|5.00|4.75|5.00|4.20|4.80|4.60|4.60|5.00|4.80
SCHWARTZ CAROL|01:198:170:00|4.25|4.12|4.03|4.25|4.21|3.87|3.99|3.38|4.02|3.74
JINAGA ARPANA|01:198:170:01|4.25|4.12|4.03|4.25|4.21|3.87|3.99|3.38|4.02|3.74|4.00
JINAGA ARPANA|01:198:170:02|4.25|4.12|4.03|4.25|4.21|3.87|3.99|3.38|4.02|3.74
SCHWARTZ CAROL|01:198:170:03|4.25|4.12|4.03|4.25|4.21|3.87|3.99|3.38|4.02|3.74
DESAI PRATIK|01:198:170:04|4.25|4.12|4.03|4.25|4.21|3.87|3.99|3.38|4.02|3.74
RADHAKRISHNAN RAHUL|01:198:170:05|4.25|4.12|4.03|4.25|4.21|3.87|3.99|3.38|4.02|3.74
RADHAKRISHNAN RAHUL|01:198:170:10|4.25|4.12|4.03|4.25|4.21|3.87|3.99|3.38|4.02|3.74
MAKHANI NARMEEN|01:198:170:12|4.25|4.12|4.03|4.25|4.21|3.87|3.99|3.38|4.02|3.74
MAKHANI NARMEEN|01:198:170:13|4.25|4.12|4.03|4.25|4.21|3.87|3.99|3.38|4.02|3.74
MAKHANI NARMEEN|01:198:170:14|4.25|4.12|4.03|4.25|4.21|3.87|3.99|3.38|4.02|3.74
ALLENDER ERIC|01:198:205:01|4.31|4.02|3.61|4.10|3.69|3.37|3.78|3.25|3.63|3.53
MCCARTHY LOTHORNE|01:198:205:04|4.21|3.94|3.35|3.94|3.62|3.18|3.65|3.27|3.39|3.38
JIMENEZ DANIEL|01:198:211:00|4.43|4.25|3.91|4.45|4.30|3.91|4.11|3.83|4.13|4.11
ZHOU SHIYU|01:198:314:00|4.49|4.25|3.68|4.30|4.02|3.75|3.88|3.82|4.07|3.81
MCCARTHY LTHORNE|01:198:314:00|4.49|4.25|3.68|4.30|4.02|3.75|3.88|3.82|4.07|3.81
STEINBERG LOUIS|01:198:314:00|4.49|4.25|3.68|4.30|4.02|3.75|3.88|3.82|4.07|3.81
DECARLO DOUGLAS|01:198:323:00|4.55|4.36|3.91|4.50|4.18|4.03|4.05|3.12|4.38|3.92
RICHTER GERARD|01:198:323:00|4.55|4.36|3.91|4.50|4.18|4.03|4.05|3.12|4.38|3.92
MERTERHARM JON|01:198:323:02|4.55|4.36|3.91|4.50|4.18|4.03|4.05|3.12|4.38|3.92
MI XI|01:198:323:13|4.55|4.36|3.91|4.50|4.18|4.03|4.05|3.12|4.38|3.92
SMITH DONALD|01:198:336:00|4.16|4.21|3.88|4.21|3.89|3.79|3.98|3.84|4.07|3.84
BORGIDA ALEX|01:198:336:00|4.16|4.21|3.88|4.21|3.89|3.79|3.98|3.84|4.07|3.84
ZHOU SHIYU|01:198:344:00|3.96|3.66|3.40|3.72|3.82|3.32|3.50|3.28|3.70|3.62
PAULL MARUIN|01:198:416:01|4.00|4.07|3.55|4.07|4.14|3.49|3.55|3.40|3.80|3.60
BORGIDA ALEX|01:198:431:01|3.77|3.92|3.15|4.15|3.25|3.38|3.83|4.31|3.54|3.23
PAVLOVIC VLADIMIR|01:198:440:01|4.11|3.74|3.32|4.11|3.94|3.16|3.95|3.89|3.53|3.53
