FINN THOMAS|01:202:201:01|4.77|4.78|4.73|4.77|4.62|4.49|4.59|4.21|4.69|4.60|2.67
HOFFMAN BARNETT|01:202:201:02|4.77|4.78|4.73|4.77|4.62|4.49|4.59|4.21|4.69|4.60|2.67|3.00|5.00|5.00|5.00|5.00
HENRY THOMAS|01:202:201:03|4.77|4.78|4.73|4.77|4.62|4.49|4.59|4.21|4.69|4.60
HENRY THOMAS|01:202:202:01|4.54|4.60|4.35|4.54|4.50|4.23|4.23|4.08|4.54|4.48|5.00|5.00|5.00|5.00|5.00|5.00
WELCH MICHAEL|01:202:203:01|4.13|3.69|3.95|3.85|3.62|3.43|3.84|3.95|3.65|3.62
WELCH MICHAEL|01:202:203:02|4.13|3.69|3.95|3.85|3.62|3.43|3.84|3.95|3.65|3.62
HENRY THOMAS|01:202:205:01|4.87|4.84|4.61|4.82|4.82|4.48|4.48|4.51|4.61|4.54|5.00|5.00|5.00|5.00|5.00|5.00|5.00|5.00|5.00
HINDS LENNOX|01:202:309:01|4.71|4.39|4.60|4.45|4.36|4.31|4.45|4.45|4.37|4.35
HINDS LENNOX|01:202:312:01|4.34|4.34|4.42|4.41|4.36|4.38|4.43|3.73|4.52|4.39
RECK PAUL|01:202:322:70|4.00|4.40|4.40|4.20|4.20|4.40|4.60|4.00|4.20|4.20
HOFFMAN BARNETT|01:202:327:01|4.79|4.85|4.85|4.82|4.60|4.66|4.69|4.58|4.89|4.80
LASALLE GERALD|01:202:406:01|4.60|4.63|4.45|4.61|4.21|4.23|4.20|4.51|4.34|4.40|5.00|5.00|5.00
LISCHICK CYNTHIA|01:202:422:70|4.50|4.73|4.60|4.73|4.47|4.40|4.40|3.50|4.60|4.43
MILLER LISA|01:202:496:01|4.35|4.35|4.29|4.52|4.21|4.21|4.03|3.68|4.29|4.24
