GRIMSHAW JANE|01:615:101:00|4.45|4.29|4.04|4.45|4.16|3.90|3.98|3.19|4.13|3.95|4.25|4.50|4.50|4.67|5.00|4.67|5.00|5.00
CABRERA MARIAJOSE|01:615:101:81|4.45|4.29|4.04|4.45|4.16|3.90|3.98|3.19|4.13|3.95|4.25|4.50|4.50|4.67|5.00|4.67
DELACY PAUL|01:615:201:01|4.57|4.60|4.51|4.52|4.65|4.36|4.40|3.96|4.57|4.54
LANDMAN MEREDITH|01:615:201:02|4.57|4.60|4.51|4.52|4.65|4.36|4.40|3.96|4.57|4.54
SCHWARZCHILD ROGER|01:615:201:70|4.57|4.60|4.51|4.52|4.65|4.36|4.40|3.96|4.57|4.54
SAFIR KEN|01:615:305:01|4.32|4.32|4.05|4.55|4.64|3.68|3.91|3.45|4.09|3.95
LANDMAN MEREDITH|01:615:325:01|4.47|4.47|4.23|4.73|4.70|4.50|4.40|4.10|4.38|4.29
STROMSWOLD KARIN|01:615:373:01|5.00|5.00|5.00|5.00|4.50|4.33|4.67|4.67|4.83|4.50
CAMACHO JOSE|01:615:431:01|4.42|4.63|4.32|4.79|4.56|4.26|4.05|4.21|4.53|4.21
SCHWARZSCHILD ROGER|01:615:441:01|4.27|4.20|3.87|4.33|4.27|4.00|4.07|4.27|4.08|4.15
