LAROCHELLE SARAH|01:195:101:02|4.12|4.12|4.13|4.26|3.94|3.78|3.73|3.16|3.85|3.67
ABBEY KRISTEN|01:195:101:04|4.12|4.12|4.13|4.26|3.94|3.78|3.73|3.16|3.85|3.67
XU ANNE|01:195:135:02|4.29|3.99|4.10|4.23|3.97|3.87|3.91|3.75|3.93|3.83
BEALL JOSH|01:195:135:03|4.29|3.99|4.10|4.23|3.97|3.87|3.91|3.75|3.93|3.83
LU YINGJIU|01:195:150:01|4.16|4.06|4.01|4.18|3.86|3.61|3.63|3.37|3.70|3.64
WALKER STEVEN|01:195:150:03|4.16|4.06|4.01|4.18|3.86|3.61|3.63|3.37|3.70|3.64
IGNACIO INFANTE|01:195:150:04|4.16|4.06|4.01|4.18|3.86|3.61|3.63|3.37|3.70|3.64
SERRANO RICHARD|01:195:201:01|4.76|4.80|4.64|4.68|4.33|4.48|4.43|4.13|4.66|4.54
BRAGAPINTO CESAR|01:195:307:01|4.73|4.64|4.40|4.70|4.70|4.30|4.40|4.20|4.60|4.50
WALKER JANET|01:195:352:01|4.75|4.53|4.60|4.87|4.53|4.33|4.20|4.00|4.50|4.25
POURGOURIS MARINOS|01:195:383:01|4.63|5.00|4.88|5.00|4.50|4.38|4.75|3.50|4.75|4.75
SCHALOW PAUL|01:195:395:01|4.66|4.84|4.66|4.84|4.66|4.52|4.69|4.19|4.52|4.52
WALKER JANET|01:195:395:02|4.66|4.84|4.66|4.84|4.66|4.52|4.69|4.19|4.52|4.52
BUCKLEY MATTHEW|01:195:395:04|4.66|4.84|4.66|4.84|4.66|4.52|4.69|4.19|4.52|4.52|4.00|3.00|5.00|4.00|4.00|5.00
