TRANSUE GREGG|01:119:100:01|4.55|4.52|4.36|4.50|4.03|4.26|4.28|3.85|4.31|4.21|2.43|2.13|3.97|3.45|3.73|4.30|3.80|3.97|4.06
RANGWALLA IMTIAZ|01:119:100:72|4.55|4.52|4.36|4.50|4.03|4.26|4.28|3.85|4.31|4.21
SIEGEL ALISON|01:119:102:83|4.46|4.30|4.06|4.37|4.12|4.04|4.07|3.75|4.28|3.79
UZWIAK ANTHONY|01:119:128:00|4.63|4.61|4.56|4.57|4.39|4.27|4.61|4.12|4.27|4.32
STOLEN JOANNE|01:119:131:01|4.38|4.03|4.14|4.11|4.25|3.76|3.83|3.38|3.92|3.89
SOFER WILLIAM|01:119:140:01|4.71|4.14|3.29|3.86|4.57|3.71|3.71|2.57|3.71|3.83|4.00
SCOTT KATHLEEN|01:119:148:01|4.92|4.91|4.74|4.87|4.48|4.57|4.64|3.63|4.78|4.74
STOLEN JOANNE|01:119:150:02|4.01|3.39|3.49|3.72|3.76|3.13|3.48|3.04|3.29|3.38
BREY CHRISTOPHE|01:119:150:03|4.01|3.39|3.49|3.72|3.76|3.13|3.48|3.04|3.29|3.38
KABIR ZOGHLUL|01:119:160:01|3.95|3.71|3.91|3.88|3.93|3.61|3.59|2.99|3.85|3.77|5.00|4.00|5.00|4.00|5.00|4.00|5.00|4.00|5.00
KABIR ZOGHLUL|01:119:160:02|3.95|3.71|3.91|3.88|3.93|3.61|3.59|2.99|3.85|3.77
