ROCKLAND MICHAEL|01:050:101:01|4.45|4.41|4.54|4.49|4.45|4.00|4.10|3.58|4.22|4.16|3.00|3.00|3.00|3.00|3.00|3.00|3.00|3.00
ENRIGHT KELLY|01:050:202:01|4.46|4.58|4.04|4.27|4.16|3.77|3.96|3.32|4.27|4.00|4.50|5.00|5.00|5.00|5.00
NORLAND BETSEY|01:050:216:01|4.59|4.41|4.24|4.55|4.43|3.98|4.06|3.92|4.32|4.24
STERN MARIAN|01:050:281:01|4.74|4.69|4.63|4.69|4.43|4.34|4.38|2.79|4.38|4.29|5.00|5.00|4.00|5.00|4.00|4.00|5.00|5.00|5.00
NIGRIN ALBERT|01:050:300:01|4.58|4.59|4.59|4.66|4.66|4.39|4.44|4.10|4.54|4.55|4.00|4.00|4.00|4.00|4.00|4.00|4.00|4.00
BARNETT LOUISE|01:050:301:01|4.93|4.79|4.50|4.86|4.71|4.29|4.21|4.14|4.50|4.36
STUBAUS KAREN|01:050:301:02|4.93|4.79|4.50|4.86|4.71|4.29|4.21|4.14|4.50|4.36
HALLET HILARY|01:050:303:01|4.39|4.71|4.45|4.78|4.40|4.15|4.18|4.16|4.33|4.40
FABIAN ANN|01:050:303:02|4.39|4.71|4.45|4.78|4.40|4.15|4.18|4.16|4.33|4.40|3.00
YANNI CARLA|01:050:309:01|4.86|4.86|4.57|4.86|4.57|4.29|4.71|4.14|4.71|4.71
FLEETWOOD NICOLE|01:050:315:01|3.53|3.06|3.82|3.06|3.76|3.29|4.00|3.35|3.59|3.59
FISHBEIN LESLIE|01:050:325:01|4.73|4.41|4.45|4.64|4.18|4.05|4.32|3.82|4.32|4.18|4.45|4.27|4.05
FISHBEIN LESLIE|01:050:487:01|4.64|3.64|4.20|4.09|4.30|3.30|3.64|3.36|3.36|3.27|3.27|4.00|3.55
ROCKLAND MICHAEL|01:050:488:01|4.42|4.42|4.42|4.67|4.73|4.17|4.00|3.80|4.42|4.25
