PIATEK SLAWOMIR|01:750:109:01|4.77|4.59|4.66|4.64|4.60|4.46|4.42|3.94|4.55|4.41|4.25|3.99|3.99|4.34|4.74|3.49
PIATEK SLAWOMIR|01:750:109:02|4.77|4.59|4.66|4.64|4.60|4.46|4.42|3.94|4.55|4.41|4.25|3.99|3.99|4.34|4.74|3.49
WILLIAMS TED|01:750:110:01|4.70|4.22|3.87|3.96|4.14|3.39|3.96|3.48|3.70|3.57|4.82|4.27|3.95|3.77|4.00|3.67
BRAHMIA SUZANNE|01:750:115:00|4.76|4.56|4.62|4.76|4.48|4.48|4.42|4.10|4.69|4.48|4.89|3.78|4.13|4.00|4.54|4.04|3.75|5.00|5.00
LAKSHMINARAYANAN SUDHA|01:750:115:77|4.59|4.47|4.29|4.64|4.49|4.30|4.25|3.94|4.39|4.33|4.40|4.26
KIRYUKHIN VALERY|01:750:123:00|4.79|4.39|4.45|4.29|4.21|4.24|3.89|3.70|4.30|4.14|4.07|3.48|3.78|3.71|4.52|3.74
KIRYUKHIN VALERY|01:750:123:00|4.79|4.39|4.45|4.29|4.21|4.24|3.89|3.70|4.30|4.14|4.07|3.48|3.78|3.71|4.52|3.74|5.00
KLEVTSOV SAM|01:750:123:01|4.24|4.18|3.84|4.40|4.35|3.76|3.57|3.63|3.98|3.78|4.19|3.68
KOLLER NOEMIE|01:750:123:02|4.24|4.18|3.84|4.40|4.35|3.76|3.57|3.63|3.98|3.78|4.19|3.68
GUSTAFSSON TORGHY|01:750:123:06|4.24|4.18|3.84|4.40|4.35|3.76|3.57|3.63|3.98|3.78|4.19|3.68
KOLLER NOEMIE|01:750:123:20|4.24|4.18|3.84|4.40|4.35|3.76|3.57|3.63|3.98|3.78|4.19|3.68|2.87
KOLLER NOEMIE|01:750:123:21|4.24|4.18|3.84|4.40|4.35|3.76|3.57|3.63|3.98|3.78|4.19|3.68
MALASHEVICH ANDREI|01:750:123:22|4.24|4.18|3.84|4.40|4.35|3.76|3.57|3.63|3.98|3.78|4.19|3.68
LEATH PAUL|01:750:161:00|4.22|3.78|3.81|4.17|3.85|3.47|3.51|3.00|3.67|3.34|4.88|3.56|3.88|3.88|3.76|3.69
KLOET WILLEM|01:750:161:01|4.13|4.02|3.85|4.22|4.45|3.76|3.55|2.92|3.96|3.33|3.51|3.07
ZHANG CHENGLIN|01:750:161:04|4.13|4.02|3.85|4.22|4.45|3.76|3.55|2.92|3.96|3.33|3.51|3.07
WARREN AARON|01:750:193:01|4.58|4.54|4.31|4.68|4.47|4.36|3.99|3.09|4.51|3.78|4.79|3.66
NEWMAN RONALEE|01:750:193:02|4.58|4.54|4.31|4.68|4.47|4.36|3.99|3.09|4.51|3.78|4.79|3.66
NEWMAN RONALEE|01:750:193:03|4.58|4.54|4.31|4.68|4.47|4.36|3.99|3.09|4.51|3.78|4.79|3.66|5.00
FLAKKER JIM|01:750:193:04|4.58|4.54|4.31|4.68|4.47|4.36|3.99|3.09|4.51|3.78|4.79|3.66
LARGO LUIS|01:750:193:08|4.58|4.54|4.31|4.68|4.47|4.36|3.99|3.09|4.51|3.78|4.79|3.66
MOSCINSKI ADRIENNE|01:750:193:20|4.38|4.31|4.15|4.51|4.54|4.13|3.90|3.27|4.28|3.71|4.32|3.55|3.66|3.26|3.11|3.52|3.49
GENTILE MICHAEL|01:750:193:22|4.38|4.31|4.15|4.51|4.54|4.13|3.90|3.27|4.28|3.71|4.32|3.55|3.66|3.26|3.11|3.52|3.49|3.63
GENTILE MICHAEL|01:750:193:23|4.38|4.31|4.15|4.51|4.54|4.13|3.90|3.27|4.28|3.71|4.32|3.55|3.66|3.26|3.11|3.52|3.49|3.63
RUIBALVILLASENHOR MARIA|01:750:193:24|4.38|4.31|4.15|4.51|4.54|4.13|3.90|3.27|4.28|3.71|4.32|3.55|3.66|3.26|3.11|3.52|3.49|3.63
LARGO LUIS|01:750:193:26|4.38|4.31|4.15|4.51|4.54|4.13|3.90|3.27|4.28|3.71|4.32|3.55|3.66|3.26|3.11|3.52|3.49
LARGO LUIS|01:750:193:27|4.38|4.31|4.15|4.51|4.54|4.13|3.90|3.27|4.28|3.71|4.32|3.55|3.66|3.26|3.11|3.52|3.49|3.63
LARGO LUIS|01:750:193:28|4.38|4.31|4.15|4.51|4.54|4.13|3.90|3.27|4.28|3.71|4.32|3.55|3.66|3.26|3.11|3.52|3.49|3.63
RUIBALVILLASENHOR MARIA|01:750:193:30|4.38|4.31|4.15|4.51|4.54|4.13|3.90|3.27|4.28|3.71|4.32|3.55|3.66|3.26|3.11|3.52|3.49
BRAHMIA BAKI|01:750:202:00|4.98|4.96|4.96|4.98|4.88|4.91|4.82|4.23|4.93|4.89|4.92|3.84|4.34|4.60|4.75|3.71
VANHUEVELEN ALAN|01:750:203:00|4.18|4.16|3.90|4.24|4.10|3.86|3.74|3.52|3.84|3.67|4.63|2.35|3.78|3.62|3.84|3.28
VANHUEVELEN ALAN|01:750:203:00|4.18|4.16|3.90|4.24|4.10|3.86|3.74|3.52|3.84|3.67|4.63|2.35|3.78|3.62|3.84|3.28|5.00
ANDREI EVA|01:750:203:01|4.49|4.51|4.30|4.58|4.57|4.31|4.22|3.64|4.43|4.03|4.68
GOLANI VISHAL|01:750:203:10|4.49|4.51|4.30|4.58|4.57|4.31|4.22|3.64|4.43|4.03|4.68
SLUSKY SUSAN|01:750:203:12|4.49|4.51|4.30|4.58|4.57|4.31|4.22|3.64|4.43|4.03|4.68
SLUSKY SUSAN|01:750:203:13|4.49|4.51|4.30|4.58|4.57|4.31|4.22|3.64|4.43|4.03|4.68|3.69|4.50|4.44|4.06|3.46|4.33|4.33|5.00
SLUSKY SUSAN|01:750:203:14|4.49|4.51|4.30|4.58|4.57|4.31|4.22|3.64|4.43|4.03|4.68
GENTILE MICHAEL|01:750:204:00|4.45|4.37|4.17|4.50|4.22|3.98|3.80|3.44|4.14|3.94|4.88|3.64|3.84|3.44|3.21|3.60|4.00|5.00
MAKHARIA SHIVESH|01:750:205:01|4.14|4.27|3.86|4.38|4.39|3.85|3.67|3.42|4.04|3.74|4.12|3.63|4.07|3.43|2.58|3.05|3.26
CLEMENS NEVILLE|01:750:205:02|4.14|4.27|3.86|4.38|4.39|3.85|3.67|3.42|4.04|3.74|4.12|3.63|4.07|3.43|2.58|3.05|3.26|3.77
MAHINDRA RAJESH|01:750:205:06|4.14|4.27|3.86|4.38|4.39|3.85|3.67|3.42|4.04|3.74|4.12|3.63|4.07|3.43|2.58|3.05|3.26|3.77
MIRJI MADHUR|01:750:205:07|4.14|4.27|3.86|4.38|4.39|3.85|3.67|3.42|4.04|3.74|4.12|3.63|4.07|3.43|2.58|3.05|3.26
JINAGA ARPANA|01:750:205:13|4.14|4.27|3.86|4.38|4.39|3.85|3.67|3.42|4.04|3.74|4.12|3.63|4.07|3.43|2.58|3.05|3.26|3.77|4.09
CLEMENS NEVILLE|01:750:205:14|4.14|4.27|3.86|4.38|4.39|3.85|3.67|3.42|4.04|3.74|4.12|3.63|4.07|3.43|2.58|3.05|3.26
JAGIRDAR ADITHA|01:750:205:18|4.14|4.27|3.86|4.38|4.39|3.85|3.67|3.42|4.04|3.74|4.12|3.63|4.07|3.43|2.58|3.05|3.26
JINAGA ARPANA|01:750:205:20|4.14|4.27|3.86|4.38|4.39|3.85|3.67|3.42|4.04|3.74|4.12|3.63|4.07|3.43|2.58|3.05|3.26|4.09
JAGIRDAR ADITHA|01:750:205:21|4.14|4.27|3.86|4.38|4.39|3.85|3.67|3.42|4.04|3.74|4.12|3.63|4.07|3.43|2.58|3.05|3.26|3.77|4.09
MAKHARIA SHIVESH|01:750:205:22|4.14|4.27|3.86|4.38|4.39|3.85|3.67|3.42|4.04|3.74|4.12|3.63|4.07|3.43|2.58|3.05|3.26|3.77
MAKHARIA SHIVESH|01:750:205:23|4.14|4.27|3.86|4.38|4.39|3.85|3.67|3.42|4.04|3.74|4.12|3.63|4.07|3.43|2.58|3.05|3.26|3.77
OLIVEIRA ROYSTEIN|01:750:205:25|4.14|4.27|3.86|4.38|4.39|3.85|3.67|3.42|4.04|3.74|4.12|3.63|4.07|3.43|2.58|3.05|3.26|3.77|4.09
WU XIFAN|01:750:205:26|4.14|4.27|3.86|4.38|4.39|3.85|3.67|3.42|4.04|3.74|4.12|3.63|4.07|3.43|2.58|3.05|3.26|3.77|4.09
WANG XINJIE|01:750:205:27|4.14|4.27|3.86|4.38|4.39|3.85|3.67|3.42|4.04|3.74|4.12|3.63|4.07|3.43|2.58|3.05|3.26|3.77|4.09
RADHAKRISHNAN RAHUL|01:750:205:28|4.14|4.27|3.86|4.38|4.39|3.85|3.67|3.42|4.04|3.74|4.12|3.63|4.07|3.43|2.58|3.05|3.26|3.77|4.09
ALBA GABE|01:750:206:01|4.42|4.46|4.13|4.58|4.32|4.00|3.87|3.25|4.19|3.82|3.66|3.76|3.94|3.38|2.67|3.33|3.46|4.58|2.00
MAHINDRA RAJESH|01:750:206:08|4.42|4.46|4.13|4.58|4.32|4.00|3.87|3.25|4.19|3.82|3.66|3.76|3.94|3.38|2.67|3.33|3.46
COLEMAN PIERS|01:750:227:00|4.63|4.47|4.49|4.50|4.11|4.11|4.13|3.92|4.32|3.96|4.84|4.12|3.83|3.31|4.34|3.86
COLEMAN PIERS|01:750:227:00|4.63|4.47|4.49|4.50|4.11|4.11|4.13|3.92|4.32|3.96|4.84|4.12|3.83|3.31|4.34|3.86
DEVLIN THOMAS|01:750:227:01|4.41|4.39|4.00|4.46|4.33|3.92|3.91|3.62|4.24|3.95|4.54|3.67|3.00|3.50|3.33|4.00|3.33|4.00|4.00
DEVLIN THOMAS|01:750:227:02|4.41|4.39|4.00|4.46|4.33|3.92|3.91|3.62|4.24|3.95|4.54
BRONZAN JOHN|01:750:227:03|4.41|4.39|4.00|4.46|4.33|3.92|3.91|3.62|4.24|3.95|4.54|3.67|3.00|3.50
ZAMOLODCHIKOV ALEXANDER|01:750:227:05|4.41|4.39|4.00|4.46|4.33|3.92|3.91|3.62|4.24|3.95|4.54
BRONZAN JOHN|01:750:227:06|4.41|4.39|4.00|4.46|4.33|3.92|3.91|3.62|4.24|3.95|4.54
BRONZAN JOHN|01:750:227:08|4.41|4.39|4.00|4.46|4.33|3.92|3.91|3.62|4.24|3.95|4.54|3.67|3.00|3.50|3.33|4.00|3.33|4.00|4.00
DEVLIN THOMAS|01:750:227:11|4.41|4.39|4.00|4.46|4.33|3.92|3.91|3.62|4.24|3.95|4.54|3.67|3.00
BRONZAN JOHN|01:750:227:12|4.41|4.39|4.00|4.46|4.33|3.92|3.91|3.62|4.24|3.95|4.54
FRANCIS MATTHEW|01:750:227:14|4.41|4.39|4.00|4.46|4.33|3.92|3.91|3.62|4.24|3.95|4.54
ZAMOLODCHIKOV ALEXANDER|01:750:227:16|4.41|4.39|4.00|4.46|4.33|3.92|3.91|3.62|4.24|3.95|4.54
FRANCIS MATTHEW|01:750:227:17|4.41|4.39|4.00|4.46|4.33|3.92|3.91|3.62|4.24|3.95|4.54
ZAMOLODCHIKOV ALEXANDER|01:750:227:18|4.41|4.39|4.00|4.46|4.33|3.92|3.91|3.62|4.24|3.95|4.54
AHMED SAQUIB|01:750:227:21|4.41|4.39|4.00|4.46|4.33|3.92|3.91|3.62|4.24|3.95|4.54
RADHAKRISHNAN RAHUL|01:750:229:02|4.44|4.36|4.06|4.48|4.46|4.04|3.78|3.63|4.24|3.83|3.96|3.73|3.90|3.41|2.68|3.34|3.35
RADHAKRISHNAN RAHUL|01:750:229:07|4.44|4.36|4.06|4.48|4.46|4.04|3.78|3.63|4.24|3.83|3.96|3.73|3.90|3.41|2.68|3.34|3.35|4.31
OLIVEIRA ROYSTEIN|01:750:229:16|4.44|4.36|4.06|4.48|4.46|4.04|3.78|3.63|4.24|3.83|3.96|3.73|3.90|3.41|2.68|3.34|3.35|4.31|4.67
LATH AMITABH|01:750:271:00|4.26|3.68|4.00|3.79|3.92|3.68|3.61|4.00|3.66|3.89|4.68|3.86|4.24|3.46|4.43|3.88
SCHNETZER STEVE|01:750:273:00|3.67|3.59|3.30|4.07|4.30|3.04|3.07|4.15|3.11|3.11|4.63|1.70|2.67|1.93|3.04|3.52
JEREZ ANDRES|01:750:273:71|4.27|4.49|4.08|4.49|4.74|4.06|3.81|4.03|4.23|3.63|4.42
JEREZ ANDRES|01:750:273:72|4.27|4.49|4.08|4.49|4.74|4.06|3.81|4.03|4.23|3.63|4.42
JEREZ ANDRES|01:750:273:73|4.27|4.49|4.08|4.49|4.74|4.06|3.81|4.03|4.23|3.63|4.42
ZIMMERMANN FRANK|01:750:275:01|3.83|3.55|3.08|3.69|3.83|3.48|3.32|3.19|3.55|3.31|4.03|3.68|4.05|3.42|2.82|3.18|3.08
ZIMMERMANN FRANK|01:750:275:02|3.83|3.55|3.08|3.69|3.83|3.48|3.32|3.19|3.55|3.31|4.03|3.68|4.05|3.42|2.82|3.18|3.08
ZAPOLSKY HAROLD|01:750:305:01|4.29|4.21|3.86|4.07|4.29|3.36|3.93|3.79|3.71|3.77|5.00|1.79|3.57|4.36|4.17|3.00
CHANDRA PREMI|01:750:313:01|4.40|4.30|4.25|4.50|4.53|4.15|4.25|4.30|4.25|4.32|5.00|3.94|4.41|4.81|3.50|3.00
ZAMICK LARRY|01:750:323:01|3.45|4.17|3.09|4.00|4.18|3.27|3.92|4.00|3.36|3.33|4.67|3.36|3.00|3.75|3.67
ZAMICK LARRY|01:750:323:02|3.45|4.17|3.09|4.00|4.18|3.27|3.92|4.00|3.36|3.33|4.67|3.36|3.00|3.75|3.67|4.00
ZAMICK LARRY|01:750:324:02|3.67|4.00|4.00|4.00|4.33|3.67|3.33|4.33|3.33|3.33|4.33|3.50|3.00|3.50|4.33
GERSHENSON MICHAEL|01:750:326:00|4.69|4.54|4.31|4.85|4.46|4.31|4.31|3.62|4.46|4.08|4.62|3.50|3.75|3.40|3.67
LOU SHITAO|01:750:326:01|4.09|4.25|3.91|4.29|4.46|4.00|4.13|4.00|4.21|4.09|3.58|4.08|4.00|3.42|3.29|3.55|3.63
LI MENG|01:750:326:02|4.09|4.25|3.91|4.29|4.46|4.00|4.13|4.00|4.21|4.09|3.58|4.08|4.00|3.42|3.29|3.55|3.63|4.67
GERSHENSON MICHAEL|01:750:326:03|4.09|4.25|3.91|4.29|4.46|4.00|4.13|4.00|4.21|4.09|3.58|4.08|4.00|3.42|3.29|3.55|3.63|4.67|5.00
KEETON CHARLES|01:750:341:01|5.00|5.00|4.75|4.94|4.38|4.50|4.50|4.53|4.75|4.56|5.00|3.87|4.67|5.00|3.80
DEVLIN THOMAS|01:750:343:01|4.56|4.44|4.00|4.89|4.56|3.78|4.11|4.56|4.11|4.11|5.00|3.00|3.71|3.14|3.63
KALELKAR MOHAN|01:750:361:04|4.97|4.81|4.72|4.84|4.77|4.50|4.41|4.63|4.66|4.41|4.97|3.31|4.34|4.78|3.69|4.00
HORTON GEORGE|01:750:381:01|4.82|4.29|4.50|4.85|4.58|4.59|4.43|3.89|4.46|4.29|4.93|4.11|3.93|4.14|5.00|3.64|3.50|5.00|5.00
BARTYNKSI ROBERT|01:750:385:01|4.90|4.86|4.35|4.90|4.38|4.52|4.43|4.38|4.62|4.52|5.00|4.60|4.55|4.50|3.78|4.50
KOJIMA HARUO|01:750:387:01|4.00|4.06|3.81|4.63|4.50|3.94|3.63|3.63|4.07|3.87|4.47|3.21|2.67|2.13|3.19|3.80|3.80
KOJIMA HARUO|01:750:389:01|4.33|4.33|4.33|4.33|4.33|4.33|4.00|4.33|4.67|4.00|4.67|3.67|2.67|2.33|3.33|3.33|4.33
SOMALWAR SUNIL|01:750:417:01|4.67|4.56|4.56|4.67|4.67|4.56|4.67|4.78|4.67|4.33|4.78|4.89|4.22|4.56|3.89
PRYOR CARLTON|01:750:442:01|4.00|4.67|4.00|4.67|4.50|3.00|3.67|4.00|4.00|4.00|5.00|3.00|3.00|3.00|3.00
LANGRETH DAVID|01:750:464:01|4.67|4.33|3.33|4.33|4.33|3.67|2.67|5.00|4.33|3.00|5.00|3.00|3.67|4.00|2.33
