ZHU LIHUI|01:165:102:01|5.00|4.95|4.88|5.00|4.95|4.88|4.97|4.85|4.97|4.90
ZHU LIHUI|01:165:102:02|5.00|4.95|4.88|5.00|4.95|4.88|4.97|4.85|4.97|4.90|5.00|5.00|5.00|5.00|5.00|5.00|5.00|5.00|5.00
SIMMONS RICHARD|01:165:102:70|5.00|4.95|4.88|5.00|4.95|4.88|4.97|4.85|4.97|4.90
HSIEH YUI|01:165:111:01|4.46|4.11|4.34|4.15|4.08|4.19|4.30|4.20|4.13|4.13
WU YURU|01:165:111:02|4.46|4.11|4.34|4.15|4.08|4.19|4.30|4.20|4.13|4.13
HSIEH YUI|01:165:112:01|4.81|4.81|4.86|4.76|4.71|4.81|4.90|4.71|4.84|4.84
TSCHANZ DIETRICH|01:165:202:01|4.78|4.78|4.59|4.84|4.81|4.50|4.69|4.75|4.71|4.68
WU YURU|01:165:202:02|4.78|4.78|4.59|4.84|4.81|4.50|4.69|4.75|4.71|4.68
SHEN GLORIA|01:165:220:01|3.64|3.61|3.74|4.08|4.11|3.47|3.66|3.84|3.55|3.58
TSCHANZ DIETRICH|01:165:242:01|4.44|4.52|4.48|4.67|4.63|4.11|4.30|3.85|4.30|4.15
WANG BAN|01:165:262:01|3.96|3.98|3.88|4.12|4.04|3.50|3.71|3.87|3.80|3.88|3.00
XU ANNE|01:165:302:01|4.74|4.57|4.34|4.51|4.34|4.37|4.60|4.51|4.58|4.48
WU YURU|01:165:302:02|4.74|4.57|4.34|4.51|4.34|4.37|4.60|4.51|4.58|4.48
WU YURU|01:165:322:01|4.71|4.61|4.61|4.72|4.67|4.44|4.61|3.94|4.78|4.44
QI YUNFANG|01:165:362:01|4.56|4.25|4.38|4.38|4.44|4.31|4.25|4.31|4.50|4.38
TU CHING|01:165:419:01|4.46|4.46|4.38|4.38|4.38|4.46|4.31|4.31|4.46|4.54|4.50|4.50|4.50|4.50|4.50|4.50|4.50|4.00
SIMMONS RICHARD|01:165:425:01|4.33|4.67|4.13|4.53|4.60|4.00|4.20|4.13|4.21|4.21
NING XIN|01:165:452:01|4.65|4.55|4.70|4.74|4.80|4.60|4.55|4.60|4.65|4.55|5.00|5.00|5.00|5.00|5.00|5.00|5.00|5.00|5.00
