MARKY NANCY|01:160:128:01|3.59|3.24|3.45|3.54|3.13|2.80|2.65|2.70|2.77|2.70
SCHUGAR HARVEY|01:160:160:00|4.43|4.18|3.81|4.26|4.05|3.85|3.61|3.00|4.03|3.24
RABEONY MANESE|01:160:160:00|4.43|4.18|3.81|4.26|4.05|3.85|3.61|3.00|4.03|3.24
SCHUGAR HARVEY|01:160:160:00|4.43|4.18|3.81|4.26|4.05|3.85|3.61|3.00|4.03|3.24
RABEONY MANESE|01:160:160:00|4.43|4.18|3.81|4.26|4.05|3.85|3.61|3.00|4.03|3.24
ROYCHOWDHURY LIPIKA|01:160:160:01|4.43|4.18|3.81|4.26|4.05|3.85|3.61|3.00|4.03|3.24
PETRONE LOUIS|01:160:160:03|4.43|4.18|3.81|4.26|4.05|3.85|3.61|3.00|4.03|3.24
ROYCHOWDHURY LIPIKA|01:160:160:04|4.43|4.18|3.81|4.26|4.05|3.85|3.61|3.00|4.03|3.24
ROYCHOWDHURY LIPIKA|01:160:160:05|4.43|4.18|3.81|4.26|4.05|3.85|3.61|3.00|4.03|3.24
ROYCHOWDHURY LIPIKA|01:160:160:08|4.43|4.18|3.81|4.26|4.05|3.85|3.61|3.00|4.03|3.24
ROYCHOWDHURY LIPIKA|01:160:160:12|4.43|4.18|3.81|4.26|4.05|3.85|3.61|3.00|4.03|3.24
PETRONE LOUIS|01:160:160:14|4.43|4.18|3.81|4.26|4.05|3.85|3.61|3.00|4.03|3.24
PETRONE LOUIS|01:160:160:19|4.43|4.18|3.81|4.26|4.05|3.85|3.61|3.00|4.03|3.24
CARLSON DAVE|01:160:161:00|3.82|3.71|3.53|3.66|3.68|3.22|3.29|3.01|3.42|3.06|3.43|2.67
SIEGAL DONALD|01:160:161:00|3.82|3.71|3.53|3.66|3.68|3.22|3.29|3.01|3.42|3.06|3.43|3.00|4.00|2.50|3.50|2.00|2.00|4.00|2.67
WAIDLICH JUDY|01:160:161:01|3.82|3.71|3.53|3.66|3.68|3.22|3.29|3.01|3.42|3.06
PORCJA ROBERT|01:160:161:02|3.82|3.71|3.53|3.66|3.68|3.22|3.29|3.01|3.42|3.06|3.43
CARLSON DAVID|01:160:161:06|3.82|3.71|3.53|3.66|3.68|3.22|3.29|3.01|3.42|3.06
WAIDLICH JUDY|01:160:161:07|3.82|3.71|3.53|3.66|3.68|3.22|3.29|3.01|3.42|3.06
PORCJA ROBERT|01:160:161:08|3.82|3.71|3.53|3.66|3.68|3.22|3.29|3.01|3.42|3.06
WAIDLICH JUDY|01:160:161:10|3.82|3.71|3.53|3.66|3.68|3.22|3.29|3.01|3.42|3.06
PORCJA ROBERT|01:160:161:11|3.82|3.71|3.53|3.66|3.68|3.22|3.29|3.01|3.42|3.06
CARLSON DAVID|01:160:161:12|3.82|3.71|3.53|3.66|3.68|3.22|3.29|3.01|3.42|3.06
WAIDLICH JUDY|01:160:161:13|3.82|3.71|3.53|3.66|3.68|3.22|3.29|3.01|3.42|3.06|3.43|3.00|4.00|2.50|3.50|2.00|2.00|4.00|2.67
PORCJA ROBERT|01:160:161:14|3.82|3.71|3.53|3.66|3.68|3.22|3.29|3.01|3.42|3.06
CARLSON DAVID|01:160:161:15|3.82|3.71|3.53|3.66|3.68|3.22|3.29|3.01|3.42|3.06
KIMMEL PAUL|01:160:162:00|4.38|4.19|3.98|4.22|4.07|3.88|3.89|3.35|4.09|3.58|4.60|3.00|3.00|3.00|3.00|3.00|3.00|3.00
BOIKESS ROBERT|01:160:162:00|4.38|4.19|3.98|4.22|4.07|3.88|3.89|3.35|4.09|3.58
BOIKESS ROBERT|01:160:162:00|4.38|4.19|3.98|4.22|4.07|3.88|3.89|3.35|4.09|3.58
RABEONY MANESE|01:160:162:00|4.38|4.19|3.98|4.22|4.07|3.88|3.89|3.35|4.09|3.58|4.60
VASSILIAN ASBED|01:160:162:00|4.38|4.19|3.98|4.22|4.07|3.88|3.89|3.35|4.09|3.58
BOIKESS ROBERT|01:160:162:01|4.38|4.19|3.98|4.22|4.07|3.88|3.89|3.35|4.09|3.58
SEREFIDDIN FERIDE|01:160:162:01|4.38|4.19|3.98|4.22|4.07|3.88|3.89|3.35|4.09|3.58
BOIKESS ROBERT|01:160:162:03|4.38|4.19|3.98|4.22|4.07|3.88|3.89|3.35|4.09|3.58
AGARWAL RAMESHWAR|01:160:162:03|4.38|4.19|3.98|4.22|4.07|3.88|3.89|3.35|4.09|3.58
SEREFIDDIN FERIDE|01:160:162:04|4.38|4.19|3.98|4.22|4.07|3.88|3.89|3.35|4.09|3.58
BOIKESS ROBERT|01:160:162:04|4.38|4.19|3.98|4.22|4.07|3.88|3.89|3.35|4.09|3.58
BOIKESS ROBERT|01:160:162:06|4.38|4.19|3.98|4.22|4.07|3.88|3.89|3.35|4.09|3.58
SEREFIDDIN FERIDE|01:160:162:06|4.38|4.19|3.98|4.22|4.07|3.88|3.89|3.35|4.09|3.58
SANGARI HARPAL|01:160:162:07|4.38|4.19|3.98|4.22|4.07|3.88|3.89|3.35|4.09|3.58
BOIKESS ROBERT|01:160:162:07|4.38|4.19|3.98|4.22|4.07|3.88|3.89|3.35|4.09|3.58
BOIKESS ROBERT|01:160:162:08|4.38|4.19|3.98|4.22|4.07|3.88|3.89|3.35|4.09|3.58
SANGARI HARPAL|01:160:162:08|4.38|4.19|3.98|4.22|4.07|3.88|3.89|3.35|4.09|3.58|4.60
BOIKESS ROBERT|01:160:162:11|4.38|4.19|3.98|4.22|4.07|3.88|3.89|3.35|4.09|3.58
PORCJA ROBERT|01:160:162:11|4.38|4.19|3.98|4.22|4.07|3.88|3.89|3.35|4.09|3.58|4.60
AGARWAL RAMESHWAR|01:160:162:17|4.38|4.19|3.98|4.22|4.07|3.88|3.89|3.35|4.09|3.58
AGARWAL RAMESHWAR|01:160:162:19|4.38|4.19|3.98|4.22|4.07|3.88|3.89|3.35|4.09|3.58
SANGARI HARPAL|01:160:162:20|4.38|4.19|3.98|4.22|4.07|3.88|3.89|3.35|4.09|3.58
TAVSS EDWARD|01:160:162:23|4.38|4.19|3.98|4.22|4.07|3.88|3.89|3.35|4.09|3.58
TAVSS EDWARD|01:160:162:25|4.38|4.19|3.98|4.22|4.07|3.88|3.89|3.35|4.09|3.58
PETRONE LOUIS|01:160:162:26|4.38|4.19|3.98|4.22|4.07|3.88|3.89|3.35|4.09|3.58
PETRONE LOUIS|01:160:162:30|4.38|4.19|3.98|4.22|4.07|3.88|3.89|3.35|4.09|3.58
TAVSS EDWARD|01:160:162:31|4.38|4.19|3.98|4.22|4.07|3.88|3.89|3.35|4.09|3.58|4.60
PORCJA ROBERT|01:160:162:33|4.38|4.19|3.98|4.22|4.07|3.88|3.89|3.35|4.09|3.58
SANGARI HARPAL|01:160:162:34|4.38|4.19|3.98|4.22|4.07|3.88|3.89|3.35|4.09|3.58
SANGARI HARPAL|01:160:162:37|4.38|4.19|3.98|4.22|4.07|3.88|3.89|3.35|4.09|3.58
JEFFERIS JESSE|01:160:162:38|4.38|4.19|3.98|4.22|4.07|3.88|3.89|3.35|4.09|3.58
JEFFERIS JESSE|01:160:162:39|4.38|4.19|3.98|4.22|4.07|3.88|3.89|3.35|4.09|3.58
MARKY NANCY|01:160:162:71|4.38|4.19|3.98|4.22|4.07|3.88|3.89|3.35|4.09|3.58
MARKY NANCY|01:160:162:72|4.38|4.19|3.98|4.22|4.07|3.88|3.89|3.35|4.09|3.58
CARLSON DAVID|01:160:162:73|4.38|4.19|3.98|4.22|4.07|3.88|3.89|3.35|4.09|3.58
MARKY NANCY|01:160:162:74|4.38|4.19|3.98|4.22|4.07|3.88|3.89|3.35|4.09|3.58
BRENNAN JOHN|01:160:164:00|4.48|4.42|4.42|4.45|4.49|4.28|4.34|4.09|4.36|4.33|4.00
RABEONY MANESE|01:160:164:01|4.48|4.42|4.42|4.45|4.49|4.28|4.34|4.09|4.36|4.33
RABEONY MANESE|01:160:164:02|4.48|4.42|4.42|4.45|4.49|4.28|4.34|4.09|4.36|4.33|4.00
FADEEVA TANIA|01:160:171:05|4.43|4.24|3.93|4.31|3.92|3.82|3.59|3.15|4.10|3.41
FADEEVA TANIA|01:160:171:53|4.43|4.24|3.93|4.31|3.92|3.82|3.59|3.15|4.10|3.41
HERZOG GREG|01:160:200:01|4.83|4.50|4.67|4.67|5.00|4.83|4.83|5.00|4.50|4.83
POTENZA|01:160:200:01|4.83|4.50|4.67|4.67|5.00|4.83|4.83|5.00|4.50|4.83
KRENOS|01:160:200:01|4.83|4.50|4.67|4.67|5.00|4.83|4.83|5.00|4.50|4.83
VASSILIAN ASBED|01:160:251:00|4.22|3.80|3.72|3.87|3.42|3.27|3.29|3.15|3.73|3.19
KIMMEL JANE|01:160:251:02|4.22|3.80|3.72|3.87|3.42|3.27|3.29|3.15|3.73|3.19
OCONNOR PATRICK|01:160:308:00|4.25|4.19|3.86|4.34|4.12|3.82|3.85|3.30|4.05|3.70|4.38
JIMENEZ LESLIE|01:160:308:00|4.25|4.19|3.86|4.34|4.12|3.82|3.85|3.30|4.05|3.70
WARMUTH RALF|01:160:308:00|4.25|4.19|3.86|4.34|4.12|3.82|3.85|3.30|4.05|3.70|4.38|3.25|3.00|3.00|3.00
ZBAIDA SHMUEL|01:160:308:01|4.25|4.19|3.86|4.34|4.12|3.82|3.85|3.30|4.05|3.70
ZBAIDA SHMUEL|01:160:308:03|4.25|4.19|3.86|4.34|4.12|3.82|3.85|3.30|4.05|3.70|4.38
FRANCIS JOHN|01:160:308:07|4.25|4.19|3.86|4.34|4.12|3.82|3.85|3.30|4.05|3.70
FRANCIS JOHN|01:160:308:08|4.25|4.19|3.86|4.34|4.12|3.82|3.85|3.30|4.05|3.70
ZBAIDA SHMUEL|01:160:308:09|4.25|4.19|3.86|4.34|4.12|3.82|3.85|3.30|4.05|3.70
CHOE YUN|01:160:308:20|4.25|4.19|3.86|4.34|4.12|3.82|3.85|3.30|4.05|3.70
ZBAIDA SHMUEL|01:160:308:21|4.25|4.19|3.86|4.34|4.12|3.82|3.85|3.30|4.05|3.70
ZBAIDA SHMUEL|01:160:308:25|4.25|4.19|3.86|4.34|4.12|3.82|3.85|3.30|4.05|3.70
CHOE YUN|01:160:308:28|4.25|4.19|3.86|4.34|4.12|3.82|3.85|3.30|4.05|3.70|4.38|3.25|3.00|3.00|3.00
OCONNOR PATRICK|01:160:308:29|4.25|4.19|3.86|4.34|4.12|3.82|3.85|3.30|4.05|3.70
ZBAIDA SHMUEL|01:160:308:30|4.25|4.19|3.86|4.34|4.12|3.82|3.85|3.30|4.05|3.70
TAYLOR JOHN|01:160:309:00|4.86|4.73|4.56|4.74|4.56|4.58|4.59|4.25|4.79|4.54
VASSILIAN ASBED|01:160:311:01|4.36|4.29|4.15|4.34|4.01|4.07|3.91|3.36|4.22|3.73
OCONNER PATRICK|01:160:311:01|4.36|4.29|4.15|4.34|4.01|4.07|3.91|3.36|4.22|3.73
OCONNOR PATRICK|01:160:311:02|4.36|4.29|4.15|4.34|4.01|4.07|3.91|3.36|4.22|3.73|4.67|4.50
VASSILIAN ASBED|01:160:311:02|4.36|4.29|4.15|4.34|4.01|4.07|3.91|3.36|4.22|3.73
VASSILIAN ASBED|01:160:311:05|4.36|4.29|4.15|4.34|4.01|4.07|3.91|3.36|4.22|3.73
OCONNOR PATRICK|01:160:311:05|4.36|4.29|4.15|4.34|4.01|4.07|3.91|3.36|4.22|3.73
OCONNOR PATRICK|01:160:311:06|4.36|4.29|4.15|4.34|4.01|4.07|3.91|3.36|4.22|3.73
VASSILIAN ASBED|01:160:311:06|4.36|4.29|4.15|4.34|4.01|4.07|3.91|3.36|4.22|3.73|4.28
VASSILIAN ASBED|01:160:311:07|4.36|4.29|4.15|4.34|4.01|4.07|3.91|3.36|4.22|3.73
OCONNOR PATRICK|01:160:311:07|4.36|4.29|4.15|4.34|4.01|4.07|3.91|3.36|4.22|3.73
VASSILIAN ASBED|01:160:311:08|4.36|4.29|4.15|4.34|4.01|4.07|3.91|3.36|4.22|3.73|4.28
OCONNOR PATRICK|01:160:311:08|4.36|4.29|4.15|4.34|4.01|4.07|3.91|3.36|4.22|3.73
VASSILIAN ASBED|01:160:311:09|4.36|4.29|4.15|4.34|4.01|4.07|3.91|3.36|4.22|3.73
OCONNOR PATRICK|01:160:311:09|4.36|4.29|4.15|4.34|4.01|4.07|3.91|3.36|4.22|3.73
WANG ZHWANGA|01:160:311:10|4.36|4.29|4.15|4.34|4.01|4.07|3.91|3.36|4.22|3.73
VASSILIAN ASBED|01:160:311:10|4.36|4.29|4.15|4.34|4.01|4.07|3.91|3.36|4.22|3.73
OCONNOR PATRICK|01:160:311:10|4.36|4.29|4.15|4.34|4.01|4.07|3.91|3.36|4.22|3.73
OCONNOR PATRICK|01:160:311:11|4.36|4.29|4.15|4.34|4.01|4.07|3.91|3.36|4.22|3.73
VASSILIAN ASBED|01:160:311:11|4.36|4.29|4.15|4.34|4.01|4.07|3.91|3.36|4.22|3.73
OCONNOR PATRICK|01:160:311:13|4.36|4.29|4.15|4.34|4.01|4.07|3.91|3.36|4.22|3.73
VASSILIAN ASBED|01:160:311:13|4.36|4.29|4.15|4.34|4.01|4.07|3.91|3.36|4.22|3.73
FRANCIS JOHN|01:160:311:13|4.36|4.29|4.15|4.34|4.01|4.07|3.91|3.36|4.22|3.73
VASSILIAN ASBED|01:160:311:14|4.36|4.29|4.15|4.34|4.01|4.07|3.91|3.36|4.22|3.73
OCONNOR PATRICK|01:160:311:14|4.36|4.29|4.15|4.34|4.01|4.07|3.91|3.36|4.22|3.73
OCONNER PATRICK|01:160:311:15|4.36|4.29|4.15|4.34|4.01|4.07|3.91|3.36|4.22|3.73
VASSILIAN ASBED|01:160:311:15|4.36|4.29|4.15|4.34|4.01|4.07|3.91|3.36|4.22|3.73
VASSILIAN ASBED|01:160:311:16|4.36|4.29|4.15|4.34|4.01|4.07|3.91|3.36|4.22|3.73|4.28|4.50|4.67
OCONNER PATRICK|01:160:311:16|4.36|4.29|4.15|4.34|4.01|4.07|3.91|3.36|4.22|3.73
FRANCIS JOHN|01:160:311:17|4.36|4.29|4.15|4.34|4.01|4.07|3.91|3.36|4.22|3.73|4.28|4.50
VASSILIAN ASBED|01:160:311:17|4.36|4.29|4.15|4.34|4.01|4.07|3.91|3.36|4.22|3.73|4.28|4.50
OCONNOR PATRICK|01:160:311:17|4.36|4.29|4.15|4.34|4.01|4.07|3.91|3.36|4.22|3.73
OCONNOR PATRICK|01:160:311:18|4.36|4.29|4.15|4.34|4.01|4.07|3.91|3.36|4.22|3.73
VASSILIAN ASBED|01:160:311:18|4.36|4.29|4.15|4.34|4.01|4.07|3.91|3.36|4.22|3.73
YICHAO ZHANG|01:160:311:18|4.36|4.29|4.15|4.34|4.01|4.07|3.91|3.36|4.22|3.73
OCONNORR PATRICK|01:160:311:19|4.36|4.29|4.15|4.34|4.01|4.07|3.91|3.36|4.22|3.73
VASSILIAN ASBED|01:160:311:19|4.36|4.29|4.15|4.34|4.01|4.07|3.91|3.36|4.22|3.73|4.28|4.50
VASSILIAN ASBED|01:160:311:20|4.36|4.29|4.15|4.34|4.01|4.07|3.91|3.36|4.22|3.73
OCONNOR PATRICK|01:160:311:20|4.36|4.29|4.15|4.34|4.01|4.07|3.91|3.36|4.22|3.73
VASSILIAN ASBED|01:160:311:21|4.36|4.29|4.15|4.34|4.01|4.07|3.91|3.36|4.22|3.73
OCONNOR PATRICK|01:160:311:21|4.36|4.29|4.15|4.34|4.01|4.07|3.91|3.36|4.22|3.73
OCONNER PATRICK|01:160:311:21|4.36|4.29|4.15|4.34|4.01|4.07|3.91|3.36|4.22|3.73|4.28
ASBED VASSILIAN|01:160:311:22|4.36|4.29|4.15|4.34|4.01|4.07|3.91|3.36|4.22|3.73
OCONNOR PATRICK|01:160:311:22|4.36|4.29|4.15|4.34|4.01|4.07|3.91|3.36|4.22|3.73
VASSILIAN ASBED|01:160:311:23|4.36|4.29|4.15|4.34|4.01|4.07|3.91|3.36|4.22|3.73
OCONNOR PATRICK|01:160:311:23|4.36|4.29|4.15|4.34|4.01|4.07|3.91|3.36|4.22|3.73
OCONNOR PATRICK|01:160:311:24|4.36|4.29|4.15|4.34|4.01|4.07|3.91|3.36|4.22|3.73
VASSILIAN ASBED|01:160:311:24|4.36|4.29|4.15|4.34|4.01|4.07|3.91|3.36|4.22|3.73|4.28
OCONNOR PATRICK|01:160:311:25|4.36|4.29|4.15|4.34|4.01|4.07|3.91|3.36|4.22|3.73
VASSILIAN ASBED|01:160:311:25|4.36|4.29|4.15|4.34|4.01|4.07|3.91|3.36|4.22|3.73
KRISHNA RAVINDRANA|01:160:311:26|4.36|4.29|4.15|4.34|4.01|4.07|3.91|3.36|4.22|3.73|4.28
VASSILIAN ASBED|01:160:311:26|4.36|4.29|4.15|4.34|4.01|4.07|3.91|3.36|4.22|3.73|4.28
OCONNOR PATRICK|01:160:311:26|4.36|4.29|4.15|4.34|4.01|4.07|3.91|3.36|4.22|3.73|4.28|4.50|4.67|4.00|4.50
VASSILIAN ASBED|01:160:311:27|4.36|4.29|4.15|4.34|4.01|4.07|3.91|3.36|4.22|3.73|4.28
VASSILIAN ASBED|01:160:311:28|4.36|4.29|4.15|4.34|4.01|4.07|3.91|3.36|4.22|3.73
OCONNOR PATRICK|01:160:311:28|4.36|4.29|4.15|4.34|4.01|4.07|3.91|3.36|4.22|3.73|4.28|4.50
VASSILIAN ASBED|01:160:311:30|4.36|4.29|4.15|4.34|4.01|4.07|3.91|3.36|4.22|3.73
OCONNOR PATRICK|01:160:311:30|4.36|4.29|4.15|4.34|4.01|4.07|3.91|3.36|4.22|3.73
VASSILIAN ASBED|01:160:311:31|4.36|4.29|4.15|4.34|4.01|4.07|3.91|3.36|4.22|3.73|4.28
OCONNOR PATRICK|01:160:311:31|4.36|4.29|4.15|4.34|4.01|4.07|3.91|3.36|4.22|3.73
ROMSTED LAURENCE|01:160:316:01|4.57|4.54|4.18|4.68|4.21|4.21|4.52|4.04|4.56|4.59
HAUBENSTOCK HOWARD|01:160:316:01|4.57|4.54|4.18|4.68|4.21|4.21|4.52|4.04|4.56|4.59
COTTER MARTHA|01:160:328:01|4.23|3.98|3.68|4.16|4.04|3.65|3.69|3.00|3.87|3.71
HINCH JANE|01:160:328:02|4.23|3.98|3.68|4.16|4.04|3.65|3.69|3.00|3.87|3.71
BURKE KIERON|01:160:329:00|4.52|4.60|4.37|4.71|4.54|4.36|4.11|3.81|4.56|4.05|4.04|4.04|4.09
MARKY NANCY|01:160:342:01|4.02|3.50|3.20|4.09|2.73|2.81|2.89|2.98|3.16|2.89|5.00|1.00
BAUM JEAN|01:160:344:01|4.50|4.38|4.50|4.14|4.29|4.38|4.71|4.38|4.29|4.38
LI JING|01:160:361:01|4.04|3.48|3.27|4.00|3.70|3.22|3.32|3.52|3.59|3.09|3.00
GREENBLATT MARTHA|01:160:371:01|3.69|2.93|2.97|2.69|3.41|2.78|3.07|3.17|2.79|2.79
LEE JEEHIUN|01:160:492:01|4.82|4.91|4.85|4.88|4.47|4.76|4.66|4.03|4.85|4.59
ARNOLD EDDY|01:160:492:02|4.82|4.91|4.85|4.88|4.47|4.76|4.66|4.03|4.85|4.59
CASTNER EDWARD|01:160:492:03|4.82|4.91|4.85|4.88|4.47|4.76|4.66|4.03|4.85|4.59
