SHAW KEITH|01:790:101:00|4.48|4.42|4.06|4.44|4.34|3.87|3.91|3.83|4.11|3.84
SHAW KEITH|01:790:101:01|4.48|4.42|4.06|4.44|4.34|3.87|3.91|3.83|4.11|3.84
SHAW KEITH|01:790:101:18|4.48|4.42|4.06|4.44|4.34|3.87|3.91|3.83|4.11|3.84
HARRIS JOHN|01:790:101:23|4.48|4.42|4.06|4.44|4.34|3.87|3.91|3.83|4.11|3.84|4.67|5.00|4.40|4.40|4.50|5.00|4.67|4.33|4.67
LICKLIDER ROY|01:790:102:00|4.42|4.25|4.08|4.25|3.94|3.90|3.97|4.06|4.09|3.95|3.74|3.26|3.59|2.20|2.56|2.83|3.44|3.33
AKOPIAN REGINA|01:790:102:08|4.42|4.25|4.08|4.25|3.94|3.90|3.97|4.06|4.09|3.95|3.74|3.26|3.59|2.20|2.56|2.83|3.44|3.33
BAKER ROSS|01:790:201:00|4.35|4.36|4.27|4.48|4.24|4.09|4.03|3.80|4.25|4.14
BAKER ROSS|01:790:201:01|4.35|4.36|4.27|4.48|4.24|4.09|4.03|3.80|4.25|4.14
BAKER ROSS|01:790:201:02|4.35|4.36|4.27|4.48|4.24|4.09|4.03|3.80|4.25|4.14|4.75|5.00
BAKER ROSS|01:790:201:08|4.35|4.36|4.27|4.48|4.24|4.09|4.03|3.80|4.25|4.14
KATZENSTEIN LAWRENCE|01:790:201:15|4.35|4.36|4.27|4.48|4.24|4.09|4.03|3.80|4.25|4.14
AKOPIAN MARAT|01:790:210:00|4.41|4.31|4.01|4.40|4.09|3.93|4.19|3.71|4.16|4.02|5.00|5.00|5.00|5.00|5.00|5.00|5.00|5.00|5.00
AKOPIAN MARAT|01:790:210:09|4.41|4.31|4.01|4.40|4.09|3.93|4.19|3.71|4.16|4.02
LEVINE BERTRAM|01:790:247:00|4.47|4.65|4.55|4.78|4.55|4.36|4.50|4.27|4.49|4.49
MISLAN DAVIO|01:790:250:02|4.64|5.00|4.79|4.93|4.93|4.86|4.64|4.64|4.85|4.85
SHERR SUSAN|01:790:301:01|4.58|4.76|4.63|4.69|4.55|4.48|4.61|4.45|4.53|4.68
LAU RICHARD|01:790:303:01|4.69|4.56|4.19|4.75|4.40|4.07|4.38|4.00|4.63|4.31|3.36|3.29|3.71|3.29|1.38
GERTZOG IRWIN|01:790:304:01|4.85|4.73|4.25|4.53|4.24|4.17|4.53|4.07|4.53|4.32
GERTZOG IRWIN|01:790:306:01|4.74|4.66|4.35|4.46|4.41|4.02|4.39|4.18|4.40|4.38
AKOPIAN MARAT|01:790:311:01|4.22|4.55|4.22|4.67|4.48|4.06|4.41|4.18|4.20|4.22
MILLETT JEREMY|01:790:311:80|4.22|4.55|4.22|4.67|4.48|4.06|4.41|4.18|4.20|4.22
MILLETT JEREMY|01:790:312:01|4.38|3.97|3.46|4.29|4.20|3.26|4.00|3.38|3.71|3.77|4.23
KATZENSTEIN LAWRENCE|01:790:315:01|3.95|4.53|3.84|4.53|4.83|3.68|3.53|3.42|3.67|3.78
DAVIS ERIC|01:790:317:01|4.77|4.18|4.73|4.45|4.45|4.27|4.86|4.43|4.45|4.53|1.00
FIELD WILLIAM|01:790:318:01|4.72|4.80|4.72|4.75|4.56|4.56|4.72|4.04|4.76|4.64
FIELD WILLIAM|01:790:319:01|4.57|4.42|4.49|4.41|4.22|4.10|4.24|4.15|4.27|4.29
MILLET JEREMY|01:790:319:80|4.57|4.42|4.49|4.41|4.22|4.10|4.24|4.15|4.27|4.29|3.50|3.00|3.00|3.00|3.00|3.00|3.00|3.00|3.00
AKOPIAN REGINA|01:790:323:01|3.47|3.64|3.55|3.84|3.27|3.21|3.51|4.16|3.20|3.18
MISLAN DAVID|01:790:324:01|4.47|4.10|4.49|4.20|4.07|4.13|4.38|4.55|4.22|4.11
LEVINE BERT|01:790:330:01|4.17|4.47|4.42|4.60|4.43|4.25|4.36|3.71|4.37|4.36
REISNER RONALD|01:790:331:01|4.58|4.58|4.59|4.42|4.52|4.33|4.39|4.16|4.45|4.42
KNOWLTON DAVID|01:790:338:01|4.62|4.74|4.73|4.77|4.68|4.64|4.60|4.55|4.67|4.71|5.00|5.00|5.00|5.00|5.00|5.00|5.00|5.00|5.00
MACNIVEN STUART|01:790:341:01|4.29|4.20|3.50|3.80|4.07|3.51|3.44|2.95|3.68|3.42
RITTER JEFFREY|01:790:349:02|4.83|4.67|4.63|4.70|4.67|4.70|4.69|3.23|4.77|4.60|4.00|4.00
DANIELS CYNTHIA|01:790:355:01|4.63|4.73|4.56|4.59|4.41|4.41|4.49|4.26|4.64|4.59|5.00|5.00|5.00|5.00|5.00|5.00|5.00|5.00|5.00
YUNGHER NATHAN|01:790:369:01|4.46|4.30|4.46|4.35|4.32|3.93|4.35|3.86|4.30|4.18|5.00|5.00|5.00|5.00|5.00
RUBENSTEIN HAROLD|01:790:373:01|4.59|4.64|4.61|4.75|4.32|4.40|4.60|4.09|4.59|4.58
SHAW KEITH|01:790:374:01|4.70|4.67|4.02|4.53|4.36|3.98|4.25|3.98|4.23|4.13
LEVY JACK|01:790:395:01|4.72|4.64|4.60|4.69|4.45|4.40|4.51|4.21|4.56|4.46
MILLER LISA|01:790:395:03|4.72|4.64|4.60|4.69|4.45|4.40|4.51|4.21|4.56|4.46
KAUFMAN ROBERT|01:790:395:04|4.72|4.64|4.60|4.69|4.45|4.40|4.51|4.21|4.56|4.46
CORNELL DRUCILLA|01:790:395:05|4.72|4.64|4.60|4.69|4.45|4.40|4.51|4.21|4.56|4.46
ARONOFF MYRON|01:790:395:06|4.72|4.64|4.60|4.69|4.45|4.40|4.51|4.21|4.56|4.46
CALLAWAY BARBARA|01:790:395:07|4.72|4.64|4.60|4.69|4.45|4.40|4.51|4.21|4.56|4.46
CALLAWAY BARBARA|01:790:395:08|4.72|4.64|4.60|4.69|4.45|4.40|4.51|4.21|4.56|4.46
BAKER ROSS|01:790:395:09|4.72|4.64|4.60|4.69|4.45|4.40|4.51|4.21|4.56|4.46
MCGINUIS EILEEN|01:790:395:15|4.72|4.64|4.60|4.69|4.45|4.40|4.51|4.21|4.56|4.46
LARACY MICHAEL|01:790:395:15|4.72|4.64|4.60|4.69|4.45|4.40|4.51|4.21|4.56|4.46|4.41|4.72|4.61|4.67|4.67
LAWRENCE SUSAN|01:790:401:01|4.74|4.65|4.61|4.75|4.58|4.41|4.66|4.23|4.70|4.56|5.00|5.00|5.00|5.00|5.00|5.00|5.00|5.00
HEUMANN MILTON|01:790:404:01|4.16|4.56|4.49|4.33|4.18|4.25|4.31|3.79|4.20|4.14
HEUMANN MILTON|01:790:410:01|4.88|5.00|5.00|5.00|5.00|4.94|4.94|4.88|5.00|5.00
BROWN MELISSA|01:790:423:01|5.00|4.80|4.50|4.80|4.40|4.10|4.20|3.90|4.40|4.22
