POPEL GEORGE|01:960:211:01|4.05|3.79|3.82|4.01|4.05|3.60|3.50|2.92|3.77|3.62
BOUAKIZ MOKRANZ|01:960:211:02|4.05|3.79|3.82|4.01|4.05|3.60|3.50|2.92|3.77|3.62|2.00
DONG HK|01:960:211:03|4.05|3.79|3.82|4.01|4.05|3.60|3.50|2.92|3.77|3.62
DORAN ROBERT|01:960:212:01|4.06|4.37|4.46|4.46|4.63|4.26|4.20|4.29|4.29|4.24
LAWRENCE SHEILA|01:960:285:01|4.19|3.96|3.79|4.22|4.11|3.75|3.78|3.09|3.96|3.85
MOONDRA SHYAM|01:960:285:03|4.19|3.96|3.79|4.22|4.11|3.75|3.78|3.09|3.96|3.85|4.60|4.00
MOONDRA SHYAM|01:960:285:04|4.19|3.96|3.79|4.22|4.11|3.75|3.78|3.09|3.96|3.85|4.60
DORAN ROB|01:960:285:05|4.19|3.96|3.79|4.22|4.11|3.75|3.78|3.09|3.96|3.85|4.60|4.00|3.00|3.50|4.00|4.50|5.00|4.50|4.00
SINGH KESAR|01:960:379:01|4.29|4.00|3.64|4.14|4.24|3.47|3.80|3.25|3.77|3.64
TYLER DAVID|01:960:379:02|4.29|4.00|3.64|4.14|4.24|3.47|3.80|3.25|3.77|3.64
COHEN ARTHUR|01:960:381:01|4.24|4.35|4.12|4.35|4.06|4.06|4.12|4.24|4.25|4.19
SACKROWITZ HAROLD|01:960:384:01|4.77|4.32|4.00|4.50|4.41|3.95|4.27|4.23|4.50|4.32
SRINIVASAN SURYAKALA|01:960:401:01|4.37|4.36|4.13|4.40|4.24|4.04|3.98|3.23|4.21|4.07
POPEL GEORGE|01:960:401:02|4.37|4.36|4.13|4.40|4.24|4.04|3.98|3.23|4.21|4.07
MANCO GREG|01:960:401:04|4.37|4.36|4.13|4.40|4.24|4.04|3.98|3.23|4.21|4.07
LOPEZPINTADO SARA|01:960:463:01|4.35|4.38|3.86|4.62|4.52|3.62|3.81|3.76|4.14|4.00
SACKROWITZ HAROLD|01:960:484:01|4.89|4.33|4.44|4.67|4.67|4.22|4.56|4.44|4.67|4.11
CADRERO JAVIER|01:960:486:01|3.63|3.89|3.56|4.04|3.78|3.44|3.41|3.44|3.56|3.48|5.00
