ZHU LIHUI|01:165:101:01|4.71|4.64|4.64|4.78|4.63|4.55|4.77|4.47|4.61|4.59
ZHU LIHUI|01:165:101:02|4.71|4.64|4.64|4.78|4.63|4.55|4.77|4.47|4.61|4.59|3.00
GONG LIN|01:165:101:03|4.71|4.64|4.64|4.78|4.63|4.55|4.77|4.47|4.61|4.59
HSIEH YUI|01:165:101:04|4.71|4.64|4.64|4.78|4.63|4.55|4.77|4.47|4.61|4.59|3.00|2.67|2.33|3.00|3.67|5.00|5.00|5.00|3.00
SIMMONS RICHARD|01:165:101:70|4.71|4.64|4.64|4.78|4.63|4.55|4.77|4.47|4.61|4.59|3.00|2.67|2.33|3.00|3.67|3.00
HSIEH YUI|01:165:111:01|4.91|4.87|4.91|4.94|4.81|4.83|4.83|4.56|4.91|4.87
HSIEH YUI|01:165:111:02|4.91|4.87|4.91|4.94|4.81|4.83|4.83|4.56|4.91|4.87
SHEN GLORIA|01:165:121:01|4.07|4.43|3.96|4.57|4.41|3.78|4.46|4.75|4.14|4.04
TSU JING|01:165:125:01|4.50|4.62|4.40|4.56|4.05|4.00|3.97|3.58|4.39|3.97
TSCHANZ DIETRICH|01:165:201:01|4.68|4.41|4.45|4.49|4.45|4.40|4.47|4.63|4.52|4.47
WU YURU|01:165:201:02|4.68|4.41|4.45|4.49|4.45|4.40|4.47|4.63|4.52|4.47|3.00|3.00|3.00|3.00|3.00|3.00|3.00|3.00|3.00
TSU JING|01:165:241:01|4.27|4.27|4.08|4.15|4.27|3.60|3.50|3.04|4.04|3.96
TSCHANZ DIETRICH|01:165:264:01|4.21|4.30|3.50|4.15|4.35|3.42|3.55|3.30|3.70|3.63|5.00|5.00|5.00|5.00|5.00|5.00|5.00|5.00|5.00
CHEN JIE|01:165:301:01|4.78|4.43|4.43|4.40|4.07|4.30|4.50|4.46|4.23|4.26|4.00|3.00|4.00|3.00|3.00|4.00|3.00|4.00|3.00
WU YURU|01:165:301:02|4.78|4.43|4.43|4.40|4.07|4.30|4.50|4.46|4.23|4.26
WANG BAN|01:165:310:01|4.55|4.62|4.67|4.81|4.62|4.33|4.52|3.90|4.57|4.50
WU YURU|01:165:321:01|4.86|4.82|4.75|4.82|4.75|4.71|4.82|4.32|4.89|4.81|4.00|4.00|4.00|4.00|4.00|4.00|4.00|4.00|4.00
QI YUNFANG|01:165:361:01|4.77|4.64|4.57|4.68|4.52|4.36|4.55|4.55|4.60|4.47|5.00
TU CHING|01:165:412:01|4.67|4.78|4.78|4.67|4.67|4.67|4.67|4.78|4.75|4.63|5.00|5.00|5.00|5.00|5.00
SIMMONS RICHARD|01:165:430:01|4.38|4.42|4.00|4.46|4.25|4.13|4.25|3.67|4.24|4.10|5.00|5.00|5.00|5.00|5.00|5.00|5.00|5.00
WANG BAN|01:165:451:01|4.59|4.59|4.41|4.65|4.53|4.24|4.24|4.25|4.56|4.50|5.00|5.00|5.00|5.00|5.00|5.00|5.00|5.00
