DEIS FRANK|01:694:301:01|4.47|4.44|4.54|4.45|4.49|4.27|4.34|3.54|4.42|4.26|4.52|4.22|3.64
NEMEROFF MARTIN|01:694:407:01|4.22|4.09|3.93|4.16|3.95|3.75|3.96|3.81|3.84|3.93|4.07|3.96|3.49|3.41|3.26
GABRIEL ABRAM|01:694:407:01|4.22|4.09|3.93|4.16|3.95|3.75|3.96|3.81|3.84|3.93|4.07|3.96|3.49|3.41|3.26
ANDERSON STEPHEN|01:694:407:01|4.22|4.09|3.93|4.16|3.95|3.75|3.96|3.81|3.84|3.93|4.07|3.96|3.49|3.41|3.26
DEIS FRANK|01:694:407:01|4.22|4.09|3.93|4.16|3.95|3.75|3.96|3.81|3.84|3.93|4.07|3.96|3.49|3.41|3.26
BRILL STEVE|01:694:411:01|4.47|4.26|4.11|4.37|4.00|4.04|4.14|3.91|4.27|4.38
MATSUMURA FUMIC|01:694:411:01|4.47|4.26|4.11|4.37|4.00|4.04|4.14|3.91|4.27|4.38
GABRIEL ABRAM|01:694:411:01|4.47|4.26|4.11|4.37|4.00|4.04|4.14|3.91|4.27|4.38
ANDERSON STEVE|01:694:411:01|4.47|4.26|4.11|4.37|4.00|4.04|4.14|3.91|4.27|4.38|5.00
EDERY ISAAC|01:694:483:01|4.55|4.52|4.21|4.50|3.84|4.22|4.21|4.06|4.35|4.39
GUNDERSON SAMUEL|01:694:483:01|4.55|4.52|4.21|4.50|3.84|4.22|4.21|4.06|4.35|4.39|4.00|4.00|5.00
PATTERSON GARTH|01:694:483:01|4.55|4.52|4.21|4.50|3.84|4.22|4.21|4.06|4.35|4.39
