HUNT JOANNE|01:377:140:01|4.70|4.63|4.66|4.64|4.45|4.44|4.39|4.50|4.53|4.36
HUNT JOANNE|01:377:140:02|4.70|4.63|4.66|4.64|4.45|4.44|4.39|4.50|4.53|4.36
KAPLOWITZ SUSAN|01:377:140:03|4.70|4.63|4.66|4.64|4.45|4.44|4.39|4.50|4.53|4.36
KAPLOWITZ SUSAN|01:377:140:04|4.70|4.63|4.66|4.64|4.45|4.44|4.39|4.50|4.53|4.36|3.00|3.00|3.00|3.00|3.00|3.00|3.00|3.00|3.00
DIFABIO DAVID|01:377:170:01|4.76|4.81|4.80|4.90|4.60|4.76|4.70|4.45|4.68|4.50
GLADIS KATHLEEN|01:377:191:01|4.83|4.83|4.71|4.82|4.69|4.56|4.51|4.27|4.74|4.67|5.00|5.00
BYRD MIKYLE|01:377:213:01|4.18|4.11|4.23|4.38|4.08|3.72|4.34|4.45|3.87|4.00
BRIDENBAUGH JOHN|01:377:215:01|4.38|4.56|4.50|4.56|4.00|4.13|4.56|4.44|4.38|4.38
CANNING CATHERINE|01:377:218:01|4.46|4.25|3.92|4.30|4.52|3.92|3.56|3.67|4.04|3.76
FEIGLEY DAVID|01:377:275:01|4.66|4.51|4.20|4.59|4.13|3.98|4.30|2.84|4.36|4.20
FEIGLEY DAVID|01:377:275:02|4.66|4.51|4.20|4.59|4.13|3.98|4.30|2.84|4.36|4.20
DOEMLAND JULIA|01:377:301:01|4.84|4.78|4.91|4.83|4.73|4.67|4.72|4.10|4.68|4.59
MANFREDONIA EMIL|01:377:303:01|4.68|4.84|4.84|4.86|4.93|4.67|4.67|4.40|4.65|4.58
KAPLOWITZ SUSAN|01:377:304:01|4.48|4.17|4.17|4.17|4.22|4.22|4.00|3.39|4.17|4.04|5.00|4.00|4.00|4.00|5.00|4.00
KAPLOWITZ SUSAN|01:377:310:01|4.18|3.82|3.77|3.86|3.62|3.62|3.86|3.81|3.62|3.52
FINKELSTEIN MYRON|01:377:311:01|4.64|4.72|4.69|4.73|4.69|4.43|4.32|4.53|4.58|4.59|5.00
FINKELSTEIN MYRON|01:377:311:02|4.64|4.72|4.69|4.73|4.69|4.43|4.32|4.53|4.58|4.59
DOUGHERTY NEIL|01:377:319:01|5.00|5.00|4.76|4.94|4.41|4.41|4.82|3.47|4.88|4.59
DOUGHERTY NEIL|01:377:320:01|4.75|4.47|4.41|4.34|3.87|4.09|4.13|3.44|4.20|4.00
DOUGHERTY|01:377:323:01|4.83|4.61|4.46|4.24|3.59|4.09|4.43|3.74|4.18|4.14
SHARKEY LINDA|01:377:324:01|4.37|4.63|4.56|4.76|4.38|4.15|4.32|3.93|4.31|3.97
SHARKEY LINDA|01:377:324:02|4.37|4.63|4.56|4.76|4.38|4.15|4.32|3.93|4.31|3.97
ROSENWASSER MARIAN|01:377:330:01|4.98|4.91|4.82|4.93|4.89|4.78|4.64|4.20|4.95|4.82
ROSSENWASSER MARIAN|01:377:330:02|4.98|4.91|4.82|4.93|4.89|4.78|4.64|4.20|4.95|4.82|4.00|5.00|5.00|5.00|4.00|4.00|5.00|5.00|5.00
AOYAGI KAZUKO|01:377:381:01|4.43|4.29|4.64|4.79|4.64|3.93|4.57|3.86|4.21|4.38
SHARKEY LINDA|01:377:406:01|4.57|4.70|4.44|4.66|4.70|4.32|4.10|3.62|4.46|4.34
COLLINCINI GERALD|01:377:406:02|4.57|4.70|4.44|4.66|4.70|4.32|4.10|3.62|4.46|4.34
FINKELSTEIN MYRON|01:377:406:03|4.57|4.70|4.44|4.66|4.70|4.32|4.10|3.62|4.46|4.34
ARENT SHAWN|01:377:410:00|4.71|4.81|4.74|4.82|4.74|4.66|4.73|4.57|4.71|4.64|5.00
PELLEGRINO JOSEPH|01:377:410:01|4.71|4.81|4.74|4.82|4.74|4.66|4.73|4.57|4.71|4.64
PELLEGRINO JOSEPH|01:377:410:02|4.71|4.81|4.74|4.82|4.74|4.66|4.73|4.57|4.71|4.64
SOMPURA BHUMIKA|01:377:410:03|4.71|4.81|4.74|4.82|4.74|4.66|4.73|4.57|4.71|4.64
PELLERINO JOSEPH|01:377:410:04|4.71|4.81|4.74|4.82|4.74|4.66|4.73|4.57|4.71|4.64
PELLEGRINO JOSEPH|01:377:410:05|4.71|4.81|4.74|4.82|4.74|4.66|4.73|4.57|4.71|4.64
