HOSHENBERG ORLY|01:563:101:01|4.73|4.62|4.68|4.55|4.41|4.64|4.64|4.18|4.59|4.45
BRYNNOIMAN EDNA|01:563:101:02|4.73|4.62|4.68|4.55|4.41|4.64|4.64|4.18|4.59|4.45
LEVY LILY|01:563:102:01|4.67|4.74|4.75|4.83|4.61|4.63|4.79|4.75|4.67|4.70
MOSHENBERG ORLY|01:563:102:02|4.67|4.74|4.75|4.83|4.61|4.63|4.79|4.75|4.67|4.70
GLUCK PEARL|01:563:104:01|4.60|4.60|5.00|5.00|5.00|4.80|5.00|4.40|5.00|5.00
BRYNNOIMAN EDNA|01:563:131:01|4.75|4.13|4.63|4.13|4.38|4.25|4.75|4.88|4.25|4.38
LEVY LILY|01:563:132:01|4.79|4.79|4.86|4.71|4.86|4.71|4.79|4.86|4.79|4.79
YADIN AZZAN|01:563:201:01|4.25|4.00|4.21|4.08|4.04|3.90|4.27|3.63|4.16|4.02|5.00|5.00|5.00|5.00|5.00|5.00|5.00|5.00
KLEINPEJSOVA REBEKAH|01:563:202:01|4.41|3.61|3.85|4.41|3.93|3.52|4.21|3.81|3.85|3.85|2.92|4.00
YADIN AZZAN|01:563:250:01|3.95|3.66|4.22|3.85|3.72|3.76|4.05|4.13|3.76|3.75|5.00|5.00
SHANDLER JEFFREV|01:563:306:01|4.85|4.68|4.73|4.69|3.96|4.46|4.38|3.54|4.69|4.62
LEVIN LENNY|01:563:312:01|4.26|4.17|3.83|4.42|4.64|3.96|3.83|3.71|4.30|4.39
MOSHENBERG ORLY|01:563:372:01|4.78|4.78|4.89|4.89|4.78|4.67|4.67|4.78|4.78|4.78
QUINT ALYSSA|01:563:395:01|4.25|4.36|3.97|4.44|3.84|3.64|3.85|3.58|4.13|3.83
HOLLANDER PHILIP|01:563:395:02|4.25|4.36|3.97|4.44|3.84|3.64|3.85|3.58|4.13|3.83
KLEINPEJSOVA REBEKAH|01:563:395:03|4.25|4.36|3.97|4.44|3.84|3.64|3.85|3.58|4.13|3.83
WAXMAN CHAIM|01:563:396:02|4.50|4.75|4.25|4.75|4.63|4.13|4.25|4.25|4.38|4.38
RENDSBURG GARY|01:563:464:01|4.69|4.62|4.46|4.62|4.31|4.23|4.46|3.85|4.54|4.38
BRYNNOIMAN EDNA|01:563:495:01|5.00|5.00|5.00|5.00|4.83|4.83|4.83|4.50|5.00|5.00
