JONES JENNIFER|01:510:101:01|4.63|4.50|4.30|4.55|4.42|4.20|4.26|3.77|4.39|4.21
KELLY SAMANTHA|01:510:101:10|4.63|4.50|4.30|4.55|4.42|4.20|4.26|3.77|4.39|4.21|3.98|3.94
KELLY SAMANTHA|01:510:101:11|4.63|4.50|4.30|4.55|4.42|4.20|4.26|3.77|4.39|4.21|3.98|3.94
KELLY SAMANTHA|01:510:101:12|4.63|4.50|4.30|4.55|4.42|4.20|4.26|3.77|4.39|4.21|3.98|3.94
BELLANY ALASTAIR|01:510:101:25|4.63|4.50|4.30|4.55|4.42|4.20|4.26|3.77|4.39|4.21|3.98|3.94|5.00|5.00
KAPLAN TEMMA|01:510:102:00|4.18|4.23|4.04|4.44|4.27|3.83|3.79|3.94|3.83|3.74|5.00|5.00|5.00|5.00|5.00|5.00|5.00|5.00|5.00
KAPLAN TEMMA|01:510:102:05|4.18|4.23|4.04|4.44|4.27|3.83|3.79|3.94|3.83|3.74
CARGILL JACK|01:510:201:01|4.44|4.10|4.08|3.97|4.08|3.62|3.87|3.92|3.92|3.92
MORRISON KARL|01:510:214:01|4.75|4.56|4.31|4.56|4.50|4.25|4.69|3.88|4.44|4.25
ADAS MICHAEL|01:510:318:01|4.57|4.81|4.87|4.89|4.50|4.70|4.70|4.31|4.65|4.66
LEE MAURICE|01:510:319:01|4.86|4.73|4.43|4.62|4.55|4.29|4.71|4.18|4.52|4.55
FIGUEIRA THOMAS|01:510:320:01|4.00|4.34|4.44|4.34|4.06|3.59|4.13|3.28|4.19|4.17
BERTO LUIGI|01:510:329:01|4.00|4.38|4.00|4.25|4.50|4.00|4.29|4.13|4.00|4.00
HELLBECK JOCHEN|01:510:375:01|4.82|4.67|4.53|4.82|4.66|4.36|4.65|4.58|4.53|4.45
HANEBRINK PAUL|01:510:383:01|4.79|4.62|4.54|4.62|4.38|4.28|4.41|3.86|4.52|4.46
MULSOW MARTIN|01:510:391:01|4.85|4.74|4.55|4.73|4.64|4.56|4.57|4.05|4.56|4.56
FOGLESONG DAVID|01:510:391:02|4.85|4.74|4.55|4.73|4.64|4.56|4.57|4.05|4.56|4.56
