CARGILL JACK|01:508:200:01|4.52|4.11|3.81|3.77|4.07|3.37|3.89|3.37|3.85|3.72
COOPER BARBARA|01:508:224:01|4.43|4.47|4.25|4.38|4.22|4.00|3.95|3.21|4.28|4.03|4.00|5.00|5.00|5.00|4.00|4.00|5.00|5.00|4.00
GUHA SUMIT|01:508:230:01|4.07|3.91|3.55|3.77|3.93|3.33|3.68|3.64|3.75|3.57
SWEDBERG GREG|01:508:262:01|4.37|4.48|4.04|4.56|3.81|3.74|4.19|3.70|4.04|3.96
MOTLAGH AMY|01:508:307:01|4.74|4.58|4.22|4.37|4.42|3.89|4.33|4.00|4.21|4.17
ZERUBAVEL YAEL|01:508:310:01|4.44|4.22|4.11|3.89|3.71|3.67|4.67|3.78|4.00|3.89
LIVINGSTON JULIE|01:508:320:01|4.92|4.95|4.84|4.95|4.62|4.76|4.83|4.11|4.81|4.71
GUHA SUMIT|01:508:336:01|4.35|3.88|3.88|3.96|4.28|3.76|4.08|3.81|4.04|4.00
WOOLDRIDGE WILLIAM|01:508:340:01|4.37|4.62|4.69|4.79|4.76|4.54|4.54|3.97|4.64|4.61
TRINER GAIL|01:508:360:01|4.42|4.29|4.08|4.23|4.00|3.68|3.97|3.55|3.87|3.92
NICHOLAS MARK|01:508:379:01|3.98|3.88|3.91|3.79|3.84|3.50|4.00|3.86|3.55|3.59
RODEN DON|01:508:450:01|4.81|4.83|4.77|4.83|4.73|4.53|4.73|4.55|4.80|4.79
