ALI YUSEF|01:014:103:01|3.73|3.77|3.83|3.95|4.09|3.52|3.70|3.72|3.63|3.79|3.00|3.00|3.00|3.00
RAMSAMY EDWARD|01:014:204:01|4.82|4.90|4.90|4.85|4.86|4.83|4.91|4.60|4.91|4.92|5.00|5.00|5.00|5.00|5.00
JACKSONBREWER KARLA|01:014:206:01|4.55|4.97|4.87|4.93|4.86|4.77|4.86|4.39|4.83|4.73|5.00
ALI YUSEF|01:014:233:01|4.00|4.27|4.25|4.58|4.33|3.58|3.36|3.91|3.75|3.70
BONADIE DENNISTON|01:014:274:01|4.79|4.85|4.86|4.86|4.71|4.71|4.86|4.62|4.69|4.77
JENNINGS REGINA|01:014:276:01|5.00|4.95|4.95|4.95|4.60|4.95|4.95|4.75|4.94|4.94
ALI YUSEF|01:014:304:01|3.77|4.00|4.15|4.15|3.92|3.77|3.77|4.00|3.67|3.78|5.00|5.00|5.00|5.00|5.00|5.00|5.00|5.00
BUTLER KIM|01:014:317:01|4.20|4.80|4.80|4.90|4.10|4.30|4.50|4.20|4.50|4.10
BONADIE DENNISTON|01:014:321:01|4.56|4.63|4.50|4.67|4.73|4.47|4.67|4.33|4.40|4.64|5.00|5.00|5.00
JOHNSON WALTON|01:014:330:01|4.42|4.47|4.63|4.63|4.37|4.44|4.58|3.79|4.50|4.39
KHAN KAMAL|01:014:347:01|4.60|4.24|4.52|4.32|4.09|4.08|4.40|3.88|4.38|4.33
ALMONOR REGAN|01:014:353:01|3.58|3.67|3.42|3.92|3.58|3.42|3.22|3.00|3.32|3.32|4.00
PAXTON JOHN|01:014:355:01|4.75|4.94|4.94|4.75|3.89|4.75|4.67|4.53|4.67|4.86|5.00|5.00|5.00|5.00
ALIDOU OUSSEINA|01:014:357:01|4.63|4.68|4.74|4.68|4.63|4.74|4.61|4.17|4.74|4.53|5.00|5.00
BETHEL LEON RD|01:014:369:01|4.53|4.71|4.65|4.88|4.75|4.59|4.47|4.12|4.53|4.56|5.00
BUTLER KIM|01:014:410:01|4.00|4.50|4.83|4.83|3.83|4.50|4.50|3.67|4.00|4.20
BETHEL LEONARD|01:014:423:01|4.80|5.00|5.00|5.00|5.00|4.80|4.83|4.50|4.80|4.83
RAMSAMY EDWARD|01:014:490:02|5.00|5.00|4.89|5.00|4.38|4.94|5.00|4.72|5.00|4.94
