BRILL GARY|01:830:101:01|4.44|4.26|4.14|4.27|4.12|3.91|4.06|3.80|4.11|4.04|3.76|3.20|3.45|3.55
OGILVIE DAN|01:830:101:04|4.44|4.26|4.14|4.27|4.12|3.91|4.06|3.80|4.11|4.04|3.76|3.45|3.45|3.20|3.45|3.55|3.56|3.60|3.50
HAMILTON LEN|01:830:101:04|4.44|4.26|4.14|4.27|4.12|3.91|4.06|3.80|4.11|4.04|3.76|3.45|3.45|3.20|3.45|3.55|3.56|3.60|3.50
BRYANT|01:830:101:06|4.44|4.26|4.14|4.27|4.12|3.91|4.06|3.80|4.11|4.04|3.76|3.45|3.45
BRILL GARY|01:830:101:08|4.44|4.26|4.14|4.27|4.12|3.91|4.06|3.80|4.11|4.04|3.76|3.45|3.45|3.20|3.45|3.55|3.56|3.60
BRYANT DEBORAH|01:830:101:10|4.44|4.26|4.14|4.27|4.12|3.91|4.06|3.80|4.11|4.04|3.76|3.45|3.45|3.20|3.45|3.55|3.56|3.60|3.50
HAMILTON LEONARD|01:830:211:01|4.86|4.70|4.63|4.73|4.70|4.30|4.40|4.10|4.57|4.48
KUSNECOV ALEX|01:830:272:01|4.64|4.36|4.33|4.39|4.16|4.00|4.34|4.32|4.30|4.20
MCGOWAN JIM|01:830:301:04|4.63|4.65|4.58|4.61|4.52|4.25|4.24|3.52|4.59|4.48|5.00
BRILL GARY|01:830:305:02|4.67|4.32|4.27|4.39|4.42|4.15|4.10|3.51|4.34|4.15|5.00|5.00|5.00|5.00|5.00|5.00|5.00|5.00|5.00
ACKROFF JOHN|01:830:305:04|4.67|4.32|4.27|4.39|4.42|4.15|4.10|3.51|4.34|4.15
SCHMIDT CHARLES|01:830:305:06|4.67|4.32|4.27|4.39|4.42|4.15|4.10|3.51|4.34|4.15
CHAPMAN GRETCHEN|01:830:308:01|4.51|4.00|3.67|4.13|3.26|3.15|3.13|3.19|3.61|3.27
OTTO TIM|01:830:313:02|4.45|4.28|4.03|4.31|3.84|3.61|3.91|3.65|3.99|3.84|5.00
VICARIO DAVID|01:830:313:04|4.45|4.28|4.03|4.31|3.84|3.61|3.91|3.65|3.99|3.84
KILIANSKI STEPHEN|01:830:321:04|4.83|4.59|4.62|4.67|4.53|4.46|4.49|4.05|4.60|4.53
JUSSIM LEE|01:830:321:06|4.83|4.59|4.62|4.67|4.53|4.46|4.49|4.05|4.60|4.53|5.00|5.00|5.00|5.00|5.00|5.00|5.00|5.00|5.00
HUDSON JUDITH|01:830:331:03|4.57|4.36|4.45|4.55|4.34|4.21|4.29|4.06|4.38|4.32|4.00|3.50
FRIEDMAN ORI|01:830:331:04|4.57|4.36|4.45|4.55|4.34|4.21|4.29|4.06|4.38|4.32|4.00|5.00|3.50
FRIEDMAN ORI|01:830:331:06|4.57|4.36|4.45|4.55|4.34|4.21|4.29|4.06|4.38|4.32|4.00
TOMA DONNA|01:830:333:02|3.63|4.25|4.26|4.32|4.05|3.78|3.87|3.85|3.87|3.93|3.40|4.00|4.00|5.00|5.00|5.00|5.00|5.00|5.00
TOMA DONNA|01:830:333:03|3.63|4.25|4.26|4.32|4.05|3.78|3.87|3.85|3.87|3.93|3.40|4.00|4.00
KRAMER DEIRDRE|01:830:335:01|3.71|3.85|3.28|3.88|3.81|2.79|2.87|3.23|2.99|2.96|4.00|4.00|4.00
MOHLMAN JAN|01:830:340:01|4.71|4.47|4.66|4.59|4.55|4.44|4.54|4.38|4.55|4.54|5.00
FRIEDMAN MICHAEL|01:830:340:02|4.71|4.47|4.66|4.59|4.55|4.44|4.54|4.38|4.55|4.54|5.00|5.00|5.00|5.00|5.00|5.00|5.00|5.00
JAMES CARLTON|01:830:340:03|4.71|4.47|4.66|4.59|4.55|4.44|4.54|4.38|4.55|4.54|5.00|5.00
ACKROFF JOHN|01:830:340:04|4.71|4.47|4.66|4.59|4.55|4.44|4.54|4.38|4.55|4.54
STROMSWOLD KARIN|01:830:353:01|4.45|4.45|4.29|4.45|4.23|4.09|4.18|3.59|4.30|4.20
JAMES CARLTON|01:830:393:01|4.63|4.66|4.78|4.63|4.48|4.52|4.73|4.77|4.63|4.57
ELIAS MAURICE|01:830:394:01|4.73|4.84|4.76|4.90|4.82|4.76|4.68|4.22|4.76|4.70
KRAMER DEIRDRE|01:830:396:02|4.27|4.28|4.20|4.42|4.06|4.20|4.52|4.64|4.12|4.32
HARRIS SANDY|01:830:396:04|4.27|4.28|4.20|4.42|4.06|4.20|4.52|4.64|4.12|4.32
KRAMER DEIRDRE|01:830:397:02|4.83|5.00|4.83|5.00|4.20|4.67|4.67|4.67|4.67|4.83
GLASS ARNOLD|01:830:401:01|4.44|4.47|4.69|4.63|4.43|4.40|4.63|4.63|4.56|4.50
SCHUSTER MARK|01:830:421:01|4.54|4.68|4.74|4.68|4.67|4.59|4.50|4.00|4.53|4.54
ELIAS MAURICE|01:830:494:01|5.00|5.00|5.00|5.00|5.00|5.00|5.00|4.85|5.00|5.00|5.00
