ZAMANI AMIR|01:840:101:01|4.11|3.81|3.43|3.81|3.39|2.96|3.50|3.39|3.50|3.21
OBAYASHI HIROSHI|01:840:112:01|4.40|4.06|4.15|4.12|4.04|3.75|4.04|3.63|3.93|3.89|5.00|5.00|5.00|5.00|5.00|5.00|5.00|5.00|5.00
ROBERTSON WARREN|01:840:201:01|4.47|4.49|4.40|4.74|4.18|4.27|4.41|4.05|4.43|4.26|5.00|5.00|4.00|5.00
ROBERTSON WARREN|01:840:201:02|4.47|4.49|4.40|4.74|4.18|4.27|4.41|4.05|4.43|4.26
THOMAS GLORY|01:840:201:03|4.47|4.49|4.40|4.74|4.18|4.27|4.41|4.05|4.43|4.26|5.00
KOLBABA TIA|01:840:202:01|4.75|4.65|4.55|4.76|4.49|4.26|4.45|4.12|4.48|4.31
SMITH MAHLON|01:840:202:02|4.75|4.65|4.55|4.76|4.49|4.26|4.45|4.12|4.48|4.31
GIBSON ELIZABETH|01:840:202:03|4.75|4.65|4.55|4.76|4.49|4.26|4.45|4.12|4.48|4.31
GIBSON ELIZABETH|01:840:202:04|4.75|4.65|4.55|4.76|4.49|4.26|4.45|4.12|4.48|4.31
PATEL DEVEN|01:840:204:01|4.42|4.61|4.42|4.72|4.50|4.19|4.31|4.38|4.38|4.41
DEHGHANI PARVIZ|01:840:211:01|4.11|4.09|4.18|4.28|3.83|3.62|4.07|3.89|3.83|3.86
MYLADIL THOMAS|01:840:211:02|4.11|4.09|4.18|4.28|3.83|3.62|4.07|3.89|3.83|3.86
DEHGHANI PARVIZ|01:840:211:03|4.11|4.09|4.18|4.28|3.83|3.62|4.07|3.89|3.83|3.86
MYLADIL THOMAS|01:840:211:04|4.11|4.09|4.18|4.28|3.83|3.62|4.07|3.89|3.83|3.86
ZAMANI AMIR|01:840:212:01|4.40|4.25|4.08|4.28|3.79|3.84|4.16|3.77|3.92|3.98
BOWDEN HENRY|01:840:212:02|4.40|4.25|4.08|4.28|3.79|3.84|4.16|3.77|3.92|3.98
BOWDEN HENRY|01:840:320:01|4.74|4.57|4.48|4.42|3.68|3.97|4.40|4.20|4.28|4.10
PATEL DEVEN|01:840:322:01|4.50|4.77|4.58|4.92|4.85|4.50|4.65|4.58|4.54|4.46
JIANG TAO|01:840:323:01|4.77|4.65|4.71|4.73|4.68|4.58|4.61|4.58|4.72|4.66
JIANG TAO|01:840:324:01|4.37|3.96|3.93|4.11|4.22|3.67|3.81|3.89|3.93|3.96
PAVLIN JAMES|01:840:325:01|4.91|4.96|4.75|4.92|4.71|4.64|4.78|4.78|4.77|4.86|5.00
MOJADDEDI JAWID|01:840:326:01|3.63|3.52|3.62|3.42|3.91|3.29|3.81|4.13|3.47|3.55|3.50
JONES JAMES|01:840:334:01|4.10|4.00|4.20|3.95|3.16|3.40|4.00|4.30|3.95|3.84
JONES JAMES|01:840:341:01|4.81|4.26|4.32|4.32|3.66|3.90|4.10|4.45|4.03|3.90
JOHNSON JAMES|01:840:346:01|4.68|4.42|3.40|4.42|4.12|3.36|3.80|4.36|3.72|3.64
JOHNSON JAMES|01:840:347:01|4.58|4.67|4.19|4.56|4.38|3.88|4.04|3.70|4.11|4.00
MOJADDEDI JAWID|01:840:356:01|4.00|4.00|3.95|4.68|4.56|3.44|3.74|3.32|3.78|3.89
SMITH MAHLON|01:840:402:01|5.00|5.00|4.67|4.89|5.00|4.78|4.67|4.56|5.00|4.67
