KEATING ANNE|01:146:328:01|4.85|4.73|4.45|4.49|4.26|4.27|4.64|4.12|4.45|4.36
MERRILL GARY|01:146:356:01|3.69|3.73|3.38|3.63|3.41|3.05|3.51|3.55|3.21|3.24
PAGE CHARLES|01:146:356:02|3.69|3.73|3.38|3.63|3.41|3.05|3.51|3.55|3.21|3.24|4.00|1.00
RORHBACH TANYA|01:146:357:02|4.62|4.52|4.17|4.57|3.67|4.09|3.99|3.61|4.31|3.95
FIRESTEIN BONNIE|01:146:405:01|4.89|4.89|4.63|4.79|5.00|4.74|4.68|4.53|4.84|4.79|5.00|5.00|5.00|5.00|5.00|5.00|5.00|5.00
HSU SHU|01:146:405:01|4.89|4.89|4.63|4.79|5.00|4.74|4.68|4.53|4.84|4.79
PLUMMER MARK|01:146:446:01|4.94|5.00|4.78|5.00|5.00|4.84|4.94|4.61|5.00|5.00
HSU SHU CHAN|01:146:446:01|4.94|5.00|4.78|5.00|5.00|4.84|4.94|4.61|5.00|5.00
DAVIS ROBIN|01:146:446:01|4.94|5.00|4.78|5.00|5.00|4.84|4.94|4.61|5.00|5.00
RABII JAMSHID|01:146:450:01|4.75|4.68|4.14|4.78|4.51|4.22|4.33|4.14|4.47|4.31
FONG DONNE|01:146:471:01|4.00|4.86|4.71|4.83|5.00|4.29|4.14|4.71|4.33|4.50
COVEY LORI|01:146:474:01|4.44|4.14|3.97|4.33|3.77|3.76|4.03|3.82|3.90|3.78
XIAO GUTIAN|01:146:474:01|4.44|4.14|3.97|4.33|3.77|3.76|4.03|3.82|3.90|3.78
FONG DUNNE|01:146:474:01|4.44|4.14|3.97|4.33|3.77|3.76|4.03|3.82|3.90|3.78
THOMAS ANJU|01:146:474:01|4.44|4.14|3.97|4.33|3.77|3.76|4.03|3.82|3.90|3.78|3.00
XIAO GUTIAN|01:146:475:01|4.50|4.51|4.43|4.71|4.40|4.25|4.27|4.27|4.33|4.33
COVEY LORI|01:146:475:01|4.50|4.51|4.43|4.71|4.40|4.25|4.27|4.27|4.33|4.33
FIRESTEIN BONNIE|01:146:475:01|4.50|4.51|4.43|4.71|4.40|4.25|4.27|4.27|4.33|4.33
XIAO GUTIAN|01:146:475:02|4.50|4.51|4.43|4.71|4.40|4.25|4.27|4.27|4.33|4.33
FIRESTEIN BONNNE|01:146:475:02|4.50|4.51|4.43|4.71|4.40|4.25|4.27|4.27|4.33|4.33
LIU ALICE|01:146:478:01|4.61|4.65|4.35|4.70|4.41|4.35|4.35|3.96|4.65|4.50|5.00|5.00
