BOGHOSSIAN ANNELIESE|01:470:101:04|4.69|4.72|4.54|4.80|4.77|4.42|4.60|4.23|4.59|4.54
KUHN KENNETH|01:470:102:01|4.31|4.31|4.60|4.63|4.44|4.31|4.31|4.38|4.25|4.25
DINE UTE|01:470:105:01|5.00|5.00|5.00|5.00|5.00|4.86|5.00|4.86|5.00|5.00
GLOWACKI DORIS|01:470:131:02|4.87|4.73|4.45|4.73|4.82|4.55|4.36|4.81|4.55|4.62|5.00
CRAIG CHARLOTTE|01:470:132:01|4.00|4.17|4.17|4.33|3.83|3.40|4.20|4.40|4.00|4.00
NAQUI FATIMA|01:470:231:02|4.23|4.45|4.27|4.59|4.55|4.27|4.18|4.68|4.41|4.27
DIERS KAI|01:470:299:01|4.44|4.56|4.67|4.22|4.57|4.33|4.00|4.44|4.56|4.50
JAROSINSKI ERIC|01:470:313:01|4.83|5.00|4.62|4.92|4.85|4.46|4.15|4.23|4.69|3.92
JAROSINSKI ERIC|01:470:315:01|4.82|4.91|4.55|4.82|4.82|4.45|4.18|4.27|4.64|4.55
RENNIE NICHOLAS|01:470:324:01|5.00|5.00|4.80|5.00|4.80|5.00|5.00|4.40|5.00|5.00
WEHNERFRANCO SILKE|01:470:347:01|4.89|5.00|4.89|4.89|4.67|4.67|5.00|4.11|4.88|4.75
JAROSINSKI ERIC|01:470:349:01|4.60|4.87|4.87|4.80|4.93|4.73|4.60|4.47|4.85|4.77|5.00
CIKLAMINI MARLENE|01:470:389:01|4.71|4.71|4.57|5.00|4.86|4.71|5.00|4.57|5.00|4.71
