CLEMENS PAUL|01:512:103:00|4.59|4.28|4.25|4.44|4.29|4.05|4.06|3.76|4.29|4.09|4.33
HEWITT NANCY|01:512:103:00|4.59|4.28|4.25|4.44|4.29|4.05|4.06|3.76|4.29|4.09|4.33
CLEMENS PAUL|01:512:103:03|4.59|4.28|4.25|4.44|4.29|4.05|4.06|3.76|4.29|4.09
TURRI REBECCA|01:512:103:07|4.59|4.28|4.25|4.44|4.29|4.05|4.06|3.76|4.29|4.09
SCHREPFER SUSAN|01:512:103:10|4.59|4.28|4.25|4.44|4.29|4.05|4.06|3.76|4.29|4.09|4.33
FURMAN HARRY|01:512:103:19|4.59|4.28|4.25|4.44|4.29|4.05|4.06|3.76|4.29|4.09
REED JAMES|01:512:104:01|4.70|4.67|4.70|4.64|4.20|4.47|4.52|4.25|4.73|4.58
REED JIM|01:512:121:01|4.42|4.58|4.50|4.46|4.23|4.32|4.31|3.36|4.44|4.16
JENKINS REESE|01:512:220:01|4.32|4.12|4.08|4.52|3.96|3.96|4.00|3.88|3.76|3.83
JENKINS REESE|01:512:236:01|4.38|4.39|4.46|4.63|4.42|4.13|4.48|3.54|4.41|4.30
ONEILL WILLIAM|01:512:240:01|4.73|4.42|4.36|4.22|3.84|4.27|4.60|4.22|4.49|4.44
CLEMENS PAUL|01:512:301:01|4.89|4.80|4.40|4.71|4.29|4.17|4.48|4.09|4.56|4.44
GILLETTE WILLIAM|01:512:303:01|4.67|4.33|4.19|4.26|4.28|4.13|4.34|4.38|4.25|4.26
ONEILL WILLIAM|01:512:305:01|4.78|4.54|4.70|4.15|3.77|4.11|4.52|4.77|4.39|4.26
ISENBERG ALISON|01:512:314:01|4.49|4.53|4.29|4.71|4.65|4.16|4.33|3.98|4.43|4.19
MARKOWITZ NORMAN|01:512:316:01|3.47|3.77|4.03|3.96|3.97|3.43|3.60|4.00|3.70|3.59
SCHREPFER SUSAN|01:512:320:01|4.47|4.65|4.47|4.59|4.50|4.25|4.53|3.93|4.56|4.40
CHADWICK BRUCE|01:512:335:01|4.49|4.44|4.61|4.63|4.23|4.18|4.11|4.42|4.38|4.41
MUEHLBAUER MATTHEW|01:512:347:01|4.32|4.72|4.14|4.70|4.43|4.00|4.02|4.25|4.18|4.14|5.00
FOGLESONG DAVID|01:512:354:01|4.85|4.72|4.53|4.63|4.59|4.60|4.65|4.30|4.78|4.63
GARDNER LLOYD|01:512:356:01|4.18|4.22|4.24|4.22|3.78|3.81|4.33|4.29|4.06|4.11
MURCH DONNA|01:512:364:01|4.44|4.00|4.13|4.21|4.09|3.88|4.20|3.77|3.96|3.96
MARKOWITZ NORMAN|01:512:377:01|3.75|4.04|4.18|4.16|4.09|3.66|3.96|4.36|3.91|3.91
HARDING MARK|01:512:378:01|4.21|4.26|4.40|4.42|4.40|4.05|4.30|3.80|4.25|4.37
VAPNEK LARA|01:512:380:01|4.50|4.48|4.17|4.49|4.57|4.04|4.16|3.84|4.22|4.07
NEBEKER FREDERIK|01:512:395:01|4.55|4.90|4.70|5.00|4.64|4.45|4.64|4.09|4.75|4.58
