HAUGERUD ANGELIQUE|01:070:101:00|4.25|3.94|4.03|4.00|3.94|3.70|3.93|3.36|3.82|3.65
CACHEL SUSAN|01:070:102:00|3.96|3.40|3.51|3.73|3.82|3.26|3.43|3.39|3.41|3.32
LEPRE CHRISTOPHE|01:070:105:00|4.50|4.29|4.10|4.38|4.30|3.96|4.06|4.06|4.27|3.96
TRIVERS ROBERT|01:070:204:01|4.05|4.18|4.37|4.35|4.63|3.95|4.22|3.35|4.20|4.16
CRONK LEE|01:070:205:01|4.90|4.40|4.75|4.55|4.75|4.55|4.55|4.45|4.74|4.56
PALOMBIT RYNE|01:070:212:01|4.95|5.00|5.00|4.85|4.50|4.85|4.85|4.45|4.95|4.95|4.40|4.05|4.50|2.53|3.89|4.29
HOOGE DERRICK|01:070:250:01|3.44|2.56|3.11|3.33|3.67|2.56|3.22|4.11|2.56|3.67
HOOGE DERRICK|01:070:292:01|4.20|3.33|4.67|3.33|4.00|3.83|4.33|3.17|3.83|4.00
MOLE NOELLE|01:070:301:01|4.41|4.43|3.90|4.43|3.90|4.05|3.71|3.68|4.25|4.00|5.00
SHAPIRO WARREN|01:070:308:01|3.70|4.00|3.86|4.10|4.00|3.57|3.76|4.24|3.57|3.52
AHEARN LAURA|01:070:312:01|4.95|4.89|4.89|5.00|4.79|4.83|4.67|4.53|4.94|4.83
SCHRIRE CARMEL|01:070:330:01|4.00|2.68|3.39|2.00|3.47|2.53|3.89|3.42|2.84|2.95
SCHRIRE CARMEL|01:070:333:01|2.83|1.83|3.83|1.50|3.50|2.50|4.17|3.50|2.67|2.17|5.00|5.00|1.00|5.00
PALOMBIT RYNE|01:070:348:01|4.67|4.89|4.89|4.78|4.75|4.67|4.89|4.89|4.89|4.89|4.67|4.33|3.78|3.43|4.67|4.29
QUINN RHONDA|01:070:354:01|4.91|4.96|4.74|4.91|4.91|4.70|4.57|4.74|4.91|4.74
HODGE GDERRICK|01:070:374:01|4.00|4.40|5.00|4.20|4.50|3.80|4.00|3.60|4.40|4.50
KERNAGHAN RICHARD|01:070:380:01|4.56|4.82|4.12|4.94|4.82|4.18|3.94|3.71|4.29|3.94
HARRIS JOHN|01:070:391:01|5.00|4.82|5.00|5.00|4.91|4.82|5.00|4.64|4.91|4.91
BLUMENSCHINE ROBERT|01:070:395:01|4.73|4.73|3.79|4.87|4.54|4.14|4.50|3.50|4.69|4.31
CACHEL SUSAN|01:070:402:01|4.45|4.20|4.00|4.80|4.90|3.89|4.27|4.11|4.18|4.30
HARRIS J K|01:070:412:01|3.00|3.00|3.00|3.00|3.50|3.50|3.50|3.50|3.00|3.00
MORREN GEORGE|01:070:909:01|4.67|4.33|4.42|4.42|4.42|4.09|4.25|4.00|4.17|4.25
