KAPLOWITZ SUSAN|01:377:140:01|4.64|4.54|4.60|4.55|4.39|4.40|4.31|4.41|4.45|4.43
KAPLOWITZ SUSAN|01:377:140:02|4.64|4.54|4.60|4.55|4.39|4.40|4.31|4.41|4.45|4.43|5.00|5.00|5.00|5.00|5.00
HUNT JOANNE|01:377:140:03|4.64|4.54|4.60|4.55|4.39|4.40|4.31|4.41|4.45|4.43
HUNT JOANNE|01:377:140:04|4.64|4.54|4.60|4.55|4.39|4.40|4.31|4.41|4.45|4.43
DIFABIO DAVID|01:377:170:01|4.52|4.60|4.72|4.76|4.58|4.48|4.52|4.68|4.42|4.32
GLADIS KATHY|01:377:191:02|4.82|4.71|4.82|4.82|4.65|4.71|4.76|4.56|4.75|4.69|5.00
BYRD MYKYLE|01:377:213:00|4.62|4.82|4.65|4.82|4.71|4.41|4.79|4.57|4.62|4.63|5.00
BYRD MICKYLE|01:377:213:01|4.62|4.82|4.65|4.82|4.71|4.41|4.79|4.57|4.62|4.63
BYRD MIKYLE|01:377:213:02|4.62|4.82|4.65|4.82|4.71|4.41|4.79|4.57|4.62|4.63
DEVINE ADAM|01:377:213:03|4.62|4.82|4.65|4.82|4.71|4.41|4.79|4.57|4.62|4.63
DEVINE ADAM|01:377:213:04|4.62|4.82|4.65|4.82|4.71|4.41|4.79|4.57|4.62|4.63|5.00
DEVINE ADAM|01:377:213:05|4.62|4.82|4.65|4.82|4.71|4.41|4.79|4.57|4.62|4.63
DEVINE ADAM|01:377:213:06|4.62|4.82|4.65|4.82|4.71|4.41|4.79|4.57|4.62|4.63
DEVINE ADAM|01:377:213:07|4.62|4.82|4.65|4.82|4.71|4.41|4.79|4.57|4.62|4.63
DOEMLAND JULIA|01:377:301:01|4.59|4.53|4.37|4.62|4.33|4.21|4.14|3.90|4.31|4.13
DOEMLAND JULIA|01:377:301:02|4.59|4.53|4.37|4.62|4.33|4.21|4.14|3.90|4.31|4.13
DANDREA CHRIS|01:377:303:01|4.55|4.45|4.40|4.72|4.60|4.18|4.11|4.26|4.13|4.10
KAPLOWITZ SUSAN|01:377:304:01|4.14|4.14|4.29|4.30|3.85|3.96|4.00|3.43|3.85|3.81
CARNEY BRUCE|01:377:310:01|3.89|3.55|3.42|3.69|3.64|3.41|3.47|3.49|3.35|3.24
KAPLOWITZ SUSAN|01:377:310:01|3.89|3.55|3.42|3.69|3.64|3.41|3.47|3.49|3.35|3.24
FINKELSTEIN MYRON|01:377:311:01|4.45|4.73|4.82|4.82|4.73|4.59|4.50|4.36|4.62|4.80
SHARKEY LINDA|01:377:312:01|4.33|4.33|4.27|4.33|4.00|4.07|3.80|3.80|4.13|3.93
DANDREA CHRIS|01:377:315:01|4.83|4.50|5.00|5.00|5.00|4.50|4.50|4.67|4.67|4.50
DOUGHERTY NEIL|01:377:320:01|4.86|4.79|4.71|4.76|4.43|4.49|4.68|3.91|4.72|4.56
DOUGHERTY NEIL|01:377:323:01|4.77|4.60|4.52|4.46|4.13|4.29|4.42|3.81|4.36|4.28
DOUGHERTY NEIL|01:377:323:02|4.77|4.60|4.52|4.46|4.13|4.29|4.42|3.81|4.36|4.28
SHARKEY LINDA|01:377:324:01|4.26|4.47|4.68|4.74|4.63|4.37|4.32|4.26|4.22|4.18
ROSENWASSER MARIAN|01:377:330:01|4.79|4.87|4.74|4.85|4.82|4.74|4.59|4.00|4.79|4.85
ROSENWASSER MARIAN|01:377:330:02|4.79|4.87|4.74|4.85|4.82|4.74|4.59|4.00|4.79|4.85|4.00|3.00|4.00|4.00|4.00|4.00|4.00|4.00
ADAMSKI MICHELE|01:377:346:01|4.62|4.76|4.76|4.70|4.30|4.33|4.76|4.67|4.48|4.33
MANFREDONIA EMIL|01:377:350:01|4.79|5.00|5.00|5.00|5.00|5.00|4.79|4.62|4.86|4.79
ARENT SHAWN|01:377:370:01|4.93|4.85|4.89|4.76|4.54|4.68|4.83|4.58|4.76|4.71
SHARKEY LINDA|01:377:406:01|4.42|4.48|4.33|4.50|4.58|4.25|4.06|3.83|4.30|4.10
FINKELSTEIN MYRON|01:377:406:02|4.42|4.48|4.33|4.50|4.58|4.25|4.06|3.83|4.30|4.10
COLLINCINI GERALD|01:377:406:03|4.42|4.48|4.33|4.50|4.58|4.25|4.06|3.83|4.30|4.10
FINKELSTEIN MYRON|01:377:412:01|4.46|5.00|4.85|4.69|4.64|4.54|4.31|4.54|4.64|4.27
ARENT SHAWN|01:377:480:01|4.86|4.43|4.71|4.14|4.29|4.29|4.57|3.86|4.43|4.29
SADLEY CAROL|01:377:496:01|4.82|4.88|4.88|4.88|4.88|4.76|4.82|4.41|4.82|4.82
