SAKAGAMI            SHIZUKA|01:565:101:01|4.68|4.50|4.64|4.70|4.61|4.46|4.67|4.66|4.54|4.59|3.50
HAMAMOTO            NOBUHIKO|01:565:101:02|4.68|4.50|4.64|4.70|4.61|4.46|4.67|4.66|4.54|4.59
HAMAMOTO            NOBUHIKO|01:565:101:03|4.68|4.50|4.64|4.70|4.61|4.46|4.67|4.66|4.54|4.59|4.67|4.50
SAKAGAMI            SHIZUKA|01:565:101:04|4.68|4.50|4.64|4.70|4.61|4.46|4.67|4.66|4.54|4.59
SAKAGAMI            SHIZUKA|01:565:101:05|4.68|4.50|4.64|4.70|4.61|4.46|4.67|4.66|4.54|4.59|4.67|4.50|4.00|4.00|3.50|4.00|4.00
REICHERT            KUMIKO|01:565:101:06|4.68|4.50|4.64|4.70|4.61|4.46|4.67|4.66|4.54|4.59
PESTKA              KAZUMI|01:565:101:07|4.68|4.50|4.64|4.70|4.61|4.46|4.67|4.66|4.54|4.59|4.67
HAWALKA             YASUKO|01:565:201:01|4.80|4.54|4.55|4.72|4.77|4.34|4.60|4.78|4.55|4.60
REICHERT            KUMIKO|01:565:201:02|4.80|4.54|4.55|4.72|4.77|4.34|4.60|4.78|4.55|4.60
HAWALKA             YASUKO|01:565:201:03|4.80|4.54|4.55|4.72|4.77|4.34|4.60|4.78|4.55|4.60
BAXER               HARUMI|01:565:213:01|4.16|3.74|4.06|4.42|3.75|3.79|4.00|4.79|3.89|3.89
SCHALOW             PAUL|01:565:241:01|4.78|4.77|4.55|4.86|4.77|4.55|4.50|4.00|4.65|4.68
KOJIMA              TSUNEKO|01:565:301:01|3.69|3.93|4.02|4.35|4.18|3.62|3.80|4.50|3.75|3.74
BAXER               HARUMI|01:565:301:02|3.69|3.93|4.02|4.35|4.18|3.62|3.80|4.50|3.75|3.74|5.00|5.00
SAITO               SATORU|01:565:350:01|4.86|4.91|4.82|4.95|4.77|4.59|4.68|4.64|4.82|4.77
SAITO               SATORU|01:565:361:01|4.88|4.76|4.79|4.94|4.71|4.71|4.56|4.62|4.74|4.76|5.00
MAYNARD             SENKO|01:565:401:01|4.95|4.85|4.70|4.75|4.68|4.60|4.55|4.70|4.80|4.65
