CHIRCO JT|01:198:110:00|4.38|4.25|3.90|4.33|4.36|3.86|3.81|2.84|4.15|3.77
CHIRCO JT|01:198:110:00|4.38|4.25|3.90|4.33|4.36|3.86|3.81|2.84|4.15|3.77
BELOWICH ALAN|01:198:110:00|4.38|4.25|3.90|4.33|4.36|3.86|3.81|2.84|4.15|3.77
BELOWICH ALAN|01:198:110:00|4.38|4.25|3.90|4.33|4.36|3.86|3.81|2.84|4.15|3.77|4.80|4.67|4.67|4.67|4.67|5.00|5.00|5.00
DHUME PINAKIN|01:198:110:02|4.38|4.25|3.90|4.33|4.36|3.86|3.81|2.84|4.15|3.77
SOLAIJAWAHAR AJAYCHAKRA|01:198:110:03|4.38|4.25|3.90|4.33|4.36|3.86|3.81|2.84|4.15|3.77
LAKSHMINARAYANAN SUDHA|01:198:110:05|4.38|4.25|3.90|4.33|4.36|3.86|3.81|2.84|4.15|3.77|4.80|4.67|4.67|4.67|4.67|5.00|5.00|5.00|5.00
DESAI ARNAV|01:198:110:06|4.38|4.25|3.90|4.33|4.36|3.86|3.81|2.84|4.15|3.77
SOLAIJAWAHAR AJAYCHAKRA|01:198:110:08|4.38|4.25|3.90|4.33|4.36|3.86|3.81|2.84|4.15|3.77
SOLAIJAWAHAR AJAYCHAKRA|01:198:110:09|4.38|4.25|3.90|4.33|4.36|3.86|3.81|2.84|4.15|3.77
RASTOGI DEVASHISH|01:198:110:10|4.38|4.25|3.90|4.33|4.36|3.86|3.81|2.84|4.15|3.77
LAKSHMINARAYANAN SUDHA|01:198:110:11|4.38|4.25|3.90|4.33|4.36|3.86|3.81|2.84|4.15|3.77
MIRJI MADHUR|01:198:110:12|4.38|4.25|3.90|4.33|4.36|3.86|3.81|2.84|4.15|3.77
CHOWDHURY AHMED|01:198:110:14|4.38|4.25|3.90|4.33|4.36|3.86|3.81|2.84|4.15|3.77
CHOWDHURY AHMED|01:198:110:15|4.38|4.25|3.90|4.33|4.36|3.86|3.81|2.84|4.15|3.77
DESAI ARNAV|01:198:110:16|4.38|4.25|3.90|4.33|4.36|3.86|3.81|2.84|4.15|3.77
DESAI ARNAV|01:198:110:18|4.38|4.25|3.90|4.33|4.36|3.86|3.81|2.84|4.15|3.77
JAGIRDAR ADITYA|01:198:110:21|4.38|4.25|3.90|4.33|4.36|3.86|3.81|2.84|4.15|3.77|4.80
JAGIRDAR ADITYA|01:198:110:22|4.38|4.25|3.90|4.33|4.36|3.86|3.81|2.84|4.15|3.77|4.80|4.67|4.67|4.67|4.67
JAGIRDAR ADITYA|01:198:110:24|4.38|4.25|3.90|4.33|4.36|3.86|3.81|2.84|4.15|3.77
OLIVEIRA ROYSTEIN|01:198:110:29|4.38|4.25|3.90|4.33|4.36|3.86|3.81|2.84|4.15|3.77
OLIVEIRA ROYSTEIN|01:198:110:30|4.38|4.25|3.90|4.33|4.36|3.86|3.81|2.84|4.15|3.77
HEGDE HARSHA|01:198:110:31|4.38|4.25|3.90|4.33|4.36|3.86|3.81|2.84|4.15|3.77
HEGDE HARSHA|01:198:110:32|4.38|4.25|3.90|4.33|4.36|3.86|3.81|2.84|4.15|3.77
OLIVEIRA ROYSTEIN|01:198:110:33|4.38|4.25|3.90|4.33|4.36|3.86|3.81|2.84|4.15|3.77
HEGDE HARSHA|01:198:110:35|4.38|4.25|3.90|4.33|4.36|3.86|3.81|2.84|4.15|3.77
PASTOGI DEVASHISH|01:198:110:43|4.38|4.25|3.90|4.33|4.36|3.86|3.81|2.84|4.15|3.77
PASTOGI DEVASHISH|01:198:110:44|4.38|4.25|3.90|4.33|4.36|3.86|3.81|2.84|4.15|3.77
LAKSHMINARAYANAN SUDHA|01:198:110:45|4.38|4.25|3.90|4.33|4.36|3.86|3.81|2.84|4.15|3.77
HARI PRADIP|01:198:111:00|4.49|4.55|4.21|4.61|4.33|4.24|4.28|3.84|4.37|4.00
HARI PRADIP|01:198:111:00|4.49|4.55|4.21|4.61|4.33|4.24|4.28|3.84|4.37|4.00
STEINBERG LOUIS|01:198:111:00|4.49|4.55|4.21|4.61|4.33|4.24|4.28|3.84|4.37|4.00
CHOWDHURY AHMED|01:198:111:17|4.49|4.55|4.21|4.61|4.33|4.24|4.28|3.84|4.37|4.00
WANG XIANG|01:198:111:21|4.49|4.55|4.21|4.61|4.33|4.24|4.28|3.84|4.37|4.00
VENUGOPAL SESH|01:198:112:00|4.56|4.29|4.19|4.32|3.68|4.02|4.06|4.46|4.32|3.72
HARI PRADIP|01:198:112:00|4.56|4.29|4.19|4.32|3.68|4.02|4.06|4.46|4.32|3.72|4.50
VENUGOPAL SESH|01:198:113:01|4.82|4.73|4.36|4.73|4.45|4.45|4.36|4.27|4.73|4.18
SCHWARTZ CAROL|01:198:170:00|4.28|3.91|3.76|3.88|3.98|3.64|3.86|3.34|3.83|3.68|3.00|3.00|3.00|3.00|3.00|1.00|1.00|1.00|1.00
SCHWARTZ CAROL|01:198:170:00|4.28|3.91|3.76|3.88|3.98|3.64|3.86|3.34|3.83|3.68
JINAGA ARPANA|01:198:170:01|4.28|3.91|3.76|3.88|3.98|3.64|3.86|3.34|3.83|3.68
JINAGA ARPANA|01:198:170:02|4.28|3.91|3.76|3.88|3.98|3.64|3.86|3.34|3.83|3.68
MAKHANI NARMEEN|01:198:170:06|4.28|3.91|3.76|3.88|3.98|3.64|3.86|3.34|3.83|3.68|3.00|3.00|3.00|3.00
MAKHANI NARMEEN|01:198:170:08|4.28|3.91|3.76|3.88|3.98|3.64|3.86|3.34|3.83|3.68
RADHAKRISHNAN RAHUL|01:198:170:09|4.28|3.91|3.76|3.88|3.98|3.64|3.86|3.34|3.83|3.68|3.00
RADHAKRISHNAN RAHUL|01:198:170:10|4.28|3.91|3.76|3.88|3.98|3.64|3.86|3.34|3.83|3.68
MAKHANI NARMEEN|01:198:170:13|4.28|3.91|3.76|3.88|3.98|3.64|3.86|3.34|3.83|3.68
ALLENDER ERIC|01:198:205:01|4.29|4.29|3.63|4.33|4.17|3.80|3.90|3.26|4.06|3.73
ZHOU SHIYU|01:198:205:07|4.29|4.29|3.63|4.33|4.17|3.80|3.90|3.26|4.06|3.73
RONNEBERGER DETLEF|01:198:206:00|4.53|4.69|4.42|4.75|4.62|4.35|4.29|3.80|4.59|4.31|5.00
KALANTARI BAHMAN|01:198:206:00|4.53|4.69|4.42|4.75|4.62|4.35|4.29|3.80|4.59|4.31
NITROFANOVA ANTONINA|01:198:206:01|4.53|4.69|4.42|4.75|4.62|4.35|4.29|3.80|4.59|4.31
JIMENEZ DANIEL|01:198:211:00|4.59|4.45|4.09|4.55|4.38|3.86|4.00|3.86|4.10|4.16|4.00|4.00|4.00|1.00
SHAN CHUNGCHIEH|01:198:314:00|4.21|4.38|4.23|4.63|4.31|4.15|4.23|4.06|4.34|4.12|3.69|2.35|4.41
RONNEBURGER DETLEF|01:198:314:10|4.21|4.38|4.23|4.63|4.31|4.15|4.23|4.06|4.34|4.12
DECARIO DOUG|01:198:323:00|4.09|4.07|3.76|4.48|4.07|3.74|3.56|2.79|4.00|3.45
HALASZ SYLVIA|01:198:323:00|4.09|4.07|3.76|4.48|4.07|3.74|3.56|2.79|4.00|3.45|4.00|4.00|4.00
ZHOU SHIYU|01:198:336:05|4.41|4.35|4.04|4.56|4.31|3.96|4.23|4.20|4.23|4.04
EIGAMMAL AHMED|01:198:344:00|3.58|3.67|3.37|4.14|3.78|3.32|3.30|3.70|3.47|3.30
RONNEBURGER DETLEF|01:198:344:10|3.58|3.67|3.37|4.14|3.78|3.32|3.30|3.70|3.47|3.30
MARTIN RICHARD|01:198:352:01|3.83|3.53|3.08|3.69|3.77|3.09|3.39|4.03|3.35|3.00
KULIKOWSKI CASIMIR|01:198:405:01|4.44|4.67|4.44|4.44|4.88|4.11|4.33|4.33|4.33|4.11
KRZYZANOWSKI PAUL|01:198:417:00|4.34|4.16|3.97|4.21|3.89|3.76|3.92|3.84|4.16|4.17
BORGIDA ALEX|01:198:431:01|4.60|4.07|3.60|4.67|3.80|4.40|4.13|4.27|4.13
LITTMAN MICHAEL|01:198:442:01|4.52|4.36|4.33|4.56|4.68|4.17|4.52|3.63|4.43|4.52
ALLENDER ERIC|01:198:452:01|3.69|3.77|3.23|4.08|2.91|3.00|3.15|3.15|3.15|3.58
SHKLAR LEON|01:198:476:01|4.60|4.70|4.50|4.80|4.20|4.30|4.60|4.40|4.50|4.40
