HAY                 MICHELLE|01:070:101:00|4.02|4.06|4.10|4.21|4.05|3.76|3.87|3.50|3.85|3.74|3.33|3.40|3.40|3.00|3.00|3.00|3.50|3.00|3.50
BLUMENSCHINE        ROBE RT|01:070:102:00|4.52|4.38|4.18|4.55|4.36|4.00|4.11|3.65|4.18|4.09
GERKEY              DREW|01:070:102:02|4.52|4.38|4.18|4.55|4.36|4.00|4.11|3.65|4.18|4.09
GERKEY              DREW|01:070:102:03|4.52|4.38|4.18|4.55|4.36|4.00|4.11|3.65|4.18|4.09
GERKEY              DREW|01:070:102:12|4.52|4.38|4.18|4.55|4.36|4.00|4.11|3.65|4.18|4.09
AHEARN              LAURA|01:070:108:00|4.73|4.71|4.62|4.85|4.72|4.51|4.52|3.97|4.65|4.53
BOOTH               CHELSEA|01:070:108:02|4.73|4.71|4.62|4.85|4.72|4.51|4.52|3.97|4.65|4.53
BOOTH               CHELSEA|01:070:108:04|4.73|4.71|4.62|4.85|4.72|4.51|4.52|3.97|4.65|4.53
CRONK               LEE|01:070:204:01|4.87|4.56|4.58|4.67|4.27|4.33|4.50|3.59|4.57|4.42
SCHRIRE             CARMEL|01:070:208:01|4.80|4.75|4.80|4.40|4.75|4.40|5.00|5.00|4.20|4.50
PALOMBIT            RYNE|01:070:212:01|4.88|4.88|4.88|4.80|4.12|4.56|4.76|4.33|4.78|4.61|3.94|4.12|4.53|2.67|3.78|3.82|4.00
FEIBEL              CRAIG|01:070:213:01|4.88|4.49|4.35|4.54|4.32|3.97|4.09|3.71|4.38|4.06
CACHEL              SUSAN|01:070:215:01|4.31|4.00|4.38|4.33|4.33|3.62|3.54|3.31|4.00|3.85
HUDGINS             ANASTASIA|01:070:216:01|4.33|4.50|4.33|4.67|4.17|4.33|4.33|3.83|4.50|4.17
CHIUGRUFF           CHIHUA|01:070:240:01|4.50|4.00|3.75|4.00|4.25|4.00|4.25|4.00|4.00|4.00
TIGER               LIONEL|01:070:291:01|4.45|4.64|4.68|4.39|3.89|4.33|4.11|3.68|4.41|4.29
TIGER               LIONEL|01:070:292:01|4.04|4.61|4.11|4.38|4.31|3.81|3.76|3.96|3.78|3.73
TAKARAGAWA          STEPHANIE|01:070:309:01|4.19|4.75|4.38|4.69|4.63|4.25|4.13|3.81|4.40|4.13
TIGER               LIONEL|01:070:310:01|3.93|4.71|4.21|4.50|4.46|3.71|3.57|3.86|3.87|3.67
HAUGERUD            ANGELIQUE|01:070:338:01|4.76|4.72|4.56|4.64|4.25|4.24|4.46|3.80|4.60|4.52
CACHEL              SUSAN|01:070:356:01|4.27|3.87|4.27|4.27|4.73|3.87|4.20|4.43|4.27|4.20
TAKARAGAWA          STEPHANIE|01:070:368:01|4.47|4.90|4.85|4.75|4.90|4.60|4.55|4.68|4.75|4.55|5.00|5.00|5.00|5.00|5.00|5.00|5.00
HAY                 MICHELE|01:070:376:01|4.31|4.62|4.46|4.69|4.23|4.23|4.38|4.00|4.31|4.15
HUDGINS             ANASTASIA|01:070:378:01|4.26|4.88|4.61|4.83|4.61|4.33|4.53|3.72|4.44|4.39
BLUMENSCHINE        ROBERT|01:070:392:01|4.85|4.69|4.54|4.92|4.77|4.85|4.69|4.31|4.85|4.62
FOX                 ROBIN|01:070:410:01|4.89|4.72|4.95|4.95|4.89|4.74|4.79|4.16|4.89|4.89
SCHRIRE             CARMEL|01:070:426:01|4.00|3.64|3.82|3.09|3.40|3.18|3.27|3.18|3.09|3.18
