FELDER              SYDNEY|01:730:101:01|4.12|4.40|4.29|4.67|4.66|4.21|3.98|3.68|4.34|4.25|3.00
STICH               STEPHEN|01:730:103:02|4.48|4.27|4.24|4.47|4.09|3.96|4.02|3.74|4.10|4.03|5.00|5.00
BODANSZKY           EVA|01:730:103:04|4.48|4.27|4.24|4.47|4.09|3.96|4.02|3.74|4.10|4.03
BALDINO             ANTHONY|01:730:103:09|4.48|4.27|4.24|4.47|4.09|3.96|4.02|3.74|4.10|4.03
MAUDLIN             TIM|01:730:103:71|4.48|4.27|4.24|4.47|4.09|3.96|4.02|3.74|4.10|4.03
STICH               STEPHEN|01:730:104:00|4.47|4.27|4.16|4.45|3.77|3.99|4.02|3.72|4.23|4.09|4.80|4.25|4.67|4.50|4.50|4.00|5.00|5.00
STICH               STEVEN|01:730:104:02|4.47|4.27|4.16|4.45|3.77|3.99|4.02|3.72|4.23|4.09
MCCROSSIN           EDWARD|01:730:105:01|4.38|4.64|4.38|4.73|4.63|4.17|4.13|3.74|4.38|4.21
TEMKIN              LARRY|01:730:106:00|4.49|4.50|4.54|4.68|4.39|4.32|4.40|3.79|4.45|4.48
TYCHONIEVICA        CRYSTAL|01:730:106:02|4.49|4.50|4.54|4.68|4.39|4.32|4.40|3.79|4.45|4.48
EGAN                FRANCES|01:730:201:06|4.58|4.59|4.10|4.59|4.37|4.11|4.32|3.12|4.44|4.19
KIVY                PETER|01:730:205:01|4.32|4.35|3.97|4.21|3.94|3.83|4.03|3.41|4.06|3.97
LOAR                BRIAN|01:730:220:01|3.15|3.32|3.71|4.03|4.00|3.34|3.61|3.82|3.22|3.46
DOUARD              JOHN|01:730:225:01|4.92|4.62|4.35|4.81|4.38|4.46|4.46|3.31|4.65|4.50
COLBY               MARK|01:730:255:01|4.65|4.71|4.29|4.67|4.74|4.26|4.39|3.74|4.63|4.40
MAUDLIN             VISHNYA|01:730:261:01|4.10|4.19|4.14|4.24|3.95|4.00|4.19|3.95|4.00|4.00|3.00|3.00|3.00|3.00|3.00|3.00|3.00|3.00|3.00
WILSHIRE            BRUCE|01:730:263:01|3.87|4.17|4.60|4.37|4.45|4.23|4.27|4.23|4.17|4.13
COLBY               MARK|01:730:268:01|4.48|4.76|4.56|4.66|4.82|4.47|4.39|4.21|4.64|4.58
NEALE               STEPHEN|01:730:301:01|4.67|4.65|4.56|4.58|4.34|4.41|4.61|4.07|4.70|4.69
BOLTON              MARTHA|01:730:307:01|4.73|4.76|4.39|4.88|4.55|4.48|4.48|3.85|4.73|4.58
MCCROSSIN           EDWARD|01:730:308:01|4.06|4.47|4.41|4.78|4.71|4.38|4.16|4.13|4.16|4.16
COLBY               MARK|01:730:341:01|4.39|4.45|4.06|4.31|4.42|4.00|4.03|3.84|4.26|4.16
MCGARY              HOWARD|01:730:342:01|4.57|4.70|4.40|4.87|4.20|4.20|4.40|3.90|4.30|4.41
WILSHIRE            BRUCE|01:730:367:01|3.97|4.21|4.41|4.56|4.33|4.22|4.36|4.00|4.16|4.26
BRYANT              EDWIN|01:730:368:01|4.38|4.70|4.57|4.81|4.48|4.29|4.61|4.18|4.68|4.50|5.00|3.00
GOLDMAN             ALVIN|01:730:413:01|4.75|4.42|4.08|4.42|4.42|3.62|4.33|4.31|4.08|4.33
MAUDLIN             TIM|01:730:415:01|4.61|4.67|4.65|4.56|4.11|4.17|4.33|4.22|4.50|4.24
MATTHEWS            ROBERT|01:730:428:01|4.82|4.68|4.42|4.87|4.48|4.22|4.23|3.38|4.64|4.17|3.00
BUNZL               MARTIN|01:730:435:01|4.63|4.79|4.84|4.79|4.89|4.84|4.79|4.33|4.75|4.76
CHANG               RUTH|01:730:441:01|4.97|4.89|4.69|4.90|4.64|4.83|4.83|4.32|4.96|4.74|5.00
