DIEHL               EMILY|01:860:101:01|4.88|4.88|4.81|4.88|4.67|4.62|4.77|4.77|4.73|4.58
DIEHI               EMILY|01:860:101:02|4.88|4.88|4.81|4.88|4.67|4.62|4.77|4.77|4.73|4.58|5.00
MEDVEDEV            NATALIE|01:860:107:01|4.62|4.79|4.47|4.68|4.64|4.55|4.53|4.47|4.44|4.47
MEDVEDEV            NATALIE|01:860:107:02|4.62|4.79|4.47|4.68|4.64|4.55|4.53|4.47|4.44|4.47
MCCOYRUSANOVA       SVETLANA|01:860:201:01|3.62|3.95|3.40|3.95|4.05|3.35|3.14|4.67|3.48|3.29
MCCOYRUSANOVA       SVETLANA|01:860:201:02|3.62|3.95|3.40|3.95|4.05|3.35|3.14|4.67|3.48|3.29
MCCOVQUSANOVA       SVETLANA|01:860:203:01|3.80|3.80|3.60|3.80|4.00|3.40|3.60|4.25|3.75|3.75
BAGDASAROV          ZHANNA|01:860:301:01|4.50|4.75|4.75|4.88|4.50|4.38|4.25|4.88|4.38|4.50
PIROG               GERALD|01:860:332:01|4.93|5.00|5.00|5.00|4.80|4.93|4.86|4.71|5.00|4.93
BOGOMOLNY           SVETLANA|01:860:401:01|4.73|4.82|4.18|4.45|4.18|3.50|4.09|4.36|4.00|4.18
PIROG               GEQALD|01:860:486:01|4.88|4.75|4.63|4.88|5.00|4.50|4.50|4.13|4.86|4.50
