ZAMANI              AMIR|01:840:000:00|4.11|4.15|3.56|4.11|3.89|3.15|3.78|3.78|3.69|3.69
OBAYASHI            HIR SHI|01:840:112:01|4.21|3.80|4.06|4.06|3.87|3.58|3.90|3.59|3.77|3.78
ROBERTSON           WARREN|01:840:201:02|4.40|4.70|4.70|4.77|4.13|4.39|4.53|4.00|4.45|4.38
KOLBABA             TIA|01:840:202:01|4.49|4.43|4.39|4.57|4.45|4.11|4.28|3.96|4.30|4.18|5.00|5.00
THOMAS              GLORY|01:840:202:02|4.49|4.43|4.39|4.57|4.45|4.11|4.28|3.96|4.30|4.18
GIBSON              ELIZABETH|01:840:202:03|4.49|4.43|4.39|4.57|4.45|4.11|4.28|3.96|4.30|4.18
GIBSON              ELIZABETH|01:840:202:04|4.49|4.43|4.39|4.57|4.45|4.11|4.28|3.96|4.30|4.18
MYLADIL             THOMAS|01:840:211:01|4.24|4.12|4.28|4.37|4.17|4.01|4.15|3.74|4.09|4.04
DEGHANI             PAR IZ|01:840:211:02|4.24|4.12|4.28|4.37|4.17|4.01|4.15|3.74|4.09|4.04|4.67|4.00|4.00|4.00|4.00|4.00|4.00|4.00|4.00
JIANG               TAO|01:840:211:03|4.24|4.12|4.28|4.37|4.17|4.01|4.15|3.74|4.09|4.04|4.67
ZAMANI              AMIR|01:840:212:01|4.58|4.37|3.98|4.47|4.51|3.87|4.08|3.96|4.19|4.15
PAVLIN              JAMES|01:840:212:03|4.58|4.37|3.98|4.47|4.51|3.87|4.08|3.96|4.19|4.15|5.00|5.00|5.00|5.00|5.00|5.00|5.00|5.00|5.00
MYLADIL             TH MAS|01:840:322:01|4.43|3.89|4.21|4.04|3.82|3.93|4.36|4.18|3.96|4.19|3.00|3.00|3.00|3.00|3.00|3.00|3.00|3.00|3.00
JIANG               TAO|01:840:323:01|4.70|4.75|4.70|4.75|4.60|4.55|4.55|4.55|4.63|4.68
PAVLIN              JAMES|01:840:325:01|4.76|4.76|4.65|4.80|4.64|4.46|4.60|4.48|4.74|4.58
DEHGHANI            PARVIZ|01:840:326:01|3.55|3.64|4.18|4.08|3.58|3.91|4.08|4.27|3.75|3.55
JONES               JAMES|01:840:341:01|4.43|4.38|3.92|4.43|4.16|3.49|3.59|3.76|3.95|3.59
JOHNSON             JAMES|01:840:346:01|4.50|4.40|3.73|4.50|4.31|3.81|4.19|4.00|3.94|3.88|5.00
JOHNSON             JAMES|01:840:347:01|4.52|4.45|3.90|4.38|4.19|3.76|3.95|3.62|3.86|3.81
JONES               JAMES|01:840:352:01|4.33|4.47|4.42|4.53|4.20|3.95|4.30|4.45|4.25|4.30|5.00
BRYANT              EDWIN|01:840:368:01|4.45|4.50|4.49|4.67|4.28|4.12|4.54|4.16|4.38|4.35|2.00|4.50|5.00
HARTLEY             LAURAN|01:840:393:01|4.92|4.67|4.46|5.00|4.58|4.54|4.75|4.15|4.69|4.73|4.00
BRYANT              EDWIN|01:840:403:01|4.67|4.93|4.81|4.86|4.69|4.38|4.27|4.36|5.00|4.46
KOLBABA             TIA|01:840:426:01|4.67|4.92|4.67|4.75|4.58|4.33|4.42|4.25|4.77|4.62
