BALM ROGER|01:450:102:01|4.73|4.49|4.21|4.47|4.32|3.93|3.97|3.16|4.30|4.02|5.00|5.00|5.00|5.00|5.00
HANES SAMUEL|01:450:103:01|4.39|4.21|3.95|4.40|4.32|3.82|3.79|3.12|4.11|3.99|4.00
HORDON ROBERT|01:450:211:01|4.27|4.29|4.30|4.68|4.26|3.90|3.88|3.79|3.98|3.95|5.00
HANES SAMUEL|01:450:240:01|4.65|4.68|4.48|4.76|4.58|4.24|4.32|3.56|4.47|4.38|4.00|4.00|4.00|4.00|4.00
MITCHELL JAMES|01:450:262:01|4.62|4.34|4.21|4.47|4.11|4.03|4.13|3.29|4.32|4.13
BLAGOJEVIC BOJANA|01:450:262:80|4.62|4.34|4.21|4.47|4.11|4.03|4.13|3.29|4.32|4.13
LEICHENKO ROBIN|01:450:309:01|4.70|4.70|4.65|4.82|4.74|4.57|4.52|4.13|4.62|4.64|5.00|5.00|5.00
HORDON ROBERT|01:450:320:01|4.63|3.80|3.88|4.44|3.96|3.48|3.42|3.17|3.80|3.80|5.00
REGULSKA JOANNA|01:450:332:01|3.90|3.75|3.62|4.05|4.00|3.57|3.90|3.38|3.57|3.67|5.00|5.00|5.00|5.00|5.00|5.00|5.00|5.00|5.00
MITCHELL JAMES|01:450:334:01|4.63|4.37|4.00|4.37|4.30|4.07|4.07|4.17|4.13|4.17
SCHNEIDER LAURA|01:450:336:01|4.68|4.36|4.46|4.68|4.46|4.18|4.39|3.82|4.35|4.36|5.00|5.00
SIEGEL MICHAEL|01:450:356:01|4.71|4.43|4.00|4.43|3.57|4.14|4.29|4.57|4.14|4.14
STMARTIN KEVIN|01:450:470:01|4.82|4.57|4.14|4.45|3.83|4.04|4.17|3.28|4.23|3.77
SCHNEIDER LAURA|01:450:492:01|4.29|4.33|4.47|4.80|4.67|4.29|4.07|4.73|4.20|3.93
