CZACHOR             JAMES|01:960:211:01|4.55|4.49|4.31|4.55|4.43|4.21|4.25|3.71|4.51|4.46|4.75|5.00|5.00|4.00|4.50|4.00|4.00|4.00|4.00
MINIERE             MICHAEL|01:960:211:02|4.55|4.49|4.31|4.55|4.43|4.21|4.25|3.71|4.51|4.46|4.75|5.00
DONG                HK|01:960:211:03|4.55|4.49|4.31|4.55|4.43|4.21|4.25|3.71|4.51|4.46|4.75|5.00|5.00|4.50
POPEL               GEORGE|01:960:212:01|4.21|4.64|4.40|4.64|4.20|4.32|4.28|4.20|4.32|4.24
SQINIVASAN          SURY* ALA|01:960:285:01|3.83|3.58|3.41|3.82|3.93|3.34|3.50|3.10|3.52|3.53|3.71|3.60
MOONDRA             SHYAM|01:960:285:03|3.83|3.58|3.41|3.82|3.93|3.34|3.50|3.10|3.52|3.53
MOONDRA             SHYAM|01:960:285:04|3.83|3.58|3.41|3.82|3.93|3.34|3.50|3.10|3.52|3.53|3.71|3.60|2.50|3.33|3.00|2.67|3.33|3.00|3.00
BOUAKIZ             MOKRANE|01:960:285:05|3.83|3.58|3.41|3.82|3.93|3.34|3.50|3.10|3.52|3.53|3.71|3.60|2.50|3.33|3.00|2.67|3.33|3.00|3.00
SINGH               KESAQ|01:960:379:01|4.48|4.43|4.08|4.50|4.21|3.99|4.00|3.63|4.14|3.94|5.00
NAUS                JOSEPH|01:960:379:02|4.48|4.43|4.08|4.50|4.21|3.99|4.00|3.63|4.14|3.94
GUNDY               RICHARD|01:960:381:01|3.00|3.44|2.72|3.19|3.59|2.24|2.50|3.50|2.61|2.78
SINGH               KAESAR|01:960:384:01|4.61|4.43|4.22|4.52|4.60|4.34|4.11|4.15|4.48|4.42|5.00|5.00|5.00|5.00|5.00|5.00|5.00|5.00
BERK                ROBERT|01:960:401:01|4.12|3.86|3.12|3.94|4.00|3.24|3.24|2.86|3.52|3.46
LAWRENCE            SHEILA|01:960:401:02|4.12|3.86|3.12|3.94|4.00|3.24|3.24|2.86|3.52|3.46|5.00|3.50|3.50|4.00|3.50|4.50
TYLER               DAVID|01:960:401:04|4.12|3.86|3.12|3.94|4.00|3.24|3.24|2.86|3.52|3.46|5.00
MUKHERSEE           SOMNATH|01:960:463:01|4.07|4.02|3.66|3.95|4.14|3.59|3.86|3.95|3.81|3.76|5.00
CABRERA             JAVIER|01:960:486:01|4.47|4.21|4.32|4.37|4.39|4.05|3.84|3.95|4.06|3.89
