DIEHL EMILY|01:860:102:01|5.00|5.00|4.75|5.00|4.64|4.58|4.92|4.92|4.83|4.83|4.43
DIEHL EMILY|01:860:102:02|5.00|5.00|4.75|5.00|4.64|4.58|4.92|4.92|4.83|4.83|4.43
MEDVEDEVA NATALIE|01:860:108:01|4.65|4.65|4.84|4.73|4.40|4.32|4.80|4.64|4.68|4.72
MEDVEDEVA NATALIE|01:860:108:02|4.65|4.65|4.84|4.73|4.40|4.32|4.80|4.64|4.68|4.72
MCCOYRUSANOVA SVETLANA|01:860:202:01|4.36|4.55|4.64|4.82|4.64|4.36|4.55|4.73|4.45|4.45
MCCOYRUSANOVA SVETLANA|01:860:204:01|4.50|4.75|4.75|4.82|4.50|4.42|4.75|4.75|4.58|4.50
PIROG GERALD|01:860:206:01|4.90|4.90|4.70|4.80|4.50|4.10|4.30|4.30|4.67|4.70
BOGOMOLNY SVETLANA|01:860:302:01|4.64|4.73|4.64|4.40|4.64|4.36|4.18|4.70|4.64|4.50|5.00
ROSENFELD ALLA|01:860:320:01|4.89|4.74|4.42|4.68|4.95|4.21|4.21|3.95|4.50|4.39
PIROG GERALD|01:860:320:02|4.89|4.74|4.42|4.68|4.95|4.21|4.21|3.95|4.50|4.39
