PAPALI GILBERT|01:640:001:20|4.56|4.39|4.44|4.32|4.63|4.29|4.12|3.05|4.33|4.00|5.00
REITMANN JOHN|01:640:024:01|5.00|5.00|4.78|5.00|4.88|4.78|4.75|2.71|5.00|4.67
WILLIAMS DAVID|01:640:025:01|4.71|4.46|4.38|4.57|4.57|4.29|4.21|2.53|4.53|4.17
KOTHARI MANGALA|01:640:025:02|4.71|4.46|4.38|4.57|4.57|4.29|4.21|2.53|4.53|4.17
SAFRAN STEVE|01:640:025:07|4.71|4.46|4.38|4.57|4.57|4.29|4.21|2.53|4.53|4.17
JONES MARGARET|01:640:025:08|4.71|4.46|4.38|4.57|4.57|4.29|4.21|2.53|4.53|4.17
ENG HENRY|01:640:025:14|4.71|4.46|4.38|4.57|4.57|4.29|4.21|2.53|4.53|4.17|5.00|5.00|5.00|5.00|5.00
ENG HENRY|01:640:025:15|4.71|4.46|4.38|4.57|4.57|4.29|4.21|2.53|4.53|4.17
PAPALI GILBERT|01:640:025:20|4.71|4.46|4.38|4.57|4.57|4.29|4.21|2.53|4.53|4.17|5.00
URBANSKI ROBERT|01:640:026:01|4.49|4.38|4.17|4.41|4.24|4.03|3.96|2.55|4.23|3.87
ZADERMAN YURI|01:640:026:02|4.49|4.38|4.17|4.41|4.24|4.03|3.96|2.55|4.23|3.87
EVANS JUDITH|01:640:026:04|4.49|4.38|4.17|4.41|4.24|4.03|3.96|2.55|4.23|3.87
DACOSTA LESLIE|01:640:026:06|4.49|4.38|4.17|4.41|4.24|4.03|3.96|2.55|4.23|3.87|4.25
PAPALI GILBERT|01:640:026:07|4.49|4.38|4.17|4.41|4.24|4.03|3.96|2.55|4.23|3.87|4.25|4.33
ABOELNAGA EMAN|01:640:026:09|4.49|4.38|4.17|4.41|4.24|4.03|3.96|2.55|4.23|3.87
ABOELNAGA EMAN|01:640:026:10|4.49|4.38|4.17|4.41|4.24|4.03|3.96|2.55|4.23|3.87|4.25|4.33
HIRSCH LEWIS|01:640:026:11|4.49|4.38|4.17|4.41|4.24|4.03|3.96|2.55|4.23|3.87
YACHES EDGAR|01:640:026:12|4.49|4.38|4.17|4.41|4.24|4.03|3.96|2.55|4.23|3.87
SAFRAN STEVEN|01:640:026:15|4.49|4.38|4.17|4.41|4.24|4.03|3.96|2.55|4.23|3.87
SAFRAN STEVEN|01:640:026:16|4.49|4.38|4.17|4.41|4.24|4.03|3.96|2.55|4.23|3.87
AMODIO JAMES|01:640:026:17|4.49|4.38|4.17|4.41|4.24|4.03|3.96|2.55|4.23|3.87
ARSZULOWICZ STANLEY|01:640:026:19|4.49|4.38|4.17|4.41|4.24|4.03|3.96|2.55|4.23|3.87
ENG HENRY|01:640:026:22|4.49|4.38|4.17|4.41|4.24|4.03|3.96|2.55|4.23|3.87
OROURKE JEANNETTE|01:640:026:23|4.49|4.38|4.17|4.41|4.24|4.03|3.96|2.55|4.23|3.87|4.25|4.33|3.00|3.00|3.00|3.00|3.00|3.00
MUKHERJEE ARUN|01:640:026:24|4.49|4.38|4.17|4.41|4.24|4.03|3.96|2.55|4.23|3.87
ENG HENRY|01:640:026:25|4.49|4.38|4.17|4.41|4.24|4.03|3.96|2.55|4.23|3.87
FISHER RANDOLPH|01:640:026:31|4.49|4.38|4.17|4.41|4.24|4.03|3.96|2.55|4.23|3.87
HOROWITZ DIANA|01:640:027:01|4.58|4.45|4.14|4.55|4.57|4.10|3.84|2.02|4.35|3.90|4.00
HOROWITZ DIANA|01:640:027:02|4.58|4.45|4.14|4.55|4.57|4.10|3.84|2.02|4.35|3.90
ZADERMAN YURI|01:640:027:04|4.58|4.45|4.14|4.55|4.57|4.10|3.84|2.02|4.35|3.90|4.00
ZADERMAN YURI|01:640:027:05|4.58|4.45|4.14|4.55|4.57|4.10|3.84|2.02|4.35|3.90
COLLINS ELIOT|01:640:027:07|4.58|4.45|4.14|4.55|4.57|4.10|3.84|2.02|4.35|3.90
KOTHARI MANGALA|01:640:101:06|4.26|3.84|3.74|3.89|3.00|3.26|3.47|2.41|3.56|3.53
BERKOWITZ JERRY|01:640:103:01|4.42|4.24|4.12|4.51|4.38|4.13|3.90|2.60|4.27|3.95
BERKOWITZ JERRY|01:640:103:02|4.42|4.24|4.12|4.51|4.38|4.13|3.90|2.60|4.27|3.95
SANDERSON YASMINE|01:640:103:03|4.42|4.24|4.12|4.51|4.38|4.13|3.90|2.60|4.27|3.95|3.75
SANDERSON YASMINE|01:640:103:04|4.42|4.24|4.12|4.51|4.38|4.13|3.90|2.60|4.27|3.95
NOONE KEVIN|01:640:103:05|4.42|4.24|4.12|4.51|4.38|4.13|3.90|2.60|4.27|3.95
NOONE KEVIN|01:640:103:07|4.42|4.24|4.12|4.51|4.38|4.13|3.90|2.60|4.27|3.95
TEIXEIRA KATIUSEIA|01:640:103:08|4.42|4.24|4.12|4.51|4.38|4.13|3.90|2.60|4.27|3.95|3.75|4.67|4.67|4.67|4.67|4.67|4.67|4.50
RAINSFORD AUGUSTA|01:640:103:11|4.42|4.24|4.12|4.51|4.38|4.13|3.90|2.60|4.27|3.95|3.75|4.67|4.67|4.67|4.67|4.67|4.67|4.50|4.00
RAMAN MANYA|01:640:104:01|3.58|3.46|3.92|4.13|3.46|3.63|3.17|2.46|3.38|3.21
SCHEIMAN DAVID|01:640:111:00|4.40|4.26|4.14|4.47|4.26|3.99|3.98|3.00|4.18|3.89|5.00
ABOELNAGA EMAN|01:640:111:00|4.40|4.26|4.14|4.47|4.26|3.99|3.98|3.00|4.18|3.89|5.00
SAFRAN STEVEN|01:640:111:00|4.40|4.26|4.14|4.47|4.26|3.99|3.98|3.00|4.18|3.89
ZANDERMAN YURI|01:640:111:00|4.40|4.26|4.14|4.47|4.26|3.99|3.98|3.00|4.18|3.89
KOTHARI MANGALA|01:640:111:07|4.40|4.26|4.14|4.47|4.26|3.99|3.98|3.00|4.18|3.89
KOTHARI MANGALA|01:640:111:10|4.40|4.26|4.14|4.47|4.26|3.99|3.98|3.00|4.18|3.89
SOLAIJAWAHAR AJAYCHAKRA|01:640:111:12|4.40|4.26|4.14|4.47|4.26|3.99|3.98|3.00|4.18|3.89
CLEMENS NEVILLE|01:640:111:13|4.40|4.26|4.14|4.47|4.26|3.99|3.98|3.00|4.18|3.89
CLEMENS NEVILLE|01:640:111:14|4.40|4.26|4.14|4.47|4.26|3.99|3.98|3.00|4.18|3.89
CLEMENS NEVILLE|01:640:111:15|4.40|4.26|4.14|4.47|4.26|3.99|3.98|3.00|4.18|3.89|5.00
KABUS IRWIN|01:640:112:00|4.40|4.29|3.99|4.34|4.12|3.95|3.87|2.90|4.17|3.79
ABOELNAGA EMAN|01:640:112:00|4.40|4.29|3.99|4.34|4.12|3.95|3.87|2.90|4.17|3.79
HOROWITZ DIANA|01:640:112:00|4.40|4.29|3.99|4.34|4.12|3.95|3.87|2.90|4.17|3.79|4.25
KABUS IRWIN|01:640:112:00|4.40|4.29|3.99|4.34|4.12|3.95|3.87|2.90|4.17|3.79
HOROWITZ DIANA|01:640:112:00|4.40|4.29|3.99|4.34|4.12|3.95|3.87|2.90|4.17|3.79|4.25|4.67|4.67|4.75|4.25|4.67|4.67|4.67|4.50
TAKHTOVICH ANDREY|01:640:112:05|4.40|4.29|3.99|4.34|4.12|3.95|3.87|2.90|4.17|3.79
KOTHARI MANGALA|01:640:112:06|4.40|4.29|3.99|4.34|4.12|3.95|3.87|2.90|4.17|3.79
KOTHARI MANGALA|01:640:112:07|4.40|4.29|3.99|4.34|4.12|3.95|3.87|2.90|4.17|3.79
KOTHARI MANGALA|01:640:112:08|4.40|4.29|3.99|4.34|4.12|3.95|3.87|2.90|4.17|3.79|4.25
WOLF JOSEPH|01:640:112:10|4.40|4.29|3.99|4.34|4.12|3.95|3.87|2.90|4.17|3.79
KOTHARI MANGALA|01:640:112:11|4.40|4.29|3.99|4.34|4.12|3.95|3.87|2.90|4.17|3.79
KOTHARI MANGALA|01:640:112:12|4.40|4.29|3.99|4.34|4.12|3.95|3.87|2.90|4.17|3.79
KOTHARI MANGALA|01:640:112:13|4.40|4.29|3.99|4.34|4.12|3.95|3.87|2.90|4.17|3.79
DEKEL GALI|01:640:112:14|4.40|4.29|3.99|4.34|4.12|3.95|3.87|2.90|4.17|3.79|4.25|4.67|4.67|4.75|4.25|4.67|4.67|4.67|4.50
DEKEL GALI|01:640:112:15|4.40|4.29|3.99|4.34|4.12|3.95|3.87|2.90|4.17|3.79
DEKEL GALI|01:640:112:16|4.40|4.29|3.99|4.34|4.12|3.95|3.87|2.90|4.17|3.79
PALUMBO JUSTIN|01:640:112:17|4.40|4.29|3.99|4.34|4.12|3.95|3.87|2.90|4.17|3.79
DEREL GALI|01:640:112:23|4.40|4.29|3.99|4.34|4.12|3.95|3.87|2.90|4.17|3.79
DEKEL GALI|01:640:112:24|4.40|4.29|3.99|4.34|4.12|3.95|3.87|2.90|4.17|3.79
DEKEL GALI|01:640:112:25|4.40|4.29|3.99|4.34|4.12|3.95|3.87|2.90|4.17|3.79|4.25|4.67|4.67|4.75|4.25|4.67|4.67|4.67
HIRSCH LEWIS|01:640:115:00|4.48|4.29|4.16|4.34|4.17|4.03|3.99|2.90|4.28|3.76
URBANSKI ROBERT|01:640:115:00|4.48|4.29|4.16|4.34|4.17|4.03|3.99|2.90|4.28|3.76
BRAVERMAN HARVEY|01:640:115:00|4.48|4.29|4.16|4.34|4.17|4.03|3.99|2.90|4.28|3.76|5.00
LINDBOE THERESA|01:640:115:00|4.48|4.29|4.16|4.34|4.17|4.03|3.99|2.90|4.28|3.76|4.33|3.00|3.00
COUMARBATCH CYRIL|01:640:115:01|4.48|4.29|4.16|4.34|4.17|4.03|3.99|2.90|4.28|3.76
KINKHABWALA RITA|01:640:115:01|4.48|4.29|4.16|4.34|4.17|4.03|3.99|2.90|4.28|3.76
COUMARBATCH CYRIL|01:640:115:02|4.48|4.29|4.16|4.34|4.17|4.03|3.99|2.90|4.28|3.76
COUMARBATCH CYRIL|01:640:115:03|4.48|4.29|4.16|4.34|4.17|4.03|3.99|2.90|4.28|3.76
RYSLIK GREG|01:640:115:12|4.48|4.29|4.16|4.34|4.17|4.03|3.99|2.90|4.28|3.76
KLEIN RICHARD|01:640:135:00|4.20|3.97|3.76|4.06|4.02|3.63|3.70|3.05|3.84|3.62|3.86|3.60
NOONE KEVIN|01:640:135:00|4.20|3.97|3.76|4.06|4.02|3.63|3.70|3.05|3.84|3.62
BRAVERMAN HARVEY|01:640:135:00|4.20|3.97|3.76|4.06|4.02|3.63|3.70|3.05|3.84|3.62
BERKOWITZ JERRY|01:640:135:00|4.20|3.97|3.76|4.06|4.02|3.63|3.70|3.05|3.84|3.62
BERKOWITZ JERRY|01:640:135:00|4.20|3.97|3.76|4.06|4.02|3.63|3.70|3.05|3.84|3.62
NOONE KEVIN|01:640:135:00|4.20|3.97|3.76|4.06|4.02|3.63|3.70|3.05|3.84|3.62|4.00
PARKS JOHN|01:640:135:00|4.20|3.97|3.76|4.06|4.02|3.63|3.70|3.05|3.84|3.62
PARKS JOHN|01:640:135:00|4.20|3.97|3.76|4.06|4.02|3.63|3.70|3.05|3.84|3.62|4.00|3.86|3.60|3.00
SIMS CHARLES|01:640:135:00|4.20|3.97|3.76|4.06|4.02|3.63|3.70|3.05|3.84|3.62|4.00|4.00|4.00|3.86|3.60|3.00|3.50|3.67|3.75
MARVIN BERTRAN|01:640:135:29|4.20|3.97|3.76|4.06|4.02|3.63|3.70|3.05|3.84|3.62
MARVIN BERTRAN|01:640:135:30|4.20|3.97|3.76|4.06|4.02|3.63|3.70|3.05|3.84|3.62|4.00
MARVIN BERTRAN|01:640:135:31|4.20|3.97|3.76|4.06|4.02|3.63|3.70|3.05|3.84|3.62
SOFFER SARA|01:640:136:00|4.41|4.41|4.29|4.52|4.47|4.22|4.16|3.65|4.39|4.18
RAINSFORD AUGUSTA|01:640:138:00|4.55|4.44|4.14|4.60|4.45|4.14|4.11|3.34|4.35|3.99
TEIXEIRA KATIUSCIA|01:640:138:00|4.55|4.44|4.14|4.60|4.45|4.14|4.11|3.34|4.35|3.99
PETERSON STEPHEN|01:640:151:00|4.57|4.26|3.95|4.31|4.15|3.85|4.00|3.44|4.13|3.94|5.00|5.00|5.00
LIPPER EDWARD|01:640:151:00|4.57|4.26|3.95|4.31|4.15|3.85|4.00|3.44|4.13|3.94
KNOP FRIEDRICH|01:640:151:00|4.57|4.26|3.95|4.31|4.15|3.85|4.00|3.44|4.13|3.94|5.00
WEINGART MICHAEL|01:640:152:00|4.35|4.26|3.98|4.34|4.11|3.91|4.02|3.56|4.10|3.88
WEINGART MICHAEL|01:640:152:00|4.35|4.26|3.98|4.34|4.11|3.91|4.02|3.56|4.10|3.88|4.53|4.78|4.88|4.71|5.00|5.00|5.00|5.00|5.00
IRVINE WILLIAM|01:640:152:00|4.35|4.26|3.98|4.34|4.11|3.91|4.02|3.56|4.10|3.88
CORWIN NATHAN|01:640:152:00|4.35|4.26|3.98|4.34|4.11|3.91|4.02|3.56|4.10|3.88
SCHEFFER VLADIMIR|01:640:152:00|4.35|4.26|3.98|4.34|4.11|3.91|4.02|3.56|4.10|3.88|4.53|4.78|4.88|4.71|5.00|5.00|5.00|5.00|5.00
IRVING WILLIAM|01:640:152:00|4.35|4.26|3.98|4.34|4.11|3.91|4.02|3.56|4.10|3.88|4.53|4.78
CORWIN NATHAN|01:640:152:00|4.35|4.26|3.98|4.34|4.11|3.91|4.02|3.56|4.10|3.88
IRVINE WILLIAM|01:640:152:73|4.35|4.26|3.98|4.34|4.11|3.91|4.02|3.56|4.10|3.88
ONAN MICHAEL|01:640:152:74|4.35|4.26|3.98|4.34|4.11|3.91|4.02|3.56|4.10|3.88
KOMLOS J|01:640:196:01|4.78|4.70|4.56|4.80|4.75|4.90|4.50|4.20|4.67|4.44
CARRINGTON ENRIQUETA|01:640:196:01|4.78|4.70|4.56|4.80|4.75|4.90|4.50|4.20|4.67|4.44
PETRIE TED|01:640:244:00|4.13|3.85|3.54|3.98|3.72|3.58|3.71|3.31|3.80|3.55
TAHVILDARZADEH ASHADI|01:640:244:00|4.13|3.85|3.54|3.98|3.72|3.58|3.71|3.31|3.80|3.55
MACLAGAN DIANE|01:640:244:00|4.13|3.85|3.54|3.98|3.72|3.58|3.71|3.31|3.80|3.55
DEGOURNAY FREDERIC|01:640:244:00|4.13|3.85|3.54|3.98|3.72|3.58|3.71|3.31|3.80|3.55
BEALS MICHAEL|01:640:250:01|4.71|4.68|4.37|4.68|4.57|4.33|4.27|3.75|4.55|4.34
GONZALEZ EDUARDO|01:640:250:02|4.71|4.68|4.37|4.68|4.57|4.33|4.27|3.75|4.55|4.34|3.53
SHTELEN VLADIMIR|01:640:250:04|4.71|4.68|4.37|4.68|4.57|4.33|4.27|3.75|4.55|4.34
WEINGART MICHAEL|01:640:250:05|4.71|4.68|4.37|4.68|4.57|4.33|4.27|3.75|4.55|4.34
HAN ZC|01:640:250:11|4.71|4.68|4.37|4.68|4.57|4.33|4.27|3.75|4.55|4.34
DUTKAY DORIN|01:640:250:13|4.71|4.68|4.37|4.68|4.57|4.33|4.27|3.75|4.55|4.34|3.53
WEINGART MICHAEL|01:640:250:18|4.71|4.68|4.37|4.68|4.57|4.33|4.27|3.75|4.55|4.34
MACLAGAN DIANE|01:640:250:21|4.71|4.68|4.37|4.68|4.57|4.33|4.27|3.75|4.55|4.34|3.53|3.00
GOODMAN ROE|01:640:250:23|4.71|4.68|4.37|4.68|4.57|4.33|4.27|3.75|4.55|4.34|3.53|3.00
LEPOWSKY JAMES|01:640:251:00|4.55|4.55|4.33|4.59|4.39|4.29|4.34|3.91|4.46|4.23
GREENFIELD STEPHEN|01:640:251:00|4.55|4.55|4.33|4.59|4.39|4.29|4.34|3.91|4.46|4.23|3.91|3.92|2.88
GREENFIELD STEPHEN|01:640:251:00|4.55|4.55|4.33|4.59|4.39|4.29|4.34|3.91|4.46|4.23|3.91|3.92|2.88
TEODORESCU TITUS|01:640:251:00|4.55|4.55|4.33|4.59|4.39|4.29|4.34|3.91|4.46|4.23|3.91
BUMBY RICHARD|01:640:251:71|4.55|4.55|4.33|4.59|4.39|4.29|4.34|3.91|4.46|4.23
SHTELEN VLADIMIR|01:640:252:01|4.34|4.10|4.00|4.18|4.12|3.92|3.98|3.86|4.10|4.04
SONTAG EDUARDO|01:640:252:02|4.34|4.10|4.00|4.18|4.12|3.92|3.98|3.86|4.10|4.04
SHTELEN VLADIMIR|01:640:252:05|4.34|4.10|4.00|4.18|4.12|3.92|3.98|3.86|4.10|4.04
KIESSLING MICHAEL|01:640:252:08|4.34|4.10|4.00|4.18|4.12|3.92|3.98|3.86|4.10|4.04
COOK WILLIAM|01:640:291:01|4.56|4.67|3.56|4.67|4.94|3.72|4.39|4.11|4.06|4.17
TEIXEIRA EDUARDO|01:640:292:01|4.86|4.79|4.93|4.93|4.92|4.86|4.93|4.50|4.77|4.93
SAKS MICHAEL|01:640:300:01|4.47|4.23|4.02|4.26|3.98|3.95|4.00|3.70|4.03|3.95
SIMS CHARLES|01:640:300:02|4.47|4.23|4.02|4.26|3.98|3.95|4.00|3.70|4.03|3.95
CARRINGTON ENRIQUETA|01:640:300:05|4.47|4.23|4.02|4.26|3.98|3.95|4.00|3.70|4.03|3.95
ONAN MICHAEL|01:640:300:06|4.47|4.23|4.02|4.26|3.98|3.95|4.00|3.70|4.03|3.95
CARBONE LISA|01:640:300:08|4.47|4.23|4.02|4.26|3.98|3.95|4.00|3.70|4.03|3.95
SCHEFFER VLADIMIR|01:640:311:03|4.25|3.89|3.89|4.64|3.89|3.50|3.82|3.39|3.88|3.44
CARLEY HOLLY|01:640:311:05|4.25|3.89|3.89|4.64|3.89|3.50|3.82|3.39|3.88|3.44
COHEN AMY|01:640:312:01|4.88|5.00|4.88|5.00|5.00|4.88|5.00|5.00|4.86|4.86
OCONE DANIEL|01:640:338:01|4.33|4.42|3.67|4.67|4.50|3.58|3.75|3.33|4.00|3.75
MILLER STEPHEN|01:640:348:01|4.37|4.37|4.39|4.74|4.47|4.00|4.22|4.32|4.42|4.29
VASCONCELOS WOLMER|01:640:350:01|4.33|4.27|3.91|4.61|4.36|3.85|3.73|3.45|3.94|3.91|5.00
COOK WILLIAM|01:640:350:03|4.33|4.27|3.91|4.61|4.36|3.85|3.73|3.45|3.94|3.91
CHERLIN GREGORY|01:640:351:01|4.67|4.50|4.67|4.92|4.67|4.33|4.25|3.50|4.67|4.33
LYONS RICHARD|01:640:354:04|4.41|4.45|4.24|4.54|4.24|4.07|4.17|3.78|4.30|4.19|4.50
GURVICH VLADIMER|01:640:354:05|4.41|4.45|4.24|4.54|4.24|4.07|4.17|3.78|4.30|4.19
VOGELIUS MICHAEL|01:640:354:07|4.41|4.45|4.24|4.54|4.24|4.07|4.17|3.78|4.30|4.19
GOODMAN ROE|01:640:357:01|5.00|4.82|4.73|5.00|4.91|4.64|4.73|4.27|5.00|4.73|3.45|2.30|5.00
THOMAS SIMON|01:640:361:01|5.00|4.82|4.94|4.88|4.76|4.82|4.88|4.19|4.94|4.81
VOGELIUS MICHAEL|01:640:373:01|4.56|3.94|3.94|4.13|3.60|3.81|3.94|3.69|3.80|3.80
BUCH ANDERS|01:640:403:01|4.14|4.10|3.71|4.24|4.14|3.62|3.80|3.86|4.24|3.68
SOFFER AVRAHAM|01:640:403:02|4.14|4.10|3.71|4.24|4.14|3.62|3.80|3.86|4.24|3.68
BAHRI ABBAS|01:640:412:01|5.00|5.00|5.00|5.00|5.00|5.00|5.00|5.00|5.00|5.00
HAN ZHENGCHAO|01:640:421:01|4.42|4.29|3.88|4.43|4.40|4.07|4.09|3.78|4.31|4.06
BUMBY RICHARD|01:640:421:02|4.42|4.29|3.88|4.43|4.40|4.07|4.09|3.78|4.31|4.06
LANDWEAER PETER|01:640:421:03|4.42|4.29|3.88|4.43|4.40|4.07|4.09|3.78|4.31|4.06
BUTLER TERENCE|01:640:421:05|4.42|4.29|3.88|4.43|4.40|4.07|4.09|3.78|4.31|4.06
TEIXEIRA EDUARDO|01:640:423:01|4.60|4.50|4.60|4.70|4.90|4.20|4.50|3.80|4.60|4.40
GONZALEZ EDUARDO|01:640:432:01|4.50|4.50|4.83|5.00|5.00|5.00|4.83|4.83|4.67|4.80
TUNNELL JERROLD|01:640:436:01|3.89|3.56|3.39|3.72|3.67|3.22|3.89|4.22|3.39|3.50
LEPOWSKY JAMES|01:640:452:01|4.40|4.40|3.80|4.80|4.60|4.00|4.00|4.60|4.00|3.75
SCHLEIMER SAUL|01:640:461:01|4.67|4.50|4.00|4.50|3.92|3.58|3.83|4.00|4.08|3.92
GUNDY RICHARD|01:640:477:02|3.97|4.00|4.03|4.13|3.77|3.81|3.77|4.03|3.70|3.65
RADOICIC RADOS|01:640:477:04|3.97|4.00|4.03|4.13|3.77|3.81|3.77|4.03|3.70|3.65
PETRIE TED|01:640:478:01|2.33|2.50|2.75|3.25|3.73|2.58|2.75|4.25|2.27|2.91
SILLS ANDREW|01:640:481:01|4.83|5.00|4.61|5.00|4.91|4.59|4.50|4.00|4.83|4.59
WEBER KEITH|01:640:495:91|4.50|4.06|4.33|4.39|4.18|3.94|4.67|4.89|4.12|4.71
COHENCORWIN AMY|01:640:495:91|4.50|4.06|4.33|4.39|4.18|3.94|4.67|4.89|4.12|4.71
