MCDOWELL DOUGLAS|01:920:101:00|4.34|4.35|4.24|4.41|4.26|4.00|3.91|3.62|4.14|4.01|4.75|4.56|4.57|4.50
MCCLEAN PAUL|01:920:101:00|4.34|4.35|4.24|4.41|4.26|4.00|3.91|3.62|4.14|4.01
MCLEAN PAUL|01:920:101:00|4.34|4.35|4.24|4.41|4.26|4.00|3.91|3.62|4.14|4.01|4.75|4.56|4.57|4.50|3.33
RODRIGUEZ ROBYN|01:920:101:00|4.34|4.35|4.24|4.41|4.26|4.00|3.91|3.62|4.14|4.01
BODNARDEREN SUSAN|01:920:101:02|4.34|4.35|4.24|4.41|4.26|4.00|3.91|3.62|4.14|4.01|4.75|4.56|4.57
BONDARDEREN SUSAN|01:920:101:04|4.34|4.35|4.24|4.41|4.26|4.00|3.91|3.62|4.14|4.01|4.75
BONDARDEREN SUSAN|01:920:101:05|4.34|4.35|4.24|4.41|4.26|4.00|3.91|3.62|4.14|4.01|4.75|4.56|4.57|4.50|4.67|4.75|4.75|4.75|3.33
SINGH SOURABH|01:920:101:07|4.34|4.35|4.24|4.41|4.26|4.00|3.91|3.62|4.14|4.01
SINGH SOURABH|01:920:101:09|4.34|4.35|4.24|4.41|4.26|4.00|3.91|3.62|4.14|4.01
SINGH SOURABH|01:920:101:11|4.34|4.35|4.24|4.41|4.26|4.00|3.91|3.62|4.14|4.01|4.75|4.56
WITTE TRACIE|01:920:101:27|4.34|4.35|4.24|4.41|4.26|4.00|3.91|3.62|4.14|4.01|4.75|4.56|4.57|4.50|4.67|4.75|4.75|4.75
LEE CATHERINE|01:920:108:01|4.82|4.57|4.68|4.67|4.52|4.40|4.53|3.78|4.54|4.45
HANSELL STEPHEN|01:920:210:01|4.89|4.66|4.74|4.77|4.61|4.53|4.64|4.15|4.70|4.65|5.00|5.00|5.00|5.00|5.00|5.00|5.00|5.00|5.00
COVINGTON JEANETTE|01:920:222:01|4.48|4.18|4.10|4.14|4.15|3.83|3.95|3.91|4.01|3.95
CARR PATRICK|01:920:222:04|4.48|4.18|4.10|4.14|4.15|3.83|3.95|3.91|4.01|3.95
HIRSCHFIELD PAUL|01:920:222:05|4.48|4.18|4.10|4.14|4.15|3.83|3.95|3.91|4.01|3.95
RECK PAUL|01:920:222:06|4.48|4.18|4.10|4.14|4.15|3.83|3.95|3.91|4.01|3.95|5.00
WINEBERG HOWARD|01:920:227:01|4.05|4.07|4.24|4.35|4.33|3.70|3.80|3.12|4.00|3.90|3.00|2.80|3.00|3.00|3.00|3.00|4.00
SMITH RANDALL|01:920:248:01|4.65|4.35|4.26|4.39|4.32|3.75|4.21|3.92|4.06|3.85|4.00
ZERUBAVEL EVIATAR|01:920:283:01|4.26|4.17|4.15|3.98|3.77|3.75|3.98|3.60|3.98|3.81
STEIN ARLENE|01:920:292:01|3.84|4.31|4.20|4.46|4.29|3.84|3.73|3.81|3.88|3.79
BROOKS ETHEL|01:920:292:02|3.84|4.31|4.20|4.46|4.29|3.84|3.73|3.81|3.88|3.79
ROOS PATRICIA|01:920:298:71|4.91|4.82|4.83|4.91|4.82|4.64|4.67|4.09|4.80|4.60
IDLER ELLEN|01:920:303:01|4.67|4.69|4.49|4.79|4.43|4.30|4.18|3.46|4.49|4.38
SINGH SOURABH|01:920:304:01|4.01|4.03|3.91|4.08|3.98|3.71|3.65|3.95|3.76|3.78|3.50
RODRIGUEZ ROBYN|01:920:306:01|3.56|3.72|3.92|3.80|3.70|3.50|3.41|3.58|3.65|3.69|2.50|1.00|1.00|1.00|1.00|1.00|1.00
WINEBERG HOWARD|01:920:306:02|3.56|3.72|3.92|3.80|3.70|3.50|3.41|3.58|3.65|3.69|2.50
WINEBERG HOWARD|01:920:306:05|3.56|3.72|3.92|3.80|3.70|3.50|3.41|3.58|3.65|3.69|2.50
ROSENFIELD SARAH|01:920:307:01|4.75|4.64|4.53|4.71|4.65|4.31|4.35|4.15|4.51|4.51
HORWITZ ALLAN|01:920:307:02|4.75|4.64|4.53|4.71|4.65|4.31|4.35|4.15|4.51|4.51|5.00|5.00|5.00|5.00|5.00|5.00|5.00|5.00|5.00
RUDEL THOMAS|01:920:311:00|3.80|3.80|3.65|4.02|3.77|3.34|3.29|3.07|3.52|3.37
FRIEDMAN JUDITH|01:920:311:00|3.80|3.80|3.65|4.02|3.77|3.34|3.29|3.07|3.52|3.37
HOWELLWHITE SANDRA|01:920:311:00|3.80|3.80|3.65|4.02|3.77|3.34|3.29|3.07|3.52|3.37
MUCEN BARIS|01:920:311:03|3.80|3.80|3.65|4.02|3.77|3.34|3.29|3.07|3.52|3.37
MUCEN BARIS|01:920:311:04|3.80|3.80|3.65|4.02|3.77|3.34|3.29|3.07|3.52|3.37
CERULO KAREN|01:920:312:00|4.92|4.91|4.77|4.94|4.70|4.80|4.58|3.49|4.81|4.70
MITCHELL ELIZABETH|01:920:313:00|4.69|4.60|4.41|4.73|4.49|4.31|4.39|3.68|4.50|4.34
BOROCZ JOZSEF|01:920:313:00|4.69|4.60|4.41|4.73|4.49|4.31|4.39|3.68|4.50|4.34
DEGLOMA THOMAS|01:920:313:12|4.69|4.60|4.41|4.73|4.49|4.31|4.39|3.68|4.50|4.34|5.00
WILLIAMS RICHARD|01:920:314:00|4.27|4.23|4.07|4.49|4.03|3.84|3.87|3.55|4.03|3.91
MITCHELL ELIZABETH|01:920:314:00|4.27|4.23|4.07|4.49|4.03|3.84|3.87|3.55|4.03|3.91
MUCEN BARIS|01:920:314:07|4.27|4.23|4.07|4.49|4.03|3.84|3.87|3.55|4.03|3.91
ZABLOCKI BENJAMIN|01:920:319:01|4.65|4.42|4.55|4.65|4.31|4.39|4.39|3.70|4.38|4.34
PARELIUS ROBERT|01:920:323:01|4.06|4.37|4.05|4.50|3.90|3.79|3.95|4.32|3.89|3.72
PARELIUS ROBERT|01:920:345:01|4.21|4.36|3.62|4.29|4.00|3.50|3.64|3.64|3.79|3.50
MCDOWELL DOUGLAS|01:920:349:01|4.86|4.89|4.86|4.89|4.71|4.68|4.54|3.94|4.80|4.68
SCHUSTER SHERRIL|01:920:354:01|3.79|2.38|3.71|2.51|2.76|2.80|3.75|3.74|2.76|2.97
SCHUSTER SHERRIL|01:920:354:80|3.79|2.38|3.71|2.51|2.76|2.80|3.75|3.74|2.76|2.97
COVINGTON JEANETTE|01:920:361:01|4.34|3.66|3.80|3.71|3.53|3.44|4.13|4.06|3.74|3.84
IDLER ELLEN|01:920:399:01|5.00|5.00|5.00|5.00|5.00|5.00|5.00|4.60|5.00|5.00
WINEBERG HOWARD|01:920:410:01|3.80|3.95|3.80|3.90|4.20|3.75|3.65|4.25|3.85|3.85
CARR PATRICK|01:920:422:01|4.74|4.74|4.67|4.80|4.49|4.37|4.55|4.27|4.71|4.58|5.00|5.00
STEIN ARLENE|01:920:422:02|4.74|4.74|4.67|4.80|4.49|4.37|4.55|4.27|4.71|4.58
SMITH RANDALL|01:920:422:03|4.74|4.74|4.67|4.80|4.49|4.37|4.55|4.27|4.71|4.58
MITCHELL ELIZABETH|01:920:422:05|4.74|4.74|4.67|4.80|4.49|4.37|4.55|4.27|4.71|4.58
SCHUSTER SHERRIL|01:920:442:80|4.31|3.77|4.25|3.33|3.15|3.69|4.31|4.31|3.69|3.77
FRIEDMAN JUDITH|01:920:498:01|4.00|4.00|4.00|4.50|4.50|5.00|4.75|4.50|4.50
