ARSZULOWICZ      STANLEY|01:640:001:01|4.59|4.04|4.10|4.35|4.36|3.90|3.85|2.18|4.13|3.97
PAPALI              GILBERT|01:640:001:20|4.59|4.04|4.10|4.35|4.36|3.90|3.85|2.18|4.13|3.97
PAPALI              GILBERT|01:640:001:28|4.59|4.04|4.10|4.35|4.36|3.90|3.85|2.18|4.13|3.97|5.00
REITMANN            JOHN|01:640:023:01|4.89|4.44|4.72|4.33|4.33|4.61|4.56|3.61|4.63|4.38|5.00|5.00|5.00|5.00|5.00|5.00|5.00|5.00
ARSZULOWICZ         STANLEY|01:640:025:03|4.52|4.20|3.96|4.29|4.40|3.89|3.86|2.46|4.11|3.83
SCHWARTZ            SHARON|01:640:025:06|4.52|4.20|3.96|4.29|4.40|3.89|3.86|2.46|4.11|3.83
WILLIAMS            DAVID|01:640:025:10|4.52|4.20|3.96|4.29|4.40|3.89|3.86|2.46|4.11|3.83
SAFRAN              STEVEN|01:640:025:12|4.52|4.20|3.96|4.29|4.40|3.89|3.86|2.46|4.11|3.83
WILLIAMS            DAVID|01:640:025:14|4.52|4.20|3.96|4.29|4.40|3.89|3.86|2.46|4.11|3.83
PAPALI              GILBERT|01:640:025:20|4.52|4.20|3.96|4.29|4.40|3.89|3.86|2.46|4.11|3.83
KLEIN               BETH|01:640:025:25|4.52|4.20|3.96|4.29|4.40|3.89|3.86|2.46|4.11|3.83|4.78|5.00
PAPALI              GILBERT|01:640:025:28|4.52|4.20|3.96|4.29|4.40|3.89|3.86|2.46|4.11|3.83|4.78|5.00|5.00|5.00|5.00|5.00|5.00|5.00|5.00
COLLINS             ELIOT|01:640:025:31|4.52|4.20|3.96|4.29|4.40|3.89|3.86|2.46|4.11|3.83
MCNAMARA            ANNEMARIE|01:640:025:35|4.52|4.20|3.96|4.29|4.40|3.89|3.86|2.46|4.11|3.83|4.78|5.00|5.00|5.00|5.00|5.00|5.00|5.00|5.00
EVANS               JUDITH|01:640:025:38|4.52|4.20|3.96|4.29|4.40|3.89|3.86|2.46|4.11|3.83
REITMANN            JOHN|01:640:025:40|4.52|4.20|3.96|4.29|4.40|3.89|3.86|2.46|4.11|3.83|4.78|5.00|5.00|5.00|5.00|5.00|5.00|5.00|5.00
OROURKE             JEANETTE|01:640:025:46|4.52|4.20|3.96|4.29|4.40|3.89|3.86|2.46|4.11|3.83|4.78|5.00|5.00|5.00|5.00|5.00|5.00|5.00|5.00
OROURKE             JEANNETTE|01:640:025:48|4.52|4.20|3.96|4.29|4.40|3.89|3.86|2.46|4.11|3.83|4.78
URBANSKI            ROBERT|01:640:026:03|4.46|4.19|4.05|4.21|4.37|3.99|3.82|2.61|4.07|3.81
DODD                JENNIFER|01:640:026:10|4.46|4.19|4.05|4.21|4.37|3.99|3.82|2.61|4.07|3.81|5.00
JONES               MARGARET|01:640:026:12|4.46|4.19|4.05|4.21|4.37|3.99|3.82|2.61|4.07|3.81
KINKHABWALA         RITA|01:640:026:15|4.46|4.19|4.05|4.21|4.37|3.99|3.82|2.61|4.07|3.81
SCHWARTZ            SHARON|01:640:026:16|4.46|4.19|4.05|4.21|4.37|3.99|3.82|2.61|4.07|3.81
MARVIN              MARY|01:640:026:19|4.46|4.19|4.05|4.21|4.37|3.99|3.82|2.61|4.07|3.81|4.50
SAFRAN              STEVEN|01:640:026:22|4.46|4.19|4.05|4.21|4.37|3.99|3.82|2.61|4.07|3.81
HOROWITZ            DIANA|01:640:026:30|4.46|4.19|4.05|4.21|4.37|3.99|3.82|2.61|4.07|3.81
JONES               MARGARET|01:640:026:32|4.46|4.19|4.05|4.21|4.37|3.99|3.82|2.61|4.07|3.81
YACHES              EDGAR|01:640:026:34|4.46|4.19|4.05|4.21|4.37|3.99|3.82|2.61|4.07|3.81
DACOSTA             LESLIE|01:640:026:35|4.46|4.19|4.05|4.21|4.37|3.99|3.82|2.61|4.07|3.81
DACOSTA             LESLIE|01:640:026:37|4.46|4.19|4.05|4.21|4.37|3.99|3.82|2.61|4.07|3.81
YACHES              EDGAR|01:640:026:39|4.46|4.19|4.05|4.21|4.37|3.99|3.82|2.61|4.07|3.81
KABUS               IRWIN|01:640:026:40|4.46|4.19|4.05|4.21|4.37|3.99|3.82|2.61|4.07|3.81
KABUS               IRWIN|01:640:026:42|4.46|4.19|4.05|4.21|4.37|3.99|3.82|2.61|4.07|3.81
BRAVERMAN           HARVEY|01:640:026:50|4.46|4.19|4.05|4.21|4.37|3.99|3.82|2.61|4.07|3.81
PETERSON            STEPHEN|01:640:026:54|4.46|4.19|4.05|4.21|4.37|3.99|3.82|2.61|4.07|3.81
FISHER              RANDOLPH|01:640:026:56|4.46|4.19|4.05|4.21|4.37|3.99|3.82|2.61|4.07|3.81
SCHEIMAN            DAVID|01:640:026:57|4.46|4.19|4.05|4.21|4.37|3.99|3.82|2.61|4.07|3.81|4.50
MUKHERJEE           ARUN|01:640:026:62|4.46|4.19|4.05|4.21|4.37|3.99|3.82|2.61|4.07|3.81
AMODIO              JAMES|01:640:026:63|4.46|4.19|4.05|4.21|4.37|3.99|3.82|2.61|4.07|3.81
FISHER              RANDOLPH|01:640:026:64|4.46|4.19|4.05|4.21|4.37|3.99|3.82|2.61|4.07|3.81
HOROWITZ            DIANA|01:640:027:01|4.56|4.41|3.74|4.39|4.41|3.93|3.58|1.84|4.24|3.81
ZADERMAN            YURI|01:640:027:02|4.56|4.41|3.74|4.39|4.41|3.93|3.58|1.84|4.24|3.81
EVANS               JUDITH|01:640:027:03|4.56|4.41|3.74|4.39|4.41|3.93|3.58|1.84|4.24|3.81
LINDBOE             THERESA|01:640:027:04|4.56|4.41|3.74|4.39|4.41|3.93|3.58|1.84|4.24|3.81
LINDBOE             THERESA|01:640:027:05|4.56|4.41|3.74|4.39|4.41|3.93|3.58|1.84|4.24|3.81
ZADERMAN            YURI|01:640:027:06|4.56|4.41|3.74|4.39|4.41|3.93|3.58|1.84|4.24|3.81
KINKHABWALA         RITA|01:640:027:08|4.56|4.41|3.74|4.39|4.41|3.93|3.58|1.84|4.24|3.81
COLLINS             ELIOT|01:640:027:12|4.56|4.41|3.74|4.39|4.41|3.93|3.58|1.84|4.24|3.81
IRVINE              WILLIAM|01:640:103:04|4.36|4.10|4.00|4.36|4.34|3.90|3.70|2.48|4.05|3.72
BERKOWITZ           JERRY|01:640:103:06|4.36|4.10|4.00|4.36|4.34|3.90|3.70|2.48|4.05|3.72|4.50
NOONE               KEVIN|01:640:103:07|4.36|4.10|4.00|4.36|4.34|3.90|3.70|2.48|4.05|3.72
TEIXEIRA            KATIVSCIA|01:640:103:10|4.36|4.10|4.00|4.36|4.34|3.90|3.70|2.48|4.05|3.72|4.50|5.00|5.00|5.00|5.00|5.00|5.00|5.00|5.00
CORWIN              NATHAN|01:640:103:14|4.36|4.10|4.00|4.36|4.34|3.90|3.70|2.48|4.05|3.72
SOFFER              SARA|01:640:103:18|4.36|4.10|4.00|4.36|4.34|3.90|3.70|2.48|4.05|3.72
BERKOWITZ           JERRY|01:640:103:20|4.36|4.10|4.00|4.36|4.34|3.90|3.70|2.48|4.05|3.72|4.50
SANDERSON           YASMINE|01:640:103:25|4.36|4.10|4.00|4.36|4.34|3.90|3.70|2.48|4.05|3.72
SANDERSON           YASMINE|01:640:103:27|4.36|4.10|4.00|4.36|4.34|3.90|3.70|2.48|4.05|3.72
MILLER              STEPHEN|01:640:103:71|4.36|4.10|4.00|4.36|4.34|3.90|3.70|2.48|4.05|3.72
BEALS               MICHAEL|01:640:107:01|4.87|4.91|4.61|4.91|4.82|4.70|4.52|3.50|4.86|4.50
SCHEIMAN            DAVID|01:640:111:00|4.28|4.05|3.83|4.23|3.98|3.74|3.66|2.83|3.90|3.68|4.00
SAFRAN              STEVEN|01:640:111:00|4.28|4.05|3.83|4.23|3.98|3.74|3.66|2.83|3.90|3.68|3.78|3.75|4.00|4.00|5.00|4.00|4.50|5.00|5.00
ZADERMAN            YURI|01:640:111:00|4.28|4.05|3.83|4.23|3.98|3.74|3.66|2.83|3.90|3.68
SAFRAN              STEVEN|01:640:111:00|4.28|4.05|3.83|4.23|3.98|3.74|3.66|2.83|3.90|3.68|3.78
HOROWITZ            DIANA|01:640:111:00|4.28|4.05|3.83|4.23|3.98|3.74|3.66|2.83|3.90|3.68
HOROWITZ            DIANA|01:640:111:00|4.28|4.05|3.83|4.23|3.98|3.74|3.66|2.83|3.90|3.68|3.78|3.75|4.00|4.00
PALUMBO             JUSTIN|01:640:111:01|4.28|4.05|3.83|4.23|3.98|3.74|3.66|2.83|3.90|3.68|3.78
MARVIN              MARY|01:640:111:03|4.28|4.05|3.83|4.23|3.98|3.74|3.66|2.83|3.90|3.68
MARVIN              MARY|01:640:111:04|4.28|4.05|3.83|4.23|3.98|3.74|3.66|2.83|3.90|3.68
YAN                 AMANDA|01:640:111:05|4.28|4.05|3.83|4.23|3.98|3.74|3.66|2.83|3.90|3.68|3.78|3.75|4.00|4.00|4.00|4.50|5.00|5.00
SOSA                JOSE|01:640:111:06|4.28|4.05|3.83|4.23|3.98|3.74|3.66|2.83|3.90|3.68
SOSA                JOSE|01:640:111:07|4.28|4.05|3.83|4.23|3.98|3.74|3.66|2.83|3.90|3.68
SOSA                JOSE|01:640:111:08|4.28|4.05|3.83|4.23|3.98|3.74|3.66|2.83|3.90|3.68
KOTHARI             MANGALA|01:640:111:18|4.28|4.05|3.83|4.23|3.98|3.74|3.66|2.83|3.90|3.68
KOTHARI             MANGALA|01:640:111:19|4.28|4.05|3.83|4.23|3.98|3.74|3.66|2.83|3.90|3.68
KOTHARI             MANGALA|01:640:111:20|4.28|4.05|3.83|4.23|3.98|3.74|3.66|2.83|3.90|3.68|3.78|3.75
CHEN                JESSICA|01:640:111:22|4.28|4.05|3.83|4.23|3.98|3.74|3.66|2.83|3.90|3.68
KOTHARI             MANGALA|01:640:111:23|4.28|4.05|3.83|4.23|3.98|3.74|3.66|2.83|3.90|3.68
KOTHARI             MANGALA|01:640:111:24|4.28|4.05|3.83|4.23|3.98|3.74|3.66|2.83|3.90|3.68
KOTHARI             MANGALA|01:640:111:25|4.28|4.05|3.83|4.23|3.98|3.74|3.66|2.83|3.90|3.68
MATEESCU            VINCENT|01:640:111:45|4.28|4.05|3.83|4.23|3.98|3.74|3.66|2.83|3.90|3.68|3.78
MATEESCU            VINCENT|01:640:111:46|4.28|4.05|3.83|4.23|3.98|3.74|3.66|2.83|3.90|3.68
MATEESCU            VINCENT|01:640:111:47|4.28|4.05|3.83|4.23|3.98|3.74|3.66|2.83|3.90|3.68
ZADERMAN            YURI|01:640:112:00|4.44|4.35|4.14|4.44|4.36|4.09|4.10|3.12|4.32|3.98
BRAVERMAN           HARVEY|01:640:112:00|4.44|4.35|4.14|4.44|4.36|4.09|4.10|3.12|4.32|3.98
ASTEL               MATTHEW|01:640:112:07|4.44|4.35|4.14|4.44|4.36|4.09|4.10|3.12|4.32|3.98
ZHAI                MO|01:640:112:10|4.44|4.35|4.14|4.44|4.36|4.09|4.10|3.12|4.32|3.98
PARKS               JOHN|01:640:115:00|4.22|4.05|3.83|4.12|4.23|3.75|3.66|2.93|3.91|3.70
KLEIN               RICHARD|01:640:115:00|4.22|4.05|3.83|4.12|4.23|3.75|3.66|2.93|3.91|3.70|4.63|4.57|4.57|4.57|4.57|4.57|4.57|4.50|4.57
HIRSCH              LEWIS|01:640:115:00|4.22|4.05|3.83|4.12|4.23|3.75|3.66|2.93|3.91|3.70
PARKS               JOHN|01:640:115:00|4.22|4.05|3.83|4.12|4.23|3.75|3.66|2.93|3.91|3.70
LIPPER              EDWARD|01:640:115:00|4.22|4.05|3.83|4.12|4.23|3.75|3.66|2.93|3.91|3.70
URBANSKI            ROBERT|01:640:115:00|4.22|4.05|3.83|4.12|4.23|3.75|3.66|2.93|3.91|3.70
KLEIN               RICHARD|01:640:115:00|4.22|4.05|3.83|4.12|4.23|3.75|3.66|2.93|3.91|3.70
FREIDENREICH        AVI|01:640:115:01|4.22|4.05|3.83|4.12|4.23|3.75|3.66|2.93|3.91|3.70
DEVLETIAN           DANIELLE|01:640:115:06|4.22|4.05|3.83|4.12|4.23|3.75|3.66|2.93|3.91|3.70|4.63|4.57|4.57|4.57|4.57|4.57|4.57|4.50|4.57
BRITZ               DAVID|01:640:115:07|4.22|4.05|3.83|4.12|4.23|3.75|3.66|2.93|3.91|3.70
BRITZ               DAVID|01:640:115:08|4.22|4.05|3.83|4.12|4.23|3.75|3.66|2.93|3.91|3.70
BRITZ               DAVID|01:640:115:09|4.22|4.05|3.83|4.12|4.23|3.75|3.66|2.93|3.91|3.70|4.63|4.57|4.57|4.57|4.57|4.57|4.57|4.50|4.57
GEVERTZ             JANA|01:640:115:17|4.22|4.05|3.83|4.12|4.23|3.75|3.66|2.93|3.91|3.70
COUMARBATCH         CYRIL|01:640:115:18|4.22|4.05|3.83|4.12|4.23|3.75|3.66|2.93|3.91|3.70
COUMARBATCH         CYRIL|01:640:115:19|4.22|4.05|3.83|4.12|4.23|3.75|3.66|2.93|3.91|3.70
COUMARBATCH         CYRIL|01:640:115:20|4.22|4.05|3.83|4.12|4.23|3.75|3.66|2.93|3.91|3.70
SIEGEL              CHARLES|01:640:115:26|4.22|4.05|3.83|4.12|4.23|3.75|3.66|2.93|3.91|3.70
SUBASI              MINE|01:640:115:30|4.22|4.05|3.83|4.12|4.23|3.75|3.66|2.93|3.91|3.70
SUBASI              MINE|01:640:115:31|4.22|4.05|3.83|4.12|4.23|3.75|3.66|2.93|3.91|3.70
SUBASI              MUNEVVER|01:640:115:32|4.22|4.05|3.83|4.12|4.23|3.75|3.66|2.93|3.91|3.70
TAKHTOVICH          ANDREYT|01:640:115:33|4.22|4.05|3.83|4.12|4.23|3.75|3.66|2.93|3.91|3.70|4.63|4.57|4.57|4.57|4.57|4.57|4.57|4.50|4.57
WOLF                JOSEPH|01:640:115:45|4.22|4.05|3.83|4.12|4.23|3.75|3.66|2.93|3.91|3.70
SOFFER              SARA|01:640:135:00|4.29|4.07|3.82|4.28|4.23|3.78|3.70|3.15|3.91|3.72|4.06|4.04|4.16|4.10|4.16|4.11|4.16|4.25|4.33
RAINSFORD           AUGUSTA|01:640:135:00|4.29|4.07|3.82|4.28|4.23|3.78|3.70|3.15|3.91|3.72|4.06
SIMS                CHARLES|01:640:135:00|4.29|4.07|3.82|4.28|4.23|3.78|3.70|3.15|3.91|3.72|4.06|4.04|4.16|4.10|4.16|4.11|4.16|4.25|4.33
NOONE               KEVIN|01:640:135:00|4.29|4.07|3.82|4.28|4.23|3.78|3.70|3.15|3.91|3.72
BERKOWITZ           JERRY|01:640:135:00|4.29|4.07|3.82|4.28|4.23|3.78|3.70|3.15|3.91|3.72
BERKOWITZ           JERRY|01:640:135:00|4.29|4.07|3.82|4.28|4.23|3.78|3.70|3.15|3.91|3.72
BALABAN             TADEUSZ|01:640:135:00|4.29|4.07|3.82|4.28|4.23|3.78|3.70|3.15|3.91|3.72|4.06|4.04|4.16|4.10|4.16|4.11|4.16|4.25|4.33
SHTELEN             VLADIMIR|01:640:135:00|4.29|4.07|3.82|4.28|4.23|3.78|3.70|3.15|3.91|3.72
TEIXEIRA            KATIUSCIA|01:640:135:00|4.29|4.07|3.82|4.28|4.23|3.78|3.70|3.15|3.91|3.72
TEIXEIRA            KATIUSCIA|01:640:135:00|4.29|4.07|3.82|4.28|4.23|3.78|3.70|3.15|3.91|3.72|4.06|4.04|4.16|4.10|4.16|4.11|4.16|4.25|4.33
TAHVILDARZADEH      ABDOLREZA|01:640:135:00|4.29|4.07|3.82|4.28|4.23|3.78|3.70|3.15|3.91|3.72
LIPPER              EDWARD|01:640:135:00|4.29|4.07|3.82|4.28|4.23|3.78|3.70|3.15|3.91|3.72
SOFFER              SARA|01:640:135:00|4.29|4.07|3.82|4.28|4.23|3.78|3.70|3.15|3.91|3.72
CHANILLO            SAGUN|01:640:135:00|4.29|4.07|3.82|4.28|4.23|3.78|3.70|3.15|3.91|3.72
SHTELEN             VLADIMIR|01:640:135:00|4.29|4.07|3.82|4.28|4.23|3.78|3.70|3.15|3.91|3.72
MUKKAMAL            PADMINI|01:640:135:27|4.29|4.07|3.82|4.28|4.23|3.78|3.70|3.15|3.91|3.72
LI                  NAN|01:640:135:48|4.29|4.07|3.82|4.28|4.23|3.78|3.70|3.15|3.91|3.72|4.06|4.04|4.16|4.10|4.16|4.11|4.16|4.25|4.33
LI                  NAN|01:640:135:49|4.29|4.07|3.82|4.28|4.23|3.78|3.70|3.15|3.91|3.72
LI                  NAN|01:640:135:50|4.29|4.07|3.82|4.28|4.23|3.78|3.70|3.15|3.91|3.72
MARVIN              BERTRAN|01:640:135:51|4.29|4.07|3.82|4.28|4.23|3.78|3.70|3.15|3.91|3.72
MARVIN              BERTRAN|01:640:135:52|4.29|4.07|3.82|4.28|4.23|3.78|3.70|3.15|3.91|3.72|4.06|4.04|4.16|4.10|4.16|4.11|4.16|4.25|4.33
MARVIN              BERTRAN|01:640:135:53|4.29|4.07|3.82|4.28|4.23|3.78|3.70|3.15|3.91|3.72
SUBASI              MUNEVVER|01:640:135:57|4.29|4.07|3.82|4.28|4.23|3.78|3.70|3.15|3.91|3.72|4.06|4.04|4.16|4.10
SUBASI              MUNEVVER|01:640:135:58|4.29|4.07|3.82|4.28|4.23|3.78|3.70|3.15|3.91|3.72
RAINSFORD           AUGUSTA|01:640:136:00|4.29|4.07|3.82|4.28|4.23|3.78|3.70|3.15|3.91|3.72
KIESSLING           MICHAEL|01:640:151:00|4.15|4.01|3.69|4.14|3.96|3.63|3.64|3.61|3.80|3.70
WHEEDEN             RICHARD|01:640:151:00|4.15|4.01|3.69|4.14|3.96|3.63|3.64|3.61|3.80|3.70|2.33|2.00
KNOP                FRIEDRICH|01:640:151:00|4.15|4.01|3.69|4.14|3.96|3.63|3.64|3.61|3.80|3.70
CORWIN              NATHAN|01:640:151:00|4.15|4.01|3.69|4.14|3.96|3.63|3.64|3.61|3.80|3.70
HUANG               XIAJUN|01:640:151:00|4.15|4.01|3.69|4.14|3.96|3.63|3.64|3.61|3.80|3.70
GONZALEZ            EDUARDO|01:640:151:00|4.15|4.01|3.69|4.14|3.96|3.63|3.64|3.61|3.80|3.70
PETRIE              TED|01:640:151:00|4.15|4.01|3.69|4.14|3.96|3.63|3.64|3.61|3.80|3.70
COHENCORWIN         AMY|01:640:151:00|4.15|4.01|3.69|4.14|3.96|3.63|3.64|3.61|3.80|3.70|2.33|5.00
ZHEREBTSOV          ANDREI|01:640:151:28|4.15|4.01|3.69|4.14|3.96|3.63|3.64|3.61|3.80|3.70
ZHEREBTSOV          ANDREI|01:640:151:29|4.15|4.01|3.69|4.14|3.96|3.63|3.64|3.61|3.80|3.70
ZHEREBTSOV          ANDREI|01:640:151:30|4.15|4.01|3.69|4.14|3.96|3.63|3.64|3.61|3.80|3.70
TUNNELL             JERROLD|01:640:151:71|4.15|4.01|3.69|4.14|3.96|3.63|3.64|3.61|3.80|3.70
ROSENSTEIN          JOSEPH|01:640:151:72|4.15|4.01|3.69|4.14|3.96|3.63|3.64|3.61|3.80|3.70
ONAN                MICHAEL|01:640:152:00|4.39|4.28|3.98|4.34|3.86|3.83|3.95|3.57|4.09|3.77
TAHVILDARZADEH      ABDOLRE|01:640:152:00|4.39|4.28|3.98|4.34|3.86|3.83|3.95|3.57|4.09|3.77
SCHEFFER            VLADIMIR|01:640:152:00|4.39|4.28|3.98|4.34|3.86|3.83|3.95|3.57|4.09|3.77
IRVINE              WILLIAM|01:640:152:00|4.39|4.28|3.98|4.34|3.86|3.83|3.95|3.57|4.09|3.77
IRVINE              WILLIAM|01:640:152:00|4.39|4.28|3.98|4.34|3.86|3.83|3.95|3.57|4.09|3.77
NUSSBAUM            ROGER|01:640:152:71|4.39|4.28|3.98|4.34|3.86|3.83|3.95|3.57|4.09|3.77
CARRINGTON          ENRIQUETA|01:640:192:01|4.61|4.62|4.05|4.72|4.43|4.28|4.28|4.15|4.49|4.46
FERRY               STEVEN|01:640:192:02|4.61|4.62|4.05|4.72|4.43|4.28|4.28|4.15|4.49|4.46
GAMEIRO             MARCIO|01:640:244:00|4.61|4.59|4.22|4.67|4.56|4.28|4.43|3.71|4.56|4.27
SPEER               EUGENE|01:640:244:00|4.61|4.59|4.22|4.67|4.56|4.28|4.43|3.71|4.56|4.27
MUNSHI              RITABRATA|01:640:250:01|4.31|4.11|3.80|4.25|4.06|3.68|3.90|3.66|3.98|3.89
CARLEY        HOLLY|01:640:250:03|4.26|4.55|4.00|4.70|4.32|4.05|4.05|3.15|4.05|3.89
COOK                WILLIAM|01:640:250:04|4.31|4.11|3.80|4.25|4.06|3.68|3.90|3.66|3.98|3.89
PUEL                NARJOLAINE|01:640:250:11|4.31|4.11|3.80|4.25|4.06|3.68|3.90|3.66|3.98|3.89
SHTELEN             VLADIMIR|01:640:250:18|4.31|4.11|3.80|4.25|4.06|3.68|3.90|3.66|3.98|3.89
WOODWARD            CHRIS|01:640:250:21|4.31|4.11|3.80|4.25|4.06|3.68|3.90|3.66|3.98|3.89
VASCONCELOS         WOLMER|01:640:250:22|4.31|4.11|3.80|4.25|4.06|3.68|3.90|3.66|3.98|3.89
PETRIE              TED|01:640:251:00|4.46|4.41|4.16|4.49|4.37|4.13|4.20|3.92|4.29|4.01
SHTELEN             VLADIMIR|01:640:251:00|4.46|4.41|4.16|4.49|4.37|4.13|4.20|3.92|4.29|4.01|3.68|3.33|3.67|3.43|3.08|3.77|3.91|4.00|3.43
LUO                 FENG|01:640:251:00|4.46|4.41|4.16|4.49|4.37|4.13|4.20|3.92|4.29|4.01
GUNDY               RICHARD|01:640:251:00|4.46|4.41|4.16|4.49|4.37|4.13|4.20|3.92|4.29|4.01
PUDWALL             LARA|01:640:251:04|4.46|4.41|4.16|4.49|4.37|4.13|4.20|3.92|4.29|4.01|3.68
SCHLEIMER           SAUL|01:640:251:71|4.46|4.41|4.16|4.49|4.37|4.13|4.20|3.92|4.29|4.01|3.68
SILLS               ANDREW|01:640:252:01|4.91|4.83|4.61|4.91|4.91|4.87|4.77|4.22|4.83|4.77|5.00|5.00|5.00|5.00
ONAN                MICHAEL|01:640:300:01|4.58|4.23|3.91|4.25|3.84|3.63|4.07|3.64|3.93|3.84
WOODWARD            CHRIS|01:640:300:02|4.58|4.23|3.91|4.25|3.84|3.63|4.07|3.64|3.93|3.84
SCHEFFER            VLADIMIR|01:640:300:03|4.58|4.23|3.91|4.25|3.84|3.63|4.07|3.64|3.93|3.84
SIMS                CHARLES|01:640:300:04|4.58|4.23|3.91|4.25|3.84|3.63|4.07|3.64|3.93|3.84
MUNSHI              RITABRATA|01:640:311:01|4.74|4.65|4.38|4.50|4.06|4.32|4.29|3.64|4.64|4.27
WEINGART            MICHAEL|01:640:311:02|4.74|4.65|4.38|4.50|4.06|4.32|4.29|3.64|4.64|4.27
BUMBY               RICHARD|01:640:321:01|3.85|4.00|3.77|4.54|4.46|4.00|3.85|4.23|4.08|4.08
SONTAG              EDUARDO|01:640:336:01|4.44|4.56|4.61|4.61|4.22|4.44|4.44|4.39|4.47|4.53
VASCONCALOS         WOLMER|01:640:350:01|4.59|4.40|4.23|4.67|4.47|4.00|4.14|4.00|4.37|4.10|5.00
WILSON              ROBERT|01:640:350:02|4.59|4.40|4.23|4.67|4.47|4.00|4.14|4.00|4.37|4.10
COOK                WILLIAM|01:640:351:03|4.69|4.75|4.38|4.87|4.75|4.31|3.94|2.50|4.47|3.87
SILLS               ANDREW|01:640:356:01|4.56|4.81|4.56|4.69|4.50|4.19|4.38|3.81|4.50|4.44
SCHLEIMER           SAUL|01:640:361:01|5.00|5.00|4.78|5.00|4.44|4.67|4.89|4.56|4.89|4.89
VOGELIUS            MICHAEL|01:640:373:01|4.70|4.27|3.70|4.09|4.10|3.55|4.18|3.70|3.91|3.73
SPEER               EUGENE|01:640:411:01|5.00|4.90|4.50|4.90|4.30|4.30|4.40|4.50|4.80|4.70
BUTLER              TERENCE|01:640:421:01|4.22|4.13|3.99|4.10|4.24|3.81|4.10|3.68|4.08|3.84
NUSSBAUM            ROGER|01:640:421:02|4.22|4.13|3.99|4.10|4.24|3.81|4.10|3.68|4.08|3.84
LANDWEBER           PETER|01:640:421:03|4.22|4.13|3.99|4.10|4.24|3.81|4.10|3.68|4.08|3.84
SOFFER              AVY|01:640:421:04|4.22|4.13|3.99|4.10|4.24|3.81|4.10|3.68|4.08|3.84|5.00
HUANG               YIZHI|01:640:423:01|4.00|4.06|3.47|4.65|4.65|3.47|3.53|3.65|3.88|3.47
BECK                JOZSEF|01:640:428:01|3.33|3.54|3.74|3.42|3.67|3.17|3.17|3.67|3.29|3.22
HAN                 ZHENGCHAO|01:640:435:01|4.54|4.39|4.50|4.50|4.56|4.14|4.00|3.75|4.26|4.15
HUANG               XIAOTUN|01:640:435:04|4.54|4.39|4.50|4.50|4.56|4.14|4.00|3.75|4.26|4.15
LUO                 FENG|01:640:451:01|4.45|4.55|3.91|4.64|4.55|3.91|3.36|4.50|4.00|3.90|5.00
BOROS               ENDRE|01:640:453:01|4.86|4.71|4.50|4.64|4.21|4.50|4.62|4.29|4.67|4.55
BECK                JOZSEF|01:640:454:01|4.14|4.43|4.76|4.81|4.33|4.38|4.38|4.29|4.67|4.43
MILLER              STEVEN|01:640:477:01|4.05|3.97|3.76|4.13|3.92|3.58|3.55|3.38|3.65|3.65
GOLDSTEIN           SHELDON|01:640:477:03|4.05|3.97|3.76|4.13|3.92|3.58|3.55|3.38|3.65|3.65
