WALKER              JANET|01:195:101:00|4.45|4.15|4.13|4.25|4.14|3.87|4.04|3.43|4.14|4.06|4.00
WALKER              JANET|01:195:101:02|4.45|4.15|4.13|4.25|4.14|3.87|4.04|3.43|4.14|4.06|4.00
TOYMENTSEV          SERGEX|01:195:101:04|4.45|4.15|4.13|4.25|4.14|3.87|4.04|3.43|4.14|4.06
SANDRA              SOKOWSKI|01:195:101:05|4.45|4.15|4.13|4.25|4.14|3.87|4.04|3.43|4.14|4.06
BARCHANT            MARIE|01:195:101:06|4.45|4.15|4.13|4.25|4.14|3.87|4.04|3.43|4.14|4.06
UHLIROVA            ROMANA|01:195:135:01|4.42|4.13|4.15|4.40|4.54|4.02|3.91|3.85|4.12|4.10
CHUNG               YENCHEN|01:195:135:03|4.42|4.13|4.15|4.40|4.54|4.02|3.91|3.85|4.12|4.10
UHLIROVA            ROMANA|01:195:135:04|4.42|4.13|4.15|4.40|4.54|4.02|3.91|3.85|4.12|4.10
DEDES               HELEN|01:195:150:01|4.12|4.04|4.16|4.10|3.94|3.85|3.79|3.57|3.92|3.81
KATHLEEN            SCLAFANI|01:195:150:05|4.12|4.04|4.16|4.10|3.94|3.85|3.79|3.57|3.92|3.81
DEDES               HELEN|01:195:150:06|4.12|4.04|4.16|4.10|3.94|3.85|3.79|3.57|3.92|3.81
INFANSE             IGNACIO|01:195:203:01|4.94|5.00|5.00|5.00|4.82|4.94|4.94|4.31|5.00|4.82
ALEKSZC             TATJANO|01:195:241:01|4.50|5.00|5.00|4.50|3.50|4.00|4.50|3.50|4.50|4.50
WALKER              JANET|01:195:249:01|4.84|4.80|4.52|4.76|4.72|4.13|4.36|4.00|4.42|4.24
EISENZWEIG          URI|01:195:301:01|3.89|3.84|3.95|4.47|3.95|3.63|3.58|3.20|3.79|3.68
FLITTERMANLEWIS     SANDY|01:195:320:01|3.40|4.50|4.40|4.40|4.22|3.64|3.90|3.40|4.00|3.90|4.00|1.71|3.00|2.43|3.00|4.14
SAITO               SATORU|01:195:321:02|4.83|4.91|4.67|4.83|4.08|4.50|4.25|4.25|4.75|4.58
WALRER              STEVEN|01:195:346:01|4.43|4.71|4.86|4.57|4.57|4.57|4.57|3.86|4.86|4.57|3.33|2.67|3.00|4.25|2.75|4.50
BLAIM               ARTUR|01:195:397:01|4.79|4.71|4.86|4.64|4.50|4.07|4.57|4.21|4.38|4.69|5.00|5.00|5.00|5.00|5.00|5.00|5.00|5.00|5.00
RENNIE              NICHOLAS|01:195:398:01|4.50|4.50|4.40|4.60|4.40|4.33|4.50|3.83|4.50|4.40|4.33|4.33|3.00|4.00
