OBAYASHI HIROSHI|01:840:112:01|4.11|3.48|3.97|3.89|3.69|3.36|3.71|3.59|3.58|3.67|2.00
GREEN ALBERTO|01:840:201:01|4.40|4.51|4.56|4.69|4.13|4.24|4.30|4.20|4.30|4.27
ROBERTSON WARREN|01:840:201:02|4.40|4.51|4.56|4.69|4.13|4.24|4.30|4.20|4.30|4.27
ROBERTSON WARREN|01:840:201:03|4.40|4.51|4.56|4.69|4.13|4.24|4.30|4.20|4.30|4.27
SMITH MAHLON|01:840:202:01|4.61|4.47|4.28|4.59|4.49|4.08|4.40|4.26|4.44|4.32
GIBSON LEIGH|01:840:202:02|4.61|4.47|4.28|4.59|4.49|4.08|4.40|4.26|4.44|4.32
GIBSON LEIGH|01:840:202:03|4.61|4.47|4.28|4.59|4.49|4.08|4.40|4.26|4.44|4.32
PAVLIN JAMES|01:840:203:01|4.76|4.80|4.52|4.80|4.75|4.52|4.60|4.32|4.76|4.71
MYLADIL THOMAS|01:840:211:01|4.18|4.05|4.10|4.11|3.79|3.66|3.85|3.63|3.79|3.75
MYLADIL THOMAS|01:840:211:02|4.18|4.05|4.10|4.11|3.79|3.66|3.85|3.63|3.79|3.75|3.00|3.00|3.00|3.00|3.00|3.00|3.00|3.00|3.00
DEHGHANI PARVIS|01:840:211:03|4.18|4.05|4.10|4.11|3.79|3.66|3.85|3.63|3.79|3.75|3.00
DEHGHANI PARVIS|01:840:211:04|4.18|4.05|4.10|4.11|3.79|3.66|3.85|3.63|3.79|3.75
ZAMANI AMIR|01:840:212:01|4.43|4.44|4.11|4.46|4.14|3.77|4.04|4.08|4.10|3.95
PAVLIN JAMES|01:840:212:02|4.43|4.44|4.11|4.46|4.14|3.77|4.04|4.08|4.10|3.95
BOWDEN HENRY|01:840:212:03|4.43|4.44|4.11|4.46|4.14|3.77|4.04|4.08|4.10|3.95
JONES JAMES|01:840:222:01|4.56|4.15|4.12|4.27|4.14|3.74|3.93|3.86|4.11|3.74
JOHNSON JAMES|01:840:240:01|4.63|4.33|4.21|4.54|4.42|3.74|4.08|3.39|4.17|4.08
SMITH MAHLON|01:840:307:01|4.93|4.90|4.80|5.00|4.86|4.60|4.72|4.67|4.72|4.74
BOWDEN HENRY|01:840:320:01|4.58|4.55|4.45|4.66|4.12|4.18|4.37|3.89|4.50|4.24
PATEL DEVEN|01:840:322:01|3.83|4.39|4.48|4.68|4.55|4.14|4.47|4.45|4.07|4.24
JIANG TAO|01:840:323:01|4.86|4.67|4.64|4.73|4.62|4.43|4.67|4.57|4.67|4.52
ZAMANI AMIR|01:840:326:01|4.27|4.21|4.00|4.38|4.33|3.90|4.36|4.20|4.24|4.20
MOJADDEDI JAWID|01:840:326:02|4.27|4.21|4.00|4.38|4.33|3.90|4.36|4.20|4.24|4.20|5.00|5.00|5.00|5.00|5.00|5.00|5.00|5.00
PATEL DEVEN|01:840:368:01|3.89|4.17|4.31|4.46|4.45|3.94|4.06|4.20|4.03|4.03
MOREWEDGE PARVIS|01:840:374:01|4.16|4.09|4.16|4.41|4.16|4.25|4.09|4.06|4.20|4.10|5.00|5.00
HARTLEY LAURAN|01:840:393:01|4.00|4.42|4.35|4.85|4.65|4.08|4.23|4.12|4.26|4.07
JONES JAMES|01:840:420:01|5.00|4.90|5.00|4.90|4.89|4.60|4.90|4.60|4.90|4.90
JOHNSON JAMES|01:840:421:01|4.80|5.00|4.60|4.80|5.00|4.80|4.60|4.00|4.60|4.80
MOJADDEDI JAWID|01:840:427:01|5.00|5.00|4.75|4.75|5.00|4.75|4.75|4.75|4.75|5.00|5.00|5.00|5.00
