TESAR               BRUCE|01:615:101:00|4.60|4.53|4.38|4.59|4.49|4.27|4.32|3.42|4.49|4.28
ALTSHULER           DANIEL|01:615:101:02|4.60|4.53|4.38|4.59|4.49|4.27|4.32|3.42|4.49|4.28
ALTSHULER           DANIEL|01:615:101:04|4.60|4.53|4.38|4.59|4.49|4.27|4.32|3.42|4.49|4.28
BRASOVEANU          ADRIAN|01:615:101:12|4.60|4.53|4.38|4.59|4.49|4.27|4.32|3.42|4.49|4.28
SCHWEITZER          SUSAN|01:615:101:13|4.60|4.53|4.38|4.59|4.49|4.27|4.32|3.42|4.49|4.28
GRIMSHAW            JANE|01:615:101:71|4.60|4.53|4.38|4.59|4.49|4.27|4.32|3.42|4.49|4.28
SAFIR               KEN|01:615:201:01|4.20|4.00|4.17|4.30|4.08|3.79|4.04|3.64|3.94|3.92
BITTNER             MARIA|01:615:201:02|4.20|4.00|4.17|4.30|4.08|3.79|4.04|3.64|3.94|3.92
MCCOYRUSANOVA       SVETLANA|01:615:201:03|4.20|4.00|4.17|4.30|4.08|3.79|4.04|3.64|3.94|3.92
SAFIR               KENNETH|01:615:305:01|4.47|4.47|4.26|4.63|4.58|4.05|4.05|3.79|4.32|4.21
AKINLABI            AKINBIYI|01:615:315:01|4.65|4.15|4.28|4.48|4.69|4.36|4.28|4.16|4.32|4.28
STROMSWOLD          KARIN|01:615:371:01|4.43|4.57|4.21|4.71|4.00|3.93|3.36|4.21|4.07|3.71|5.00|5.00|5.00|5.00|5.00
BAKER               MARK|01:615:411:01|4.35|4.04|3.70|3.78|3.26|3.91|4.00|4.00|3.78|3.96
CAMACHO             JOSE|01:615:431:01|4.29|5.00|4.43|4.71|4.71|4.43|4.29|4.00|4.43|4.43
