BRONNER STEPHEN|01:790:101:00|4.40|4.60|4.46|4.49|4.33|4.21|4.29|3.97|4.37|4.29
LINCH AMY|01:790:101:10|4.40|4.60|4.46|4.49|4.33|4.21|4.29|3.97|4.37|4.29
DICICCO JONATHAN|01:790:102:00|4.35|4.44|4.22|4.49|4.29|4.07|4.19|4.06|4.27|4.15|5.00
KATZENSTEIN LAWRENCE|01:790:102:08|4.35|4.44|4.22|4.49|4.29|4.07|4.19|4.06|4.27|4.15
BAKER ROSS|01:790:201:00|4.52|4.40|4.24|4.46|4.20|4.06|4.11|3.68|4.27|4.11
BAKER ROSS|01:790:201:01|4.52|4.40|4.24|4.46|4.20|4.06|4.11|3.68|4.27|4.11
BAKER ROSS|01:790:201:02|4.52|4.40|4.24|4.46|4.20|4.06|4.11|3.68|4.27|4.11
BAKER ROSS|01:790:201:03|4.52|4.40|4.24|4.46|4.20|4.06|4.11|3.68|4.27|4.11
AKOPIAN MARAT|01:790:210:00|4.49|4.45|4.32|4.60|4.17|4.28|4.43|3.93|4.39|4.25|5.00|5.00|5.00|5.00|5.00|5.00|5.00|5.00|5.00
MILLER LISA|01:790:247:00|4.66|4.66|4.46|4.72|4.53|4.23|4.25|4.02|4.46|4.35|4.50
JUNN JANE|01:790:303:01|4.79|4.85|4.51|4.81|4.46|4.41|4.33|3.94|4.66|4.42
BAKER ROSS|01:790:304:01|4.67|4.66|4.59|4.62|4.50|4.41|4.54|4.23|4.66|4.49|5.00|4.50|5.00|5.00|5.00|5.00|5.00|5.00|5.00
TICHENOR DANIEL|01:790:306:01|4.94|4.90|4.80|4.89|4.82|4.66|4.72|4.39|4.89|4.77
GLASCOCK JOHN|01:790:308:01|4.08|4.51|4.11|4.52|4.15|3.87|4.00|3.77|4.19|4.00
FIELD WILLIAM|01:790:311:01|4.67|4.72|4.48|4.64|4.38|4.33|4.49|4.33|4.62|4.51
MILLETT JEREMY|01:790:312:80|4.30|4.20|4.00|4.10|4.22|4.00|4.00|3.90|4.11|4.22|4.00|4.00|4.00|4.00|4.00|4.00|4.00|4.00|4.00
KATZENSTEIN LAWRENCE|01:790:315:01|4.35|4.53|4.06|4.53|4.59|3.88|4.12|3.94|4.20|4.06
KATZENSTEIN LAWRENCE|01:790:319:01|3.38|4.00|3.47|4.29|4.16|3.36|3.39|3.91|3.49|3.56
RITTER JEFFREY|01:790:322:01|4.69|4.63|4.15|4.55|4.35|4.27|4.31|3.96|4.53|4.38|5.00
JEREMY MILLETT|01:790:323:80|4.92|4.77|4.77|4.85|4.79|4.60|4.67|4.53|4.64|4.60|3.00|3.00|3.00|3.00|3.00|3.00|3.00|3.00|3.00
AKOPIAN MARAT|01:790:324:01|4.56|4.57|4.53|4.68|4.36|4.19|4.34|4.28|4.49|4.31|5.00|5.00|5.00|5.00
LEVINE BERT|01:790:330:01|4.37|4.60|4.20|4.68|4.69|4.03|4.21|3.74|4.35|4.29
AMBAR SALADIN|01:790:333:01|4.69|4.87|4.78|4.83|4.67|4.65|4.70|4.30|4.75|4.70
BLAGOJEVIC BOJANA|01:790:341:80|4.92|5.00|4.77|5.00|4.92|4.92|4.62|2.85|4.92|4.77
RAJOPPI JOANNE|01:790:342:01|3.64|3.69|3.45|3.55|3.63|3.29|3.27|3.19|3.48|3.22
VERCELLOTTI TIM|01:790:345:01|3.95|4.21|3.95|4.16|3.84|3.47|3.56|4.11|3.79|3.68
SHAFER MICHAEL|01:790:349:01|4.56|4.25|4.53|4.22|3.73|4.02|4.41|3.95|4.21|4.24
ARONOFF MYRON|01:790:352:01|4.30|4.40|4.50|4.00|3.78|4.00|4.00|4.22|4.20|4.22
YUNGHER NATHAN|01:790:369:01|4.53|4.32|4.56|4.40|4.43|4.13|4.41|4.45|4.43|4.26|5.00|5.00|5.00|5.00|5.00|5.00|5.00|5.00|5.00
SHUKLA HIMANSHU|01:790:369:02|4.53|4.32|4.56|4.40|4.43|4.13|4.41|4.45|4.43|4.26
SHAW KEITH|01:790:374:01|4.83|4.92|4.17|4.74|4.67|4.25|4.43|4.13|4.48|4.35
SHAW KEITH|01:790:376:01|4.82|4.80|4.38|4.72|4.64|4.25|4.48|3.89|4.55|4.41
AKOPIAN REGINA|01:790:383:01|3.88|4.75|4.38|4.88|4.88|4.25|4.50|4.63|4.29|4.43
MUDDE CAS|01:790:389:01|4.63|4.63|4.38|4.47|4.47|3.81|4.38|3.75|4.44|4.25|4.00
SHAW KEITH|01:790:395:02|4.66|4.74|4.66|4.71|4.62|4.53|4.58|4.18|4.62|4.58
MILLETT JEREMY|01:790:395:04|4.66|4.74|4.66|4.71|4.62|4.53|4.58|4.18|4.62|4.58
WILSON RICHARD|01:790:395:07|4.66|4.74|4.66|4.71|4.62|4.53|4.58|4.18|4.62|4.58
LEECH BETH|01:790:395:11|4.66|4.74|4.66|4.71|4.62|4.53|4.58|4.18|4.62|4.58|5.00|5.00
MIDLARSKY MANUS|01:790:395:13|4.66|4.74|4.66|4.71|4.62|4.53|4.58|4.18|4.62|4.58
ARONOFF MYRON|01:790:395:14|4.66|4.74|4.66|4.71|4.62|4.53|4.58|4.18|4.62|4.58|5.00|5.00|5.00
HEUMANN MILTON|01:790:406:01|4.38|4.67|4.72|4.69|4.54|4.48|4.58|4.23|4.60|4.55
BLAGOJEVIC BOJANA|01:790:406:80|4.38|4.67|4.72|4.69|4.54|4.48|4.58|4.23|4.60|4.55
DANIELS CYNTHIA|01:790:426:01|4.79|4.71|4.71|4.86|4.67|4.57|4.64|4.31|4.64|4.57
CARROLL SUSAN|01:790:428:01|4.67|4.52|4.36|4.64|4.73|4.20|4.32|4.90|4.35|4.55
WEINGART JOHN|01:790:429:01|4.58|4.37|3.84|4.53|4.61|3.95|4.05|4.68|4.21|4.21
DAVIS ERIC|01:790:451:01|4.88|4.31|4.63|4.56|3.88|4.50|4.69|4.38|4.47|4.13
MAWLA HANY|01:790:457:01|5.00|4.91|4.82|5.00|4.91|4.64|4.91|3.90|4.90|4.91
