FINN THOMAS|01:202:201:01|4.79|4.80|4.80|4.83|4.76|4.58|4.70|4.39|4.73|4.73|4.60|4.80|4.67|5.00|4.67|4.00|4.67|5.00|5.00
FINN THOMAS|01:202:201:02|4.79|4.80|4.80|4.83|4.76|4.58|4.70|4.39|4.73|4.73|4.60|4.80
CARAM PETER|01:202:201:03|4.79|4.80|4.80|4.83|4.76|4.58|4.70|4.39|4.73|4.73|4.60|4.80|4.67|5.00|4.67|4.00|4.67|5.00|5.00
KOHL JAMES|01:202:202:01|4.17|4.15|3.92|4.18|3.99|3.65|3.75|4.01|3.84|3.77|5.00
WELCH MICHAEL|01:202:203:01|4.36|3.69|4.36|4.03|4.00|3.88|4.10|3.93|3.99|4.05|5.00|5.00|5.00|5.00|5.00|5.00|5.00|5.00|5.00
WELCH MICHAEL|01:202:203:02|4.36|3.69|4.36|4.03|4.00|3.88|4.10|3.93|3.99|4.05
REISNER RON|01:202:205:01|4.67|4.59|4.56|4.62|4.63|4.38|4.59|4.33|4.55|4.53|5.00|5.00
EMANEL MICHAEL|01:202:305:01|4.37|4.11|4.29|3.91|3.94|3.82|4.20|4.51|3.97|4.12
PIEHL ANNE|01:202:307:01|4.55|4.33|4.16|4.48|4.67|4.15|4.00|2.50|4.31|4.00
HINDS LENNOX|01:202:309:01|4.96|4.84|4.79|4.71|4.67|4.56|4.88|4.67|4.92|4.87|5.00|5.00
HINDS LENNOX|01:202:312:01|4.60|4.65|4.63|4.50|4.56|4.20|4.52|3.75|4.52|4.40
HIRSCHFIELD PAUL|01:202:322:01|4.78|4.62|4.31|4.65|4.56|4.15|4.18|4.10|4.36|4.23|4.50|4.50|4.50|4.50|4.00|4.00|4.00|4.00
HOFFMAN JUDGE|01:202:327:01|4.90|4.90|4.95|4.93|4.69|4.76|4.79|4.33|4.81|4.76
HOFFMAN JUDGE|01:202:405:01|4.85|4.86|4.85|4.82|4.69|4.73|4.76|4.57|4.84|4.78|5.00
ZGOBA|01:202:405:70|4.85|4.86|4.85|4.82|4.69|4.73|4.76|4.57|4.84|4.78
MILLER LISA|01:202:496:02|4.84|4.82|4.76|4.84|4.68|4.61|4.68|4.47|4.79|4.76
CRAPAROTTA ANDREA|01:202:496:70|4.84|4.82|4.76|4.84|4.68|4.61|4.68|4.47|4.79|4.76
