HAMAMOTO NOBUHIKO|01:565:102:01|4.80|4.73|4.71|4.83|4.75|4.61|4.73|4.75|4.71|4.69
KATOH KUMIKO|01:565:102:02|4.80|4.73|4.71|4.83|4.75|4.61|4.73|4.75|4.71|4.69|5.00|5.00|5.00|5.00
HAWALKA YASUKO|01:565:102:03|4.80|4.73|4.71|4.83|4.75|4.61|4.73|4.75|4.71|4.69
MAEDA FUMIO|01:565:102:04|4.80|4.73|4.71|4.83|4.75|4.61|4.73|4.75|4.71|4.69|5.00
MAEDA FUMIO|01:565:202:01|4.92|4.92|4.92|4.96|4.96|4.85|4.88|4.84|4.94|4.90
MAEDA FUMIO|01:565:202:02|4.92|4.92|4.92|4.96|4.96|4.85|4.88|4.84|4.94|4.90
BAXER HARUMI|01:565:214:01|4.50|4.70|4.50|4.70|4.30|4.60|4.40|4.80|4.56|4.78
SAITO SATORU|01:565:242:01|4.40|4.56|4.20|4.72|4.44|4.04|4.12|4.00|4.28|4.32
KOJIMA TSUNEKO|01:565:302:01|4.50|4.35|4.44|4.50|4.50|4.27|4.35|4.65|4.39|4.36
BAXER HARUMI|01:565:302:02|4.50|4.35|4.44|4.50|4.50|4.27|4.35|4.65|4.39|4.36
SCHALOW PAUL|01:565:315:01|4.85|4.90|4.85|4.84|4.60|4.65|4.80|4.20|4.79|4.71
SCHALOW PAUL|01:565:320:01|4.80|4.88|4.75|5.00|4.56|4.75|4.81|4.69|4.79|4.71
SAITO SATORU|01:565:362:01|4.84|4.84|4.84|4.88|4.75|4.76|4.76|4.78|4.80|4.79
MAYNARD SENKO|01:565:470:01|5.00|5.00|4.86|4.86|4.83|4.86|4.86|4.67|5.00|5.00
