RASMUSSEN           CHRIS|01:512:103:00|4.50|4.53|4.35|4.57|4.44|4.18|4.21|4.02|4.39|4.35|4.30
MILLER              ALLISON|01:512:103:02|4.50|4.53|4.35|4.57|4.44|4.18|4.21|4.02|4.39|4.35
RASMUSSEN           CHRISO|01:512:103:03|4.50|4.53|4.35|4.57|4.44|4.18|4.21|4.02|4.39|4.35
MILLER              ALLISON|01:512:103:06|4.50|4.53|4.35|4.57|4.44|4.18|4.21|4.02|4.39|4.35
SCHREPFER           SUSAN|01:512:103:10|4.50|4.53|4.35|4.57|4.44|4.18|4.21|4.02|4.39|4.35|4.30
LIVINGSTON          JAMES|01:512:103:12|4.50|4.53|4.35|4.57|4.44|4.18|4.21|4.02|4.39|4.35|4.30|4.00|5.00
FURMAN              HARRY|01:512:103:19|4.50|4.53|4.35|4.57|4.44|4.18|4.21|4.02|4.39|4.35
REED                JAMES|01:512:104:01|4.75|4.51|4.63|4.59|4.53|4.51|4.52|4.22|4.62|4.56|5.00|5.00|5.00
JENKINS             REESE|01:512:220:01|4.45|4.34|4.31|4.59|3.97|4.19|4.25|3.81|4.19|4.00
ONEILL              WILLIAM|01:512:240:01|4.19|3.91|3.41|3.34|2.55|3.03|3.81|3.91|3.30|3.47|1.00|1.00|1.00
EPSTEIN             IAMECA|01:512:278:01|4.46|4.19|4.40|4.45|4.35|4.07|4.07|4.51|4.17|4.17|3.00
MUEHLBAUER          MATTHEW|01:512:300:01|4.83|4.76|4.71|4.77|4.67|4.57|4.63|4.17|4.57|4.50|5.00
GILLETTE            WILLIAM|01:512:303:01|4.48|3.54|3.76|3.40|2.43|3.20|3.74|4.16|3.18|3.16
WHITE               DEBORAH|01:512:306:01|4.41|4.33|4.28|4.39|4.23|4.09|4.09|4.26|4.22|4.20
MARKOWITZ           NORMAN|01:512:316:01|4.44|4.53|4.59|4.56|4.56|4.32|4.50|4.22|4.38|4.46
CHAMBERS            JOHN|01:512:347:01|4.76|4.72|4.68|4.79|4.65|4.55|4.67|4.29|4.74|4.70|5.00
FOGLESONG           DAVID|01:512:354:01|4.86|4.84|4.59|4.68|4.39|4.27|4.47|4.24|4.62|4.59|5.00|5.00|5.00
HARDING             MARK|01:512:364:01|4.69|4.87|4.87|4.81|4.94|4.50|4.69|4.21|4.63|4.60|5.00|5.00|5.00
LAWSON              STEVEN|01:512:368:01|4.71|4.73|4.71|4.73|4.41|4.40|4.57|4.02|4.59|4.47
LIVINGSTON          JAMES|01:512:374:01|4.41|4.59|4.71|4.82|4.56|4.41|4.71|4.50|4.63|4.60
MARKOWITZ           NORMAN|01:512:377:01|3.41|3.76|3.83|3.89|4.17|3.40|3.57|4.17|3.42|3.46|3.00|2.00|2.00|2.00|3.00|2.00
BAY                 MIA|01:512:378:01|4.42|4.46|4.35|4.54|4.35|3.81|4.19|4.08|4.12|4.15
MIZELLE             RICHARD|01:512:391:01|4.83|4.83|4.79|4.83|4.87|4.76|4.74|4.55|4.79|4.76|5.00|5.00|5.00|5.00|5.00|5.00|5.00|5.00|5.00
WU                  ELLEN|01:512:391:02|4.83|4.83|4.79|4.83|4.87|4.76|4.74|4.55|4.79|4.76
NEBEKER             FREDERIK|01:512:395:01|4.90|4.95|4.85|4.80|4.70|4.70|4.75|4.00|4.79|4.63
