MASTRANGELO         JAMES|01:790:101:71|4.55|4.56|4.39|4.65|4.49|4.27|4.16|3.98|4.42|4.18
RHODES              EDWARD|01:790:102:00|4.72|4.60|4.59|4.70|4.13|4.39|4.41|4.21|4.50|4.49
DEIFELD             HELEN|01:790:102:06|4.72|4.60|4.59|4.70|4.13|4.39|4.41|4.21|4.50|4.49
MISLAN              DAVID|01:790:102:08|4.72|4.60|4.59|4.70|4.13|4.39|4.41|4.21|4.50|4.49|2.00
BAKER               ROSSK|01:790:201:00|4.64|4.53|4.37|4.50|4.34|4.17|4.17|3.81|4.42|4.27
ANDERSEN            DAVID|01:790:201:01|4.64|4.53|4.37|4.50|4.34|4.17|4.17|3.81|4.42|4.27
ANDERSEN            DAVID|01:790:201:04|4.64|4.53|4.37|4.50|4.34|4.17|4.17|3.81|4.42|4.27
MITCHEII            ANNA|01:790:201:05|4.64|4.53|4.37|4.50|4.34|4.17|4.17|3.81|4.42|4.27
ANDERSEN            DAVID|01:790:201:07|4.64|4.53|4.37|4.50|4.34|4.17|4.17|3.81|4.42|4.27|4.50|4.50|4.50|4.50|4.50|4.00|4.00|4.00|5.00
MITCHE              ANNA|01:790:201:10|4.64|4.53|4.37|4.50|4.34|4.17|4.17|3.81|4.42|4.27
QENAUD              EMILY|01:790:201:15|4.64|4.53|4.37|4.50|4.34|4.17|4.17|3.81|4.42|4.27
TOLOUDIS            NICHOLAS|01:790:210:00|3.74|3.86|3.48|4.16|3.81|3.19|3.40|3.69|3.29|3.20|3.50
TOLOUDIS            NICHOLAS|01:790:210:09|3.74|3.86|3.48|4.16|3.81|3.19|3.40|3.69|3.29|3.20|4.00|4.00|4.50
MISLAN              DAVID|01:790:250:02|4.43|4.57|4.36|4.07|4.38|4.14|3.79|4.21|4.36|4.14
PATEL               PARINA|01:790:300:01|4.17|3.86|3.50|3.60|3.47|3.47|3.61|3.03|3.62|3.36
AMBAR               SALADIN|01:790:301:01|4.67|4.88|4.94|4.84|4.81|4.76|4.81|4.42|4.84|4.84|5.00
LAU                 RICHARD|01:790:303:01|4.56|4.46|4.31|4.69|4.48|4.24|4.31|3.69|4.50|4.35
GERTZOG             IRWIN|01:790:304:01|4.74|4.73|4.28|4.66|3.95|4.05|4.52|4.15|4.41|4.29|5.00
HOERL               ALEXANDRA|01:790:305:01|4.47|4.52|3.86|4.32|4.18|3.88|3.84|3.25|4.07|3.72|4.00
GERTZOG             IRWIN|01:790:306:01|4.53|4.54|4.10|4.32|3.83|3.79|4.26|4.15|4.14|4.07
GLASCOCK            JOHN|01:790:308:01|4.43|4.71|4.46|4.71|4.59|4.27|4.32|3.92|4.42|4.41|5.00|5.00|5.00
KELEMEN             ROGER|01:790:311:01|4.73|4.78|4.70|4.69|4.43|4.33|4.53|4.21|4.54|4.45
KAUFMAN             ROBERT|01:790:312:01|4.58|4.49|4.12|4.67|4.31|3.78|4.41|4.04|4.37|4.20
FERNANDES           LEELA|01:790:315:01|4.14|3.64|3.48|3.66|3.65|3.01|3.63|4.11|3.35|3.47
DAVIS               ERIC|01:790:317:01|4.53|4.71|4.59|4.41|4.69|4.35|4.53|4.59|4.69|4.56
FIELD               WILLIAM|01:790:319:01|4.73|4.78|4.75|4.74|4.44|4.49|4.56|4.21|4.70|4.60|5.00
MILLETT             JEREMY|01:790:323:01|3.74|3.70|3.16|3.75|3.54|3.09|3.19|3.87|3.33|3.37
BLAGOJEVIC          BOJANA|01:790:324:80|5.00|5.00|4.94|5.00|5.00|4.94|5.00|4.35|4.94|4.93|5.00|5.00
SHAFER              MICHAEL|01:790:327:71|4.83|4.92|4.75|4.92|4.58|4.75|4.75|4.58|4.83|4.67
RIPTON              JOHN|01:790:328:01|4.15|4.30|4.45|4.40|4.35|4.10|4.11|3.53|4.06|4.31
MILLETT             JEREMY|01:790:340:01|3.83|4.07|3.63|3.83|3.50|3.05|3.30|3.80|3.40|3.28
RITTER              JEFFREY|01:790:349:02|4.49|4.38|4.35|4.46|4.70|4.00|4.08|3.83|4.19|4.16
KUBEY               ROBERT|01:790:349:12|4.49|4.38|4.35|4.46|4.70|4.00|4.08|3.83|4.19|4.16
DANIELS             CYNTHIA|01:790:355:01|4.68|4.50|4.82|4.68|3.95|4.14|4.50|4.45|4.50|4.38
LEE                 BYOUNGHA|01:790:361:01|4.47|4.12|4.05|4.41|4.14|3.73|4.02|3.88|4.07|4.02|5.00|5.00|5.00|5.00|5.00
MILLETT             JEREMY|01:790:361:80|4.47|4.12|4.05|4.41|4.14|3.73|4.02|3.88|4.07|4.02
GRAF                BRIAN|01:790:362:80|4.25|4.00|4.00|4.00|3.67|4.00|4.25|3.50|4.50|4.25
YUNGHER             NATHAN|01:790:369:01|4.53|4.06|4.64|4.30|4.67|4.30|4.61|4.34|4.31|4.29|5.00
CORNELL             DRUCILLA|01:790:370:01|5.00|4.60|5.00|5.00|5.00|5.00|5.00|4.60|5.00|4.80
BLAGOJEVIC          BOJANA|01:790:373:80|4.95|4.90|4.81|4.86|4.95|4.86|4.67|3.67|4.82|4.81|5.00
KECK                AARON|01:790:375:01|4.26|4.23|4.00|4.35|3.88|3.91|4.02|3.85|4.15|4.08
BLAGOJEVIC          BOJANA|01:790:381:80|5.00|5.00|4.88|4.75|5.00|4.75|4.88|4.13|4.88|5.00|5.00
ROSSI               MICHAEL|01:790:389:01|5.00|4.76|4.76|4.85|4.78|4.81|4.86|4.14|4.81|4.86
RAZANI              AFSHIN|01:790:389:03|5.00|4.76|4.76|4.85|4.78|4.81|4.86|4.14|4.81|4.86
LEVY                JACK|01:790:395:02|4.57|4.52|4.39|4.59|4.44|4.33|4.44|4.14|4.39|4.42
KAUFMAN             ROBERT|01:790:395:05|4.57|4.52|4.39|4.59|4.44|4.33|4.44|4.14|4.39|4.42|5.00|5.00
JUNN                JANE|01:790:395:10|4.57|4.52|4.39|4.59|4.44|4.33|4.44|4.14|4.39|4.42
LARACY              MICHAEL|01:790:395:12|4.57|4.52|4.39|4.59|4.44|4.33|4.44|4.14|4.39|4.42
MCGINNIS            EILEEN|01:790:395:15|4.57|4.52|4.39|4.59|4.44|4.33|4.44|4.14|4.39|4.42
BRONNER             STEPHEN|01:790:395:22|4.57|4.52|4.39|4.59|4.44|4.33|4.44|4.14|4.39|4.42
MILLER              LISA|01:790:401:01|4.94|4.90|4.80|4.97|4.67|4.58|4.65|4.19|4.80|4.53
HEUMANN             MILTON|01:790:404:01|4.16|4.45|4.71|4.52|4.23|4.16|4.43|4.18|4.44|4.31
LAWRENCE            SUSA N|01:790:410:71|4.75|4.75|4.73|4.92|4.50|4.75|4.82|4.92|4.91|4.80
