BALM                ROGER|01:450:100:01|4.81|4.65|4.52|4.75|4.56|4.38|4.29|3.54|4.65|4.40|5.00
HORDON              ROBERT|01:450:101:01|3.73|3.57|3.52|3.95|3.82|3.05|2.92|2.51|3.23|3.11|3.00|2.50|3.00|3.50|3.50|3.50
BALM                ROGER|01:450:102:01|4.53|4.25|4.09|4.29|4.24|3.90|3.84|3.10|4.28|4.07|2.50|1.00|1.00
KELLY               JESSICA|01:450:103:01|4.72|4.50|4.12|4.49|4.31|3.93|3.87|3.08|4.26|4.06
CHATTERJEE          MONALISA|01:450:205:01|4.25|4.15|3.82|4.31|4.37|3.73|3.85|3.42|3.82|3.81|4.50|5.00|3.00|5.00|4.00|5.00
APPLEGATE           TOBY|01:450:205:01|4.25|4.15|3.82|4.31|4.37|3.73|3.85|3.42|3.82|3.81|4.50
HORDON              ROBERT|01:450:208:01|4.63|4.44|4.48|4.67|4.41|4.07|3.96|3.58|4.23|4.19
BALM                ROGER|01:450:211:01|4.82|4.82|4.56|4.82|4.74|4.26|4.45|3.62|4.62|4.50
HOLCOMB             BRIAVEL|01:450:240:01|4.68|4.59|4.57|4.77|4.61|4.18|4.09|3.54|4.33|4.30|5.00
MITCHELL            JAMES|01:450:311:01|4.66|4.53|4.42|4.50|4.28|3.71|3.92|3.59|4.17|4.03
StMartin        Kevin|01:450:321:01|4.50|4.09|4.27|4.18|4.18|3.73|4.09|4.00|4.36|4.00
SCHWEIDER           LAURA|01:450:322:01|3.79|3.50|3.93|4.07|4.14|3.29|3.36|3.36|3.15|3.38
LEICHENKO           ROBIN|01:450:330:01|4.47|4.60|3.93|4.79|4.60|4.20|4.20|3.20|4.40|4.00
ROBINSON            DAVID|01:450:331:01|4.81|4.74|4.78|4.74|4.60|4.56|4.56|3.81|4.67|4.56|4.50|4.00|4.50|3.50|4.50|4.50|4.00|4.50|4.00
GRABOWSKA           MAGDALEWA|01:450:334:01|3.72|3.61|3.78|4.05|4.11|3.61|3.71|3.71|3.89|3.75
SCHNEIDEE           LAURA|01:450:336:01|4.56|4.33|4.44|4.44|4.11|3.78|4.00|3.78|4.11|3.56
SIEGEL              MICHAEL|01:450:355:01|4.50|4.63|4.50|4.88|4.13|4.25|4.50|4.00|4.38|4.63
SCHROEDER           RICHARD|01:450:363:01|4.92|4.92|4.46|4.88|4.50|4.38|4.21|3.09|4.54|4.25
ROBINSON            DAVID|01:450:403:02|4.88|5.00|4.88|5.00|5.00|4.50|4.88|4.38|4.88|4.88
