HSIEH YUI|01:195:101:04|4.41|4.10|4.17|4.15|3.92|3.92|3.98|3.31|4.06|4.01
ALEUSIC TATJANA|01:195:101:05|4.41|4.10|4.17|4.15|3.92|3.92|3.98|3.31|4.06|4.01
OWENS LIESL|01:195:135:03|4.25|4.15|4.33|4.22|4.08|3.90|3.82|3.43|3.97|3.90
EISENZWEIG URI|01:195:135:04|4.25|4.15|4.33|4.22|4.08|3.90|3.82|3.43|3.97|3.90
CHEN JIE|01:195:150:01|4.33|4.08|4.11|4.14|4.11|3.89|3.91|3.52|4.03|4.01
UHLIROVA ROMANA|01:195:150:02|4.33|4.08|4.11|4.14|4.11|3.89|3.91|3.52|4.03|4.01|3.00
ABBEY KRISTEN|01:195:150:05|4.33|4.08|4.11|4.14|4.11|3.89|3.91|3.52|4.03|4.01
BARCHANT MARIE|01:195:150:06|4.33|4.08|4.11|4.14|4.11|3.89|3.91|3.52|4.03|4.01
RIVERA CHRIS|01:195:160:01|4.87|4.94|5.00|5.00|4.73|4.77|4.67|3.83|4.80|4.68|5.00
BRAGAPINTO CESAR|01:195:201:01|4.32|4.35|4.18|4.44|4.03|4.03|4.22|4.22|4.23|4.23
SERRANO RICHARD|01:195:237:01|4.88|4.76|4.65|4.65|4.65|4.53|4.41|3.59|4.53|4.40
VETTORI ALESSANDRO|01:195:315:01|4.33|4.44|4.11|4.33|4.43|4.11|4.22|3.71|4.44|4.22
RENNIE NICHOLAS|01:195:375:01|4.81|4.94|4.75|4.88|4.63|4.75|4.50|4.19|4.81|4.69|4.60|4.20|2.60|3.20
MOLNAR GABOR|01:195:395:04|4.55|4.64|4.36|4.64|4.53|4.29|4.36|4.14|4.32|4.32
SCHALOW PAUL|01:195:395:05|4.55|4.64|4.36|4.64|4.53|4.29|4.36|4.14|4.32|4.32
