SADOFF              DIANE|01:351:201:01|4.57|4.41|4.54|4.64|4.03|3.95|4.05|3.49|4.19|4.08|4.53|3.85|3.85|3.74|4.00|4.09|4.35|5.00
AHMED               SALADIN|01:351:211:01|4.28|4.36|4.30|4.39|4.20|4.07|3.83|4.49|4.14|4.05|4.26|3.04|3.50|4.08|5.00|4.03|4.37|4.83
HOBAYAN             LESLIEANN|01:351:211:02|4.28|4.36|4.30|4.39|4.20|4.07|3.83|4.49|4.14|4.05|4.26|3.04|3.50|4.08|4.03|4.37|4.83
BECKER              PRISCILLA|01:351:211:04|4.28|4.36|4.30|4.39|4.20|4.07|3.83|4.49|4.14|4.05|4.26|3.04|3.50|4.08|5.00|4.03|4.37|4.83|5.00
GAMBITO             SARAH|01:351:211:05|4.28|4.36|4.30|4.39|4.20|4.07|3.83|4.49|4.14|4.05|4.26|3.04|3.50|4.08|4.03|4.37
LORANGER            RICHARD|01:351:211:06|4.28|4.36|4.30|4.39|4.20|4.07|3.83|4.49|4.14|4.05|4.26|3.04|3.50|4.08|5.00|4.03|4.37|4.83|5.00
BINDER              LEILA|01:351:211:09|4.28|4.36|4.30|4.39|4.20|4.07|3.83|4.49|4.14|4.05|4.26|3.04|3.50|4.08|4.03|4.37|5.00
BINDER              LEILA|01:351:211:10|4.28|4.36|4.30|4.39|4.20|4.07|3.83|4.49|4.14|4.05|4.26|3.04|3.50|4.08|4.03|4.37|4.83
JACKSON             GREG|01:351:242:01|4.62|4.37|4.63|4.30|4.29|4.27|4.51|4.24|4.33|4.37|4.24|3.76|4.08|3.81|4.16|4.65|4.00
GAMBITO             SARAH|01:351:306:01|4.64|4.51|4.71|4.71|4.43|4.60|4.40|4.74|4.48|4.47|4.42|3.32|3.81|4.35|4.00|4.26|4.03
MILLER              SUSAN|01:351:306:03|4.64|4.51|4.71|4.71|4.43|4.60|4.40|4.74|4.48|4.47|4.42|3.32|3.81|4.35|4.00|4.26|4.03
OSBORN              SUSAN|01:351:307:01|4.65|4.63|4.53|4.72|4.48|4.45|4.12|4.72|4.49|4.46|4.58|3.38|3.60|4.26|3.94|4.06
TUPPER              LARA|01:351:307:02|4.65|4.63|4.53|4.72|4.48|4.45|4.12|4.72|4.49|4.46|4.58|3.38|3.60|4.26|4.00|3.94|4.06|4.00
TUPPER              LARA|01:351:307:03|4.65|4.63|4.53|4.72|4.48|4.45|4.12|4.72|4.49|4.46|4.58|3.38|3.60|4.26|3.94|4.06
WALKER              STEVEN|01:351:317:01|4.44|4.44|4.00|4.67|4.33|3.89|3.88|4.50|4.00|3.89|3.75|3.25|3.67|3.20|3.60|4.20
MCCLURE             JOHN|01:351:320:01|4.85|4.88|4.76|4.91|4.79|4.64|4.85|4.38|4.88|4.85|4.19|3.21|3.52|4.12|3.00|3.88|4.03
CHARNEY             MAURICE|01:351:325:01|4.36|4.41|4.62|4.50|4.48|4.05|4.00|4.32|4.32|4.46|3.65|2.64|3.25|3.83|5.00|3.45|4.03
DIENST              RICHARD|01:351:335:01|4.55|4.52|4.56|4.67|4.55|4.18|4.08|4.09|4.33|4.31|4.53|2.80|3.39|3.87|5.00|3.41|4.11|4.00
GLISERMAN           MARTIN|01:351:347:01|4.76|4.85|4.63|4.93|4.78|4.42|4.24|4.53|4.60|4.63|4.54|3.23|3.78|4.18|5.00|3.89|4.33|5.00|5.00
ENG                 DAVID|01:351:377:01|4.20|4.27|4.13|4.13|3.93|3.93|4.20|3.80|4.33|4.27|4.07|3.77|4.07|3.54|3.91|4.09
MILLER              SUSAN|01:351:405:01|4.75|4.79|4.79|4.88|4.50|4.67|4.58|4.92|4.75|4.64|4.48|4.09|4.15|4.50|4.50|4.18
OSBORN              SUSAN|01:351:405:03|4.75|4.79|4.79|4.88|4.50|4.67|4.58|4.92|4.75|4.64|4.48|4.09|4.15|4.50|4.33|4.50|4.18|4.00|3.00
BUCKLEY             MATTHEW|01:351:440:01|4.83|5.00|4.83|5.00|5.00|4.83|4.67|3.83|5.00|5.00|4.00|3.67|4.00|4.00|1.00|4.20|4.40
