SCHWARZSCHILD ROGER|01:615:101:00|4.58|4.47|4.29|4.60|4.42|4.13|4.21|3.13|4.28|4.16|5.00|5.00
AKINLABI AKINBIYI|01:615:201:01|4.04|3.93|3.94|4.06|4.14|3.79|3.92|3.70|3.89|3.87|5.00|5.00|5.00|5.00|5.00|5.00|5.00|5.00|5.00
MCCOYRUSANOVA SVETLANA|01:615:201:02|4.04|3.93|3.94|4.06|4.14|3.79|3.92|3.70|3.89|3.87
NUNDEL ANDRE|01:615:201:03|4.04|3.93|3.94|4.06|4.14|3.79|3.92|3.70|3.89|3.87
PRINCE ALAN|01:615:201:70|4.04|3.93|3.94|4.06|4.14|3.79|3.92|3.70|3.89|3.87|5.00
SANCHEZ LILIANA|01:615:305:01|4.67|4.76|4.67|4.81|4.86|4.43|4.62|4.81|4.57|4.71
SCHWEITZER SUSAN|01:615:350:01|4.33|4.61|4.56|4.72|4.83|4.28|4.17|3.94|4.28|4.28
STROMSWOLD KARIN|01:615:373:01|4.57|4.57|4.43|4.71|4.86|4.29|4.43|4.86|4.43|4.43
TESAR BRUCE|01:615:441:93|4.89|4.78|4.00|4.78|4.22|4.33|4.67|4.44|4.67|4.67
TESAR BRUCE|01:615:471:01|4.50|4.50|3.50|4.25|4.00|3.75|3.50|4.00|4.25|3.75
