JONES|01:510:101:01|4.45|4.37|4.03|4.48|4.12|3.87|4.13|3.75|4.05|3.97|5.00
HYDE                ELIZABETH|01:510:101:03|4.45|4.37|4.03|4.48|4.12|3.87|4.13|3.75|4.05|3.97
SMITH               BONNIE|01:510:102:01|4.14|4.11|4.06|4.31|4.14|3.74|3.73|3.87|3.89|3.75
CARGILL             JACK|01:510:201:01|4.46|4.41|4.38|4.18|3.94|3.85|4.03|3.82|4.09|3.88
MASSCHAELE          JAMES|01:510:209:01|4.82|4.79|4.49|4.70|4.34|4.17|4.56|3.82|4.55|4.35|2.85|3.89|3.75|4.07|3.00
FIGUEIRA            THOMAS|01:510:301:01|4.72|4.71|4.32|4.56|4.40|4.16|4.42|3.96|4.32|4.32
MORRISON            KARL|01:510:313:01|4.59|4.64|4.23|4.73|4.45|4.48|4.32|3.82|4.52|4.29
BERTO               LUIGI|01:510:329:01|4.83|5.00|4.67|4.67|5.00|4.83|4.67|4.17|4.40|4.60
JONES               JENNIFER|01:510:333:01|4.85|4.85|4.60|4.96|4.67|4.52|4.60|4.00|4.74|4.63|5.00
DAVIS               BELINDA|01:510:363:01|4.22|4.41|4.33|4.42|4.30|4.08|4.23|4.19|4.19|4.19|3.75|4.25|4.30
FOGLESONG           DAVID|01:510:377:01|4.96|4.96|4.54|4.78|4.74|4.52|4.68|3.85|4.67|4.63|5.00|5.00|5.00|5.00|5.00|5.00|5.00|5.00|5.00
YADGAR              YAACOV|01:510:386:01|4.80|4.40|4.00|4.60|3.80|4.40|4.00|4.20|4.60|4.20
SINKOFF             NANCY|01:510:389:01|4.43|4.43|4.43|4.43|4.33|4.43|4.43|3.71|4.57|4.00
LEE                 MAURICE|01:510:391:01|4.92|4.96|4.88|4.96|4.78|4.83|4.88|4.48|4.88|4.80
BERTO               LUIGI|01:510:391:04|4.92|4.96|4.88|4.96|4.78|4.83|4.88|4.48|4.88|4.80
