RAMOSZAYAS ANA|01:836:101:01|4.39|4.15|4.47|4.39|4.19|4.00|4.13|3.75|4.29|4.26
CRUZ MARIANA|01:836:150:01|4.36|4.36|4.91|4.82|4.64|4.45|4.36|4.64|4.60|4.73
JACKSONBREWER KARLA|01:836:201:01|4.00|4.50|4.50|4.50|4.50|4.50|4.50|4.00|4.50|4.50
DENIS MILAGROS|01:836:205:01|4.52|4.74|4.59|4.67|4.74|4.19|4.46|4.15|4.41|4.41
RIVERACOLON EDGAR|01:836:210:01|4.69|4.62|4.55|4.59|3.90|4.29|4.57|3.82|4.48|4.33|5.00|5.00|5.00|5.00|5.00|5.00|5.00|5.00|5.00
RIVERACOLON EDGAR|01:836:301:01|4.31|4.47|4.47|4.60|4.48|4.28|4.38|4.24|4.41|4.27
DENIS MILAGROS|01:836:301:01|4.31|4.47|4.47|4.60|4.48|4.28|4.38|4.24|4.41|4.27|5.00|5.00|5.00|5.00|5.00|5.00|5.00|5.00|5.00
RIPTON JOHN|01:836:328:01|4.00|4.17|4.14|4.45|4.21|3.77|3.77|3.51|3.94|3.79
CARTAGENA JUAN|01:836:370:01|4.76|4.48|4.77|4.54|4.32|4.23|4.62|3.85|4.46|4.50
MORALES JOSE|01:836:372:01|4.23|4.18|4.36|4.33|3.86|4.00|4.32|4.45|4.27|4.10|4.00|5.00|5.00|5.00|5.00
DENIS MILAGROS|01:836:390:01|4.30|4.35|4.25|4.38|4.50|4.04|4.35|4.00|4.42|4.39
