SPRMACHMAN          PAUL|01:685:103:01|4.95|4.95|4.95|5.00|4.95|4.95|4.95|4.67|4.90|4.85|5.00
TUNAGUR             FERHAN|01:685:105:01|4.93|4.92|4.93|4.92|4.62|4.92|4.85|4.77|4.92|4.83
ALSIADI             MOHAMED|01:685:127:01|3.67|3.67|4.50|3.83|3.67|3.83|4.50|4.83|4.00|4.17
SPRACHMAN           PAUL|01:685:203:01|4.79|5.00|5.00|5.00|5.00|4.92|4.92|4.85|5.00|5.00|5.00
REINERT             STEPHEN|01:685:207:01|4.60|4.68|4.64|4.79|4.69|4.45|4.59|3.89|4.60|4.57
ALSIADI             MOHAMED|01:685:227:01|4.08|4.38|4.15|4.23|4.25|3.77|4.23|4.46|4.18|3.67|5.00
ENNAJI              MOHA|01:685:227:02|4.08|4.38|4.15|4.23|4.25|3.77|4.23|4.46|4.18|3.67
MOREWEDGE           PARVIZ|01:685:302:01|4.35|4.39|4.78|4.78|4.57|4.55|4.68|4.36|4.45|4.38
DAVIS               ERIC|01:685:317:01|4.71|4.71|4.86|4.43|4.67|4.43|4.57|4.00|4.17|4.33
PAVLIN              JAMES|01:685:325:01|5.00|5.00|4.83|5.00|4.83|4.50|4.83|5.00|4.67|4.60
DEHGHANI            PARVIZ|01:685:326:01|4.50|4.17|4.33|4.17|3.83|4.20|4.17|4.40|4.00|3.83
DJABINI             AMIR|01:685:334:01|5.00|4.89|5.00|4.94|5.00|4.83|4.72|4.82|4.89|4.89|5.00|5.00|5.00|5.00|5.00|5.00|5.00|5.00|5.00
YADGAR              YAALOV|01:685:343:01|4.00|4.50|4.00|4.50|4.00|3.00|3.50|4.00|3.50|3.50
SPRACHMAN           PAUL|01:685:350:01|4.53|4.53|4.61|4.65|4.53|4.46|4.47|4.70|4.42|4.42|5.00|5.00|5.00|5.00|5.00|5.00|5.00|5.00
ELBOUZIDY           RACHID|01:685:437:01|4.50|4.75|4.00|4.75|4.67|4.50|4.00|3.50|4.25|4.00
DJABINI             AMIR|01:685:495:01|4.82|4.76|4.88|4.94|4.77|4.67|4.74|4.74|4.68|4.75|5.00
DJABINI             AMIR|01:685:495:02|4.82|4.76|4.88|4.94|4.77|4.67|4.74|4.74|4.68|4.75|5.00
MOREWEDGE           PARVIZ|01:685:495:04|4.82|4.76|4.88|4.94|4.77|4.67|4.74|4.74|4.68|4.75
GHASEMZADEH         DAVID|01:685:495:06|4.82|4.76|4.88|4.94|4.77|4.67|4.74|4.74|4.68|4.75
