DRISCOLL MONICA|01:447:315:00|4.74|4.61|4.57|4.68|4.64|4.56|4.69|4.48|4.59|4.75
VERSHON ANDREW|01:447:315:00|4.74|4.61|4.57|4.68|4.64|4.56|4.69|4.48|4.59|4.75
PADGETT RICK|01:447:315:00|4.74|4.61|4.57|4.68|4.64|4.56|4.69|4.48|4.59|4.75
NEMEROFF MARTY|01:447:315:00|4.74|4.61|4.57|4.68|4.64|4.56|4.69|4.48|4.59|4.75
SINGSON ANDREW|01:447:315:00|4.74|4.61|4.57|4.68|4.64|4.56|4.69|4.48|4.59|4.75
RONGO CHRISTOPHE|01:447:380:00|4.44|4.31|4.00|4.45|4.33|3.96|3.95|3.62|4.22|3.94
SINHA NAVIN|01:447:380:00|4.44|4.31|4.00|4.45|4.33|3.96|3.95|3.62|4.22|3.94
BANNERJI AABIR|01:447:380:14|4.44|4.31|4.00|4.45|4.33|3.96|3.95|3.62|4.22|3.94|4.67
PASSMORE HOWARD|01:447:382:07|4.72|4.70|4.47|4.69|4.60|4.41|4.11|3.90|4.53|4.14|3.52|4.11|4.11|4.50
BRENNEMAN MARK|01:447:385:01|4.68|4.41|4.45|4.55|4.31|4.40|4.58|4.67|4.47|4.52
MCGUIRE TERRY|01:447:385:02|4.68|4.41|4.45|4.55|4.31|4.40|4.58|4.67|4.47|4.52
KEATING ANNE|01:447:390:00|4.85|4.72|4.63|4.72|4.55|4.53|4.61|4.14|4.67|4.52|5.00
STOLEN JOANNE|01:447:392:01|4.50|4.51|4.38|4.53|4.45|3.98|4.33|4.58|3.98|4.09|5.00|4.00|5.00
SIMON LEE|01:447:398:01|4.25|3.75|3.63|3.88|3.86|3.63|4.25|3.75|4.13|4.14
SINHA NAVIN|01:447:404:01|4.34|4.52|4.31|4.59|4.65|4.07|4.14|3.90|4.36|4.00
PASSMORE HOWARD|01:447:404:02|4.34|4.52|4.31|4.59|4.65|4.07|4.14|3.90|4.36|4.00
KONSOLAKI MARY|01:447:404:03|4.34|4.52|4.31|4.59|4.65|4.07|4.14|3.90|4.36|4.00
MATISE TARA|01:447:481:01|4.75|4.63|4.43|4.64|4.27|4.28|4.29|3.92|4.52|4.18
HAVILAND MARTHA|01:447:481:01|4.75|4.63|4.43|4.64|4.27|4.28|4.29|3.92|4.52|4.18
HEY EMANUEL|01:447:486:01|4.61|4.33|4.00|4.39|4.22|3.56|3.94|3.61|4.06|3.89
