KLIMKE              MARTIN|01:506:110:01|4.47|3.60|3.03|3.72|3.54|2.97|3.29|3.52|3.31|3.29|5.00|5.00|5.00|5.00|5.00|5.00|5.00
ECHEVERRIA          DARIUS|01:506:114:01|3.81|3.61|3.56|3.97|4.25|3.37|3.42|3.52|3.60|3.57
HONEY               CATHERINE|01:506:211:01|4.81|4.75|4.66|4.69|4.61|4.50|4.38|3.28|4.65|4.53
PAULY               PHILIP|01:506:221:01|4.56|4.60|4.69|4.71|4.64|4.36|4.45|3.90|4.55|4.42|5.00|5.00|5.00|5.00|5.00|5.00|5.00|5.00
BROWN               CHRISTOPHE|01:506:224:01|4.62|4.73|4.62|4.73|4.60|4.47|4.67|3.66|4.69|4.59|4.00|4.00|4.00|4.00|4.00|4.00
HOCHHEISER          SHELDON|01:506:253:01|4.40|4.32|3.48|4.12|3.64|3.32|3.52|3.24|3.54|3.50
ZELLENTIN           HOLGER|01:506:271:01|3.93|3.93|3.29|4.21|4.00|3.21|3.36|3.67|3.36|3.36
NAPPI               CARLA|01:506:391:01|4.91|4.94|4.97|4.94|4.79|4.94|4.94|4.12|4.91|4.94
SINKOFF             NANCY|01:506:391:02|4.91|4.94|4.97|4.94|4.79|4.94|4.94|4.12|4.91|4.94
TOWNSEND            CAMILLA|01:506:401:01|4.74|4.73|4.77|4.72|4.59|4.59|4.71|4.06|4.71|4.64
SCHREPFER           SUSAN|01:506:401:04|4.74|4.73|4.77|4.72|4.59|4.59|4.71|4.06|4.71|4.64|5.00|4.00
GILLETTE            WILLIAM|01:506:401:05|4.74|4.73|4.77|4.72|4.59|4.59|4.71|4.06|4.71|4.64
CARGILL             JACK|01:506:401:09|4.74|4.73|4.77|4.72|4.59|4.59|4.71|4.06|4.71|4.64
RODEN               DONALD|01:506:401:12|4.74|4.73|4.77|4.72|4.59|4.59|4.71|4.06|4.71|4.64
HALLETT             HILARY|01:506:401:14|4.74|4.73|4.77|4.72|4.59|4.59|4.71|4.06|4.71|4.64
GUHA                SU IT|01:506:401:15|4.74|4.73|4.77|4.72|4.59|4.59|4.71|4.06|4.71|4.64
BROWN               CHRISTOPHE|01:506:401:16|4.74|4.73|4.77|4.72|4.59|4.59|4.71|4.06|4.71|4.64
CHAMBERS            JOHN|01:506:401:20|4.74|4.73|4.77|4.72|4.59|4.59|4.71|4.06|4.71|4.64
