HOWARD ALLEN|01:508:222:01|4.31|4.17|4.06|4.33|3.81|3.75|3.94|3.83|3.97|3.79
GUHA SUMIT|01:508:231:01|4.38|4.34|3.81|4.30|4.09|3.83|3.57|3.45|4.00|3.69
BENNETT HERMAN|01:508:260:01|3.67|4.00|4.13|3.87|4.00|3.20|4.07|3.67|3.80|3.80
WASSERMAN MARK|01:508:262:01|4.36|4.26|4.07|4.24|3.84|3.88|3.93|3.55|4.08|4.00
HASSAN MONA|01:508:302:01|3.96|4.28|4.07|4.66|3.81|3.76|4.07|3.86|3.86|3.81
COOPER BARBARA|01:508:326:01|4.60|4.60|4.32|4.53|4.31|4.16|4.13|3.41|4.39|4.09
WOOLDRIDGE WILLIAM|01:508:342:01|4.57|4.80|4.93|4.93|4.70|4.83|4.86|4.14|4.89|4.81|5.00|5.00|5.00|5.00|5.00|5.00|5.00|5.00
RODEN DONALD|01:508:352:01|4.79|4.89|4.68|4.84|4.68|4.32|4.63|4.44|4.75|4.69
TRINER GAIL|01:508:364:01|4.39|4.04|3.83|4.00|4.26|3.87|4.17|3.22|4.09|4.17
KAPLAN TEMMA|01:508:369:01|3.67|3.94|3.78|4.19|3.83|3.33|3.72|3.21|3.61|3.67
DENIS MILAGROS|01:508:370:01|4.33|4.67|4.67|4.67|4.67|4.00|4.00|4.33|4.00|4.33
MORALES JOSE|01:508:372:01|4.67|4.67|4.50|5.00|4.40|4.67|4.33|4.17|4.80|4.60
NICHOLAS MARK|01:508:380:01|4.76|4.58|4.58|4.58|4.23|4.44|4.58|4.45|4.58|4.48
MAKALINI MINKAH|01:508:392:01|4.10|4.40|4.30|4.60|4.60|4.50|4.40|4.10|4.50|4.50|4.00
BENNETT HERMAN|01:508:392:02|4.10|4.40|4.30|4.60|4.60|4.50|4.40|4.10|4.50|4.50
