GILLESPIE ANGUS|01:050:101:01|4.06|3.91|3.93|3.82|3.40|3.49|3.57|3.22|3.79|3.69|3.52|4.10|3.60|3.81|3.67|3.57|3.38|3.24|3.45
BEALL JOSHUA|01:050:101:01|4.06|3.91|3.93|3.82|3.40|3.49|3.57|3.22|3.79|3.69
BEALL JOSHUA|01:050:101:03|4.06|3.91|3.93|3.82|3.40|3.49|3.57|3.22|3.79|3.69
BEALL JOSHUA|01:050:101:05|4.06|3.91|3.93|3.82|3.40|3.49|3.57|3.22|3.79|3.69
GILLESPIE ANGUS|01:050:101:05|4.06|3.91|3.93|3.82|3.40|3.49|3.57|3.22|3.79|3.69|3.52|4.10|3.60|3.81|3.67|3.57|3.38|3.24|3.45
FLEETWOOD NICOLE|01:050:259:01|4.61|4.41|4.24|4.36|4.41|4.09|4.03|3.90|4.23|4.08|5.00
ROMAINE ERICA|01:050:300:01|4.43|4.62|4.25|4.68|4.62|4.11|4.03|3.97|4.39|4.19
NELSON ROB|01:050:300:02|4.43|4.62|4.25|4.68|4.62|4.11|4.03|3.97|4.39|4.19
FISHBEIN LESLIE|01:050:300:03|4.43|4.62|4.25|4.68|4.62|4.11|4.03|3.97|4.39|4.19|4.17|4.38|4.08
FISHBEIN LESLIE|01:050:300:99|4.43|4.62|4.25|4.68|4.11|4.03|3.97|4.39|4.19|4.17|4.38|4.08
WU ELLEN|01:050:301:03|4.83|4.00|4.33|4.17|4.17|4.17|4.17|3.83|4.17|3.83
ROCKLAND MICHAEL|01:050:329:01|4.32|4.52|4.68|4.84|4.45|4.32|4.28|3.96|4.58|4.38
RAJAN JULIE|01:050:331:01|4.79|4.95|4.90|5.00|4.55|4.85|4.85|3.80|4.70|4.70
FLEETWOOD NICOLE|01:050:389:01|4.50|4.00|4.09|4.06|4.21|3.74|3.91|3.18|3.85|3.71
FISHBEIN LESLIE|01:050:389:02|4.50|4.00|4.09|4.06|4.21|3.74|3.91|3.18|3.85|3.71|3.88|4.47|3.94|3.00
ROCKLAND MICHAEL|01:050:489:01|4.50|4.64|4.79|4.71|4.58|4.50|4.36|4.71|4.62|4.69
