WILLIAMS            CAROLYN|01:350:219:00|4.65|4.42|4.29|4.55|4.38|4.11|4.12|3.43|4.34|4.15|4.38|3.26|3.71|3.69|4.00|3.61|4.39
KUSCH               ROBERT|01:350:219:30|4.65|4.42|4.29|4.55|4.38|4.11|4.12|3.43|4.34|4.15|4.38|3.26|3.71|3.69|3.61|4.39|4.50
JEHLEN              MYRA|01:350:220:00|4.00|3.95|3.83|4.15|3.61|3.37|3.39|3.62|3.61|3.36|3.92|3.20|3.49|3.69|3.50|4.02|4.37|4.00
SCHEINBAUM          CALE|01:350:220:03|4.00|3.95|3.83|4.15|3.61|3.37|3.39|3.62|3.61|3.36|3.92|3.20|3.49|3.69|4.02|4.37
SCHEINBAUM          CALE|01:350:220:06|4.00|3.95|3.83|4.15|3.61|3.37|3.39|3.62|3.61|3.36|3.92|3.20|3.49|3.69|4.02|4.37
MCGOWAN             MATTHEW|01:350:220:15|4.00|3.95|3.83|4.15|3.61|3.37|3.39|3.62|3.61|3.36|3.92|3.20|3.49|3.69|4.02|4.37|4.00|3.00
ELLIS               KATH|01:350:220:20|4.00|3.95|3.83|4.15|3.61|3.37|3.39|3.62|3.61|3.36|3.92|3.20|3.49|3.69|3.50|4.02|4.37
JACKSON             GREG|01:350:221:01|4.69|4.41|4.79|4.41|4.53|4.55|4.79|4.17|4.55|4.59|4.24|3.32|4.12|3.76|4.12|4.50
GARLAND             BRIAN|01:350:227:02|4.44|4.46|4.08|4.52|4.38|3.96|4.28|3.12|4.38|4.28|4.57|2.95|3.65|3.55|4.00|3.55|4.41
KRAMNICK            JONATHAN|01:350:305:01|4.21|4.42|4.09|4.30|4.31|4.00|4.03|3.30|4.15|4.06|3.97|2.83|2.93|3.94|5.00|3.90|4.20
GALPERIN            WILLIAM|01:350:307:01|4.30|4.27|4.18|4.30|4.18|3.73|3.87|3.74|3.93|4.02|3.29|2.92|3.20|3.75|3.61|4.26|4.00
SIEGEL              JONAH|01:350:309:01|4.60|4.73|4.55|4.82|4.36|4.45|4.45|3.90|4.67|4.36|4.50|2.33|3.22|3.55|4.08|4.17
IAN                 MARCIA|01:350:311:01|3.93|3.61|3.23|3.81|3.86|3.07|3.16|3.43|3.35|3.16|3.82|2.63|3.10|3.32|3.00|3.39|3.97
IANNINI             CHRIS|01:350:315:01|4.43|4.29|4.04|4.39|4.38|3.96|4.22|3.17|4.04|4.00|4.59|2.95|3.56|3.62|3.95|4.33|5.00
SCANLON             LARRY|01:350:321:01|3.95|4.05|3.67|3.95|3.21|3.24|3.29|3.31|3.72|3.33|3.65|2.63|3.14|3.49|3.60|4.34
LEVAO               RONALD|01:350:322:01|4.83|4.61|4.91|4.81|4.57|4.65|4.73|4.28|4.85|4.80|3.79|2.81|3.43|4.04|4.14|3.85|4.42|4.67
COIRO               ANN|01:350:324:01|4.89|4.92|4.97|4.97|4.89|4.83|4.97|4.03|4.94|4.92|4.69|3.63|4.18|4.29|5.00|4.17|4.40
KUSCH               ROBERT|01:350:337:01|4.86|4.82|4.86|4.93|4.85|4.64|4.61|4.21|4.79|4.68|4.30|2.96|3.64|3.96|4.00|3.41|3.89|3.00
DAVIDSON            HARRIET|01:350:339:01|4.79|4.75|4.63|4.88|4.65|4.39|4.32|4.14|4.57|4.53|4.28|3.21|3.53|4.14|5.00|3.63|3.91|5.00
BUCKLEY             MATTHEW|01:350:346:01|4.46|4.59|4.56|4.74|4.40|4.30|4.36|4.01|4.49|4.42|4.24|3.36|3.73|3.82|4.33|4.07|4.38|4.00|5.00
MCKEON              MICHAEL|01:350:352:01|4.66|4.09|3.63|4.42|4.24|3.52|3.64|3.44|3.73|3.67|4.52|2.85|3.14|3.91|3.84|4.18|5.00
QUALLS              BARRY|01:350:354:01|4.64|4.64|4.59|4.74|4.09|4.38|4.21|3.80|4.55|4.24|4.60|3.77|3.93|3.94|4.00|3.98|4.60
VESTERMAN           WILLIAM|01:350:355:01|4.73|4.27|4.36|3.82|4.18|3.82|4.36|4.45|4.36|4.50|4.56|2.44|2.89|3.89|4.22|4.33
SHOCKLEY            EVIE|01:350:362:01|4.57|4.27|4.37|4.18|4.04|4.02|4.09|3.84|4.09|3.98|4.00|3.16|3.37|3.54|4.11|4.11|5.00
BUSIA               ABENA|01:350:368:01|3.75|4.30|4.15|4.43|4.00|3.80|3.67|3.72|3.90|3.95|3.97|2.32|3.14|3.89|3.67|3.23|3.63|3.00
MATHES              CARTER|01:350:370:01|3.74|3.45|3.43|3.74|3.86|2.73|3.09|3.41|3.05|3.14|3.73|2.73|3.48|3.64|3.41|4.19
EDWARDS             BRENT|01:350:372:01|4.80|4.69|4.45|4.45|4.67|4.17|4.18|3.59|4.52|4.38|4.59|3.21|3.29|3.60|4.00|3.79|4.36
EDWARDS             BRENT|01:350:376:01|4.77|4.81|4.60|4.83|4.68|4.52|4.44|3.76|4.61|4.58|4.65|3.38|3.63|4.14|5.00|3.69|3.82
ELLIS               KATHERINE|01:350:382:01|3.86|3.76|4.06|4.30|4.14|3.73|3.54|3.19|3.78|3.62|4.19|3.27|3.52|4.17|5.00|3.80|4.31
SADOFF              DIANNE|01:350:383:01|4.46|4.48|4.29|4.48|4.03|4.07|3.62|3.07|4.10|3.79|4.34|3.11|3.48|3.89|3.68|4.07
SMITH               CAROL|01:350:386:01|4.94|4.67|4.33|4.78|4.61|4.12|4.12|4.28|4.22|4.06|4.65|2.94|3.47|4.38|3.93|4.40
MILLER              JACQUELINE|01:350:390:02|4.62|4.71|4.14|4.75|4.71|4.19|4.20|3.10|4.29|4.05|4.76|2.88|3.53|3.82|3.00|3.71|4.14|3.00|5.00
JAGER               COLIN|01:350:392:01|4.91|4.82|4.45|4.73|4.57|4.27|4.73|4.27|4.64|4.40|3.75|3.63|3.50|3.90|3.89|4.33
CHUTE               HILLARY|01:350:393:02|4.68|4.57|4.63|4.67|4.59|4.43|4.44|4.09|4.53|4.49|4.62|3.38|3.86|3.78|3.98|4.19
JURECIC             ANN|01:350:393:03|4.68|4.57|4.63|4.67|4.59|4.43|4.44|4.09|4.53|4.49|4.62|3.38|3.86|3.78|3.98|4.19
BARNETT             LOUISE|01:350:393:04|4.68|4.57|4.63|4.67|4.59|4.43|4.44|4.09|4.53|4.49|4.62|3.38|3.86|3.78|3.98|4.19
CHUTE               HILLARY|01:350:393:06|4.68|4.57|4.63|4.67|4.59|4.43|4.44|4.09|4.53|4.49|4.62|3.38|3.86|3.78|3.98|4.19
CHISM               CHRISTINE|01:350:411:01|4.15|4.64|4.43|4.71|4.43|4.15|3.86|3.43|4.14|4.14|4.00|3.20|3.50|3.18|3.00|3.80|4.00|3.00|3.00
BARTELS             EMILY|01:350:426:01|4.94|5.00|4.97|4.90|4.87|4.68|4.74|4.48|4.87|4.63|4.52|3.16|3.39|4.29|3.50|3.83|4.43
BARTELS             EMILY|01:350:426:02|4.94|5.00|4.97|4.90|4.87|4.68|4.74|4.48|4.87|4.63|4.52|3.16|3.39|4.29|3.50|3.83|4.43|5.00
IANNINI             CHRIS|01:350:435:01|4.67|4.58|3.83|4.83|4.00|3.92|4.33|2.67|4.17|3.83|4.50|3.91|4.50|4.08|3.80|4.44|5.00
SMITH               CAROL|01:350:437:01|4.67|4.49|4.44|4.45|4.38|4.15|4.32|4.21|4.32|4.29|4.48|3.29|3.54|4.15|4.50|4.04|4.49
IAN                 MARCIA|01:350:437:02|4.67|4.49|4.44|4.45|4.38|4.15|4.32|4.21|4.32|4.29|4.48|3.29|3.54|4.15|4.50|4.04|4.49|5.00|5.00
VESTERMAN           WILLIAM|01:350:437:03|4.67|4.49|4.44|4.45|4.38|4.15|4.32|4.21|4.32|4.29|4.48|3.29|3.54|4.15|4.04|4.49
WALL                CHERYL|01:350:445:02|4.55|4.55|4.73|4.73|4.64|4.64|4.55|4.18|4.73|4.73|4.67|2.91|3.00|4.09|4.17|4.09
