INGATE MARGARET|01:830:101:01|4.73|4.52|4.43|4.61|4.43|4.23|4.34|3.93|4.44|4.33|3.57|4.03|3.82|3.42|3.00
INGATE MARGARET|01:830:101:02|4.73|4.52|4.43|4.61|4.43|4.23|4.34|3.93|4.44|4.33|3.57|4.03|3.82|3.42
WATERS ERIKA|01:830:101:03|4.73|4.52|4.43|4.61|4.43|4.23|4.34|3.93|4.44|4.33|3.57
HAMILTON LEN|01:830:101:05|4.73|4.52|4.43|4.61|4.43|4.23|4.34|3.93|4.44|4.33|3.57|4.03|5.00|5.00
OGILVIE DAN|01:830:101:05|4.73|4.52|4.43|4.61|4.43|4.23|4.34|3.93|4.44|4.33|3.57|4.03|5.00|5.00
BRYANT DEBORAH|01:830:101:08|4.73|4.52|4.43|4.61|4.43|4.23|4.34|3.93|4.44|4.33
BRYANT DEBORAH|01:830:101:10|4.73|4.52|4.43|4.61|4.43|4.23|4.34|3.93|4.44|4.33|3.57
LEYTON MICHAEL|01:830:201:02|4.84|4.74|4.82|4.87|4.82|4.72|4.64|3.61|4.82|4.72|5.00
HAMILTON LEONARD|01:830:211:01|4.83|4.67|4.44|4.63|4.34|4.31|4.44|4.03|4.43|4.31
CONTRAOA RICHARD|01:830:300:01|4.67|4.80|4.27|4.80|4.53|4.20|4.33|3.67|4.53|4.40|3.29|4.14|3.79|4.07
SINGH MANISH|01:830:301:01|4.68|4.69|4.47|4.68|4.50|4.24|4.19|3.38|4.46|4.28
MCGOWAN JIM|01:830:301:04|4.68|4.69|4.47|4.68|4.50|4.24|4.19|3.38|4.46|4.28
HORLITZ KRISTA|01:830:301:05|4.68|4.69|4.47|4.68|4.50|4.24|4.19|3.38|4.46|4.28|4.00|4.67|4.00|3.67|3.80|4.30|2.94
GERSCH TIMOTHY|01:830:301:06|4.68|4.69|4.47|4.68|4.50|4.24|4.19|3.38|4.46|4.28|4.00|4.67|4.00|5.00|5.00|3.67|3.80|4.30|2.94
CHAPMAN GRETCHEN|01:830:305:02|4.77|4.53|4.32|4.52|4.21|4.12|4.18|3.60|4.36|4.17
CHAPMAN GRETCHEN|01:830:305:03|4.77|4.53|4.32|4.52|4.21|4.12|4.18|3.60|4.36|4.17
BRILL GARY|01:830:305:06|4.77|4.53|4.32|4.52|4.21|4.12|4.18|3.60|4.36|4.17|5.00
ACKROFF JOHN|01:830:305:10|4.77|4.53|4.32|4.52|4.21|4.12|4.18|3.60|4.36|4.17
FELDMAN JACOB|01:830:305:71|4.77|4.53|4.32|4.52|4.21|4.12|4.18|3.60|4.36|4.17
TOMIE ARTHUR|01:830:311:01|4.28|4.20|4.04|4.13|4.20|3.77|3.77|3.17|3.98|3.80
ROVECOLLIER CAROLYN|01:830:311:02|4.28|4.20|4.04|4.13|4.20|3.77|3.77|3.17|3.98|3.80
MATZEL LOUIS|01:830:311:03|4.28|4.20|4.04|4.13|4.20|3.77|3.77|3.17|3.98|3.80
BANGASSERWAXLER DEBRA|01:830:312:02|4.46|4.55|4.30|4.60|4.39|4.22|4.05|3.35|4.45|4.23
OTTO TIMOTHY|01:830:313:02|4.43|4.37|4.38|4.33|4.10|4.00|4.25|3.81|4.21|4.03
ROSSIGEORGE ALBA|01:830:313:05|4.43|4.37|4.38|4.33|4.10|4.00|4.25|3.81|4.21|4.03
CUDDY AMY|01:830:321:03|4.82|4.54|4.58|4.61|4.62|4.43|4.47|4.12|4.62|4.54
KILIANSKI STEVE|01:830:321:08|4.82|4.54|4.58|4.61|4.62|4.43|4.47|4.12|4.62|4.54|1.00|5.00|4.00|1.00
KILIANSKI STEVE|01:830:323:01|5.00|4.92|4.77|4.92|4.92|4.85|4.77|4.08|4.92|4.85
MATHY FABIEN|01:830:331:01|4.17|3.64|3.78|3.99|4.20|3.51|3.71|4.11|3.61|3.63
CARMODY DEANLS|01:830:331:04|4.17|3.64|3.78|3.99|4.20|3.51|3.71|4.11|3.61|3.63|5.00
MATHY FABIEN|01:830:331:10|4.17|3.64|3.78|3.99|4.20|3.51|3.71|4.11|3.61|3.63
TOMA DONNA|01:830:333:01|3.61|4.41|4.44|4.61|4.37|4.04|4.02|4.06|4.02|4.05
TOMA DONNA|01:830:333:05|3.61|4.41|4.44|4.61|4.37|4.04|4.02|4.06|4.02|4.05|5.00|5.00|5.00|5.00|5.00|5.00|5.00|5.00|5.00
KRAMER DEIRDRE|01:830:335:01|3.93|3.94|3.34|4.06|4.05|3.18|3.25|3.28|3.44|3.24
FRIEDMAN MICHAEL|01:830:340:01|4.51|4.57|4.58|4.60|4.60|4.34|4.45|4.31|4.47|4.46
JAMES CARLTON|01:830:340:05|4.51|4.57|4.58|4.60|4.60|4.34|4.45|4.31|4.47|4.46|2.05|3.16|5.00|5.00|5.00|5.00|5.00
ACKROFF JOHN|01:830:340:07|4.51|4.57|4.58|4.60|4.60|4.34|4.45|4.31|4.47|4.46|2.05|3.16|5.00|5.00|5.00|5.00
STROMSWOLD KARIN|01:830:353:01|4.22|4.43|4.09|4.39|4.26|3.86|3.91|3.91|4.14|3.95
WAGNER GEORGE|01:830:363:01|4.83|4.87|4.83|4.93|4.73|4.73|4.87|4.33|4.87|4.72
AIELLO JOHN|01:830:373:01|4.71|4.62|4.74|4.57|4.40|4.71|4.74|3.49|4.83|4.77
SANCHEZ DIANA|01:830:381:01|4.31|4.06|4.39|4.14|3.51|3.77|3.89|3.72|3.73|3.89
JAMES CARLTON|01:830:393:01|4.51|4.74|4.82|4.80|4.61|4.47|4.68|4.74|4.64|4.58
KRAMER DEIRDRE|01:830:393:71|4.51|4.74|4.82|4.80|4.61|4.47|4.68|4.74|4.64|4.58
ELIAS MAURICE|01:830:394:01|4.58|4.77|4.60|4.81|4.75|4.54|4.36|3.89|4.58|4.54
KRAMER DEIRDRE|01:830:396:02|4.55|4.61|4.31|4.65|4.44|4.05|4.33|4.34|4.19|4.37
HARRIS SANDRA|01:830:396:04|4.55|4.61|4.31|4.65|4.44|4.05|4.33|4.34|4.19|4.37
HUDSON JUDITH|01:830:396:07|4.55|4.61|4.31|4.65|4.44|4.05|4.33|4.34|4.19|4.37
KRAMER DEIRDRE|01:830:397:02|4.47|4.87|4.50|4.80|4.75|4.27|4.40|4.33|4.27|4.47
SCHUSTER MARK|01:830:421:01|4.88|4.72|4.89|4.72|4.78|4.78|4.89|4.11|4.72|4.78
ELIAS MAURICE|01:830:494:01|5.00|5.00|4.82|5.00|4.78|5.00|5.00|4.73|5.00|5.00
