JACKSONBREWER       KARLA|01:014:103:02|4.32|4.59|4.45|4.48|4.32|4.57|4.62|4.15|4.65|4.58|5.00|4.50|4.50|5.00|5.00|5.00|5.00|5.00|5.00
RAMSAMY             EDWARD|01:014:203:01|4.89|4.91|4.91|4.92|4.81|4.84|4.85|4.62|4.87|4.86|5.00|5.00|5.00|5.00|5.00|5.00|5.00
MAZRUI              ALAMIN|01:014:212:01|4.67|4.70|4.74|4.78|4.64|4.68|4.70|3.88|4.67|4.59|3.50
REED                SAMUEL|01:014:230:01|4.73|4.82|4.68|4.73|4.83|4.64|4.59|4.59|4.65|4.58
BETHEL              LEONARD|01:014:269:01|4.29|4.27|4.41|4.55|4.47|4.26|4.18|3.85|4.38|4.24|4.17|4.40|4.60|4.40|4.60|4.60|4.67|4.67|4.67
ALI                 YUSEF|01:014:304:01|4.14|4.31|4.64|4.50|4.39|4.14|4.28|4.20|4.25|4.44|5.00|5.00|5.00|5.00|5.00
TATE                GAYLE|01:014:306:01|4.79|4.79|4.74|4.79|4.74|4.72|4.78|4.83|4.94|4.93
BETHEL              LEONARD|01:014:323:01|4.73|4.64|4.91|5.00|4.91|4.55|4.55|4.82|4.80|4.60
KHAN                KAMAL|01:014:347:01|4.47|4.32|4.42|4.26|4.39|4.11|4.37|4.21|4.33|4.39|4.00|3.00|4.00|4.00|3.00|4.00|3.00|4.00|4.00
ALMONOR             CARM|01:014:349:01|3.90|4.20|4.20|4.20|4.20|4.10|3.80|3.70|4.50|4.44|5.00
TATE                GAYLE|01:014:362:01|4.94|4.88|4.89|4.89|4.78|4.82|4.94|4.28|4.94|4.87|5.00
RAMSAMY             EDWARD|01:014:490:01|5.00|5.00|5.00|5.00|5.00|5.00|5.00|4.87|5.00|5.00
