DEIS                FRANK|01:694:301:01|4.29|4.34|4.25|4.40|4.18|4.06|4.15|3.48|4.22|4.11|4.41|4.23|3.29|4.31
VERSHON             ANDREW|01:694:315:01|4.61|4.74|4.46|4.69|4.38|4.47|4.41|4.29|4.57|4.33|2.32|4.24|3.68|2.38|2.75|4.27|2.89|1.68
NEMEROFF            MARTY|01:694:315:01|4.61|4.74|4.46|4.69|4.38|4.47|4.41|4.29|4.57|4.33|2.32|4.24|3.68|2.38|2.75|4.27|2.89|1.68
DEIS                FRANK|01:694:407:01|4.16|3.90|3.49|3.77|3.87|3.37|3.70|3.73|3.49|3.63|3.91|3.83|3.40|2.63
SEVERINOV           KONSTANTIN|01:694:407:01|4.16|3.90|3.49|3.77|3.87|3.37|3.70|3.73|3.49|3.63|3.91|3.83|3.40|2.63
NIEDERMAN           ROBERT|01:694:407:01|4.16|3.90|3.49|3.77|3.87|3.37|3.70|3.73|3.49|3.63|3.91|3.83|3.40|2.63
MATSUMURA           FUMIC|01:694:411:01|4.56|4.56|4.19|4.52|4.55|4.22|4.19|4.52|4.48|4.76
GRANT               BARTH|01:694:411:01|4.56|4.56|4.19|4.52|4.55|4.22|4.19|4.52|4.48|4.76|5.00
BRILL               STEPHEN|01:694:411:01|4.56|4.56|4.19|4.52|4.55|4.22|4.19|4.52|4.48|4.76
GABRIEL             ABRAM|01:694:411:01|4.56|4.56|4.19|4.52|4.55|4.22|4.19|4.52|4.48|4.76
PADGETT             RICHARD|01:694:483:01|4.63|4.72|4.50|4.59|4.24|4.38|4.44|4.35|4.44|4.52
GUNDERSON           SAMUEL|01:694:483:01|4.63|4.72|4.50|4.59|4.24|4.38|4.44|4.35|4.44|4.52
