ZHU LIHVI|01:165:102:01|4.72|4.86|4.79|4.81|4.78|4.77|4.84|4.78|4.86|4.80
ZHU LIHUI|01:165:102:02|4.72|4.86|4.79|4.81|4.78|4.77|4.84|4.78|4.86|4.80
HSIEH YUI|01:165:102:03|4.72|4.86|4.79|4.81|4.78|4.77|4.84|4.78|4.86|4.80|5.00|5.00|5.00|5.00|5.00|5.00|5.00|5.00|5.00
SIMMONS RICHARD|01:165:102:70|4.72|4.86|4.79|4.81|4.78|4.77|4.84|4.78|4.86|4.80
HSIEH YUI|01:165:111:01|4.25|4.06|4.37|4.06|4.27|4.12|4.19|4.12|4.12|4.20|5.00|5.00
WU YURU|01:165:111:02|4.25|4.06|4.37|4.06|4.27|4.12|4.19|4.12|4.12|4.20
HSIEH YUI|01:165:112:01|4.70|4.70|4.70|4.83|4.70|4.74|4.78|4.65|4.73|4.68|5.00|5.00|5.00|5.00|5.00|5.00|5.00|5.00
TSCHANZ DIETRICH|01:165:202:01|4.79|4.71|4.50|4.70|4.74|4.50|4.73|4.78|4.65|4.62|5.00|5.00|5.00|5.00|5.00|5.00|5.00|5.00|5.00
WU YURU|01:165:202:02|4.79|4.71|4.50|4.70|4.74|4.50|4.73|4.78|4.65|4.62
TSU JING|01:165:220:01|4.14|4.18|4.32|4.23|4.02|3.80|3.91|3.60|4.21|4.19|5.00|4.00|4.00|4.00|5.00|5.00|4.00|5.00|4.00
GONG LIN|01:165:222:01|4.07|4.17|4.23|4.30|4.07|3.69|4.20|4.47|3.87|3.93|4.00
TSCHANZ DIETRICH|01:165:242:01|4.90|4.80|4.60|4.90|4.90|4.70|4.85|3.95|4.89|4.67
WANG BAN|01:165:262:01|4.64|4.32|4.30|4.46|4.42|4.15|4.16|3.89|4.42|4.37|5.00
WU YURU|01:165:302:02|4.91|4.91|4.91|4.96|5.00|4.83|4.91|4.57|4.83|4.81
WU YURU|01:165:322:01|4.80|4.74|4.58|4.68|4.74|4.58|4.63|4.16|4.68|4.68
QI YUNFANG|01:165:362:01|4.76|4.62|4.69|4.76|4.69|4.55|4.66|4.41|4.67|4.70
TU ICHING|01:165:419:01|4.50|4.44|4.38|4.63|4.25|4.19|4.38|4.13|4.40|4.63|4.00|3.00|3.00|3.00
SIMMONS RICHARD|01:165:425:01|4.75|4.58|4.00|4.83|4.75|4.17|4.08|4.00|4.33|4.33
SHEN GLORIA|01:165:452:01|4.06|4.19|4.25|4.25|4.00|4.00|4.13|3.87|4.13|4.07|4.00|5.00|5.00
