RUBIN               JEFF|01:220:102:01|4.57|4.40|4.14|4.52|4.44|3.97|4.05|3.54|4.18|4.07
ALTSHULER           ROSANNE|01:220:102:03|4.57|4.40|4.14|4.52|4.44|3.97|4.05|3.54|4.18|4.07
GIGLIOTTI           GARY|01:220:102:04|4.57|4.40|4.14|4.52|4.44|3.97|4.05|3.54|4.18|4.07|3.10|3.67|3.25|4.00|4.00|4.00|3.50|3.75|3.67
PERRY               MARTIN|01:220:102:06|4.57|4.40|4.14|4.52|4.44|3.97|4.05|3.54|4.18|4.07|3.10|3.67|3.25|4.00|4.00|4.00|3.50|3.75|3.67
ULKU                LEVENT|01:220:102:13|4.57|4.40|4.14|4.52|4.44|3.97|4.05|3.54|4.18|4.07
KILLINGSWORTH       MARK|01:220:102:71|4.57|4.40|4.14|4.52|4.44|3.97|4.05|3.54|4.18|4.07|3.10
SHEFLIN             N|01:220:103:01|4.35|4.33|4.26|4.17|4.00|3.85|4.06|3.61|4.11|3.98|4.00|3.00|1.00|2.00|4.00|3.00|5.00|5.00|5.00
CLARE               GREGORY|01:220:103:03|4.35|4.33|4.26|4.17|4.00|3.85|4.06|3.61|4.11|3.98
BOWBLIS             JOHN|01:220:202:02|4.69|4.85|4.54|4.79|4.71|4.43|4.50|3.62|4.64|4.50
PIEHL               ANNE|01:220:203:01|4.70|4.45|4.10|4.47|4.32|4.02|4.12|3.75|4.30|4.14
KILLINGSWORTH       MARK|01:220:203:02|4.70|4.45|4.10|4.47|4.32|4.02|4.12|3.75|4.30|4.14|3.28
MOEHLING            CAROLYN|01:220:203:03|4.70|4.45|4.10|4.47|4.32|4.02|4.12|3.75|4.30|4.14|3.28|5.00|5.00|5.00
PIEHL               ANNE|01:220:203:04|4.70|4.45|4.10|4.47|4.32|4.02|4.12|3.75|4.30|4.14|3.28|5.00|5.00
ULKU                LEVENT|01:220:203:05|4.70|4.45|4.10|4.47|4.32|4.02|4.12|3.75|4.30|4.14
DUTTA               M|01:220:204:03|4.13|3.94|3.92|4.09|4.12|3.77|3.85|3.89|3.84|3.83|5.00
RABBY               MD|01:220:204:05|4.13|3.94|3.92|4.09|4.12|3.77|3.85|3.89|3.84|3.83|5.00|5.00
FERNANDEZ           ANDREW|01:220:204:10|4.13|3.94|3.92|4.09|4.12|3.77|3.85|3.89|3.84|3.83
GANGULI             BODHI|01:220:204:12|4.13|3.94|3.92|4.09|4.12|3.77|3.85|3.89|3.84|3.83
PRUSA               THOMAS|01:220:300:03|4.50|4.42|4.26|4.44|4.00|4.07|4.14|3.73|4.30|4.12|3.67|3.67|4.00|3.00|3.00|3.00
GANG                IRA|01:220:300:04|4.50|4.42|4.26|4.44|4.00|4.07|4.14|3.73|4.30|4.12
CHAUDHURI           BASANTA|01:220:300:11|4.50|4.42|4.26|4.44|4.00|4.07|4.14|3.73|4.30|4.12
CHAUDHURI           BASANTA|01:220:300:12|4.50|4.42|4.26|4.44|4.00|4.07|4.14|3.73|4.30|4.12
WHITE               EUGENE|01:220:301:01|4.03|3.98|4.04|3.88|3.68|3.54|3.82|3.92|3.82|3.71
SHEFLIN             N|01:220:301:04|4.03|3.98|4.04|3.88|3.68|3.54|3.82|3.92|3.82|3.71
ROCKOFF             HUGH|01:220:305:01|4.65|4.53|4.48|4.62|4.45|4.35|4.32|4.03|4.49|4.47
ROCKOFF             HUGH|01:220:305:02|4.65|4.53|4.48|4.62|4.45|4.35|4.32|4.03|4.49|4.47
WARMINGHAM          DALE|01:220:308:05|4.62|4.50|4.41|4.52|4.54|4.38|4.30|3.88|4.46|4.39|4.50|4.00|4.00|4.00|4.00|4.00|4.00|4.00
CLARA               GREGORY|01:220:308:06|4.62|4.50|4.41|4.52|4.54|4.38|4.30|3.88|4.46|4.39
RUBIN               JEFF|01:220:316:01|4.03|4.20|3.73|4.37|3.76|3.43|3.53|3.82|3.75|3.66|5.00
DELIA               DEREK|01:220:322:02|4.56|4.16|3.74|4.16|4.23|3.69|3.83|3.35|3.97|3.80
PACZKOWSKI          WALTER|01:220:322:04|4.56|4.16|3.74|4.16|4.23|3.69|3.83|3.35|3.97|3.80
BOWBLIS             JOHN|01:220:322:05|4.56|4.16|3.74|4.16|4.23|3.69|3.83|3.35|3.97|3.80
LANDONLANE          JOHN|01:220:322:07|4.56|4.16|3.74|4.16|4.23|3.69|3.83|3.35|3.97|3.80
SIGMAN              HILARY|01:220:332:01|3.83|4.07|3.63|3.93|3.82|3.17|3.14|3.31|3.47|3.38
CLARE               GREGORY|01:220:335:01|4.29|4.25|3.96|4.17|4.00|3.92|3.83|3.58|4.22|4.00
GANGULI             BODHI|01:220:336:02|4.74|4.61|4.12|4.44|4.42|4.06|4.26|3.67|4.49|4.39
GANG                IRA|01:220:339:01|3.61|4.03|3.97|4.08|3.92|3.31|3.68|3.58|3.62|3.55
SIGMAN              HILARY|01:220:341:01|4.20|4.17|3.79|4.32|4.09|3.71|3.85|3.30|3.85|3.78|4.00|4.00|4.00|4.00|4.00
WHITE               EUGENE|01:220:343:01|5.00|4.82|4.55|4.91|3.91|4.73|4.64|4.27|4.82|4.73
DUTTA               MANORANJAN|01:220:359:01|3.92|3.36|4.11|3.63|3.62|3.50|3.93|3.72|3.69|3.81|4.33
PACZKOWSKI          WALTER|01:220:362:01|4.78|4.70|4.63|4.11|4.30|4.30|4.60|3.40|4.56|4.33
PALACIOSSALGUERO    LUIS|01:220:393:01|3.71|3.08|3.03|3.79|3.67|2.93|3.16|3.98|2.97|3.10|3.00
LU                  JIE|01:220:393:02|3.71|3.08|3.03|3.79|3.67|2.93|3.16|3.98|2.97|3.10
MIZRACH             BRUCE|01:220:394:01|4.44|3.89|4.39|4.06|4.39|4.00|4.22|4.67|4.22|4.28
PALACIOSSALGUERO    LUIS|01:220:395:01|4.03|3.58|3.41|3.84|4.11|3.54|3.97|3.71|3.63|3.71|3.00|3.00|3.00|3.00|3.00|3.00|3.00|3.00|3.00
PERRY               MARTIN|01:220:396:01|4.61|4.63|4.51|4.74|4.54|4.36|4.59|3.98|4.53|4.45
RUSSELL             LOUISE|01:220:401:71|5.00|4.89|4.33|4.89|4.50|4.22|5.00|4.56|4.78|4.78
SOPHER              BARRY|01:220:405:01|3.67|5.00|4.50|4.50|5.00|5.00|4.00|4.00|5.00|4.00
CAMPBELL            COLIN|01:220:406:01|4.76|4.81|4.38|4.81|4.71|4.48|4.48|4.29|4.62|4.33
HUGHES              JOSEPH|01:220:408:01|4.47|4.40|3.93|4.47|4.27|3.80|4.00|3.73|4.14|4.29
OCCHINO             FILIPPO|01:220:415:01|4.60|4.60|4.70|4.90|4.80|4.70|4.50|4.70|4.70|4.50
