BOGHOSSIAN          ANNELIESE|01:470:101:04|4.70|4.63|4.63|4.73|4.67|4.47|4.62|4.33|4.63|4.55|4.59|4.65|4.07|4.31|4.00|4.00|4.00|4.00|3.00
KUHN                KENNETH|01:470:102:01|4.86|5.00|5.00|5.00|4.92|4.79|4.79|4.79|4.86|4.71|4.86|5.00|4.71|4.57|5.00|5.00|5.00
EHLER               KARIN|01:470:103:01|5.00|4.70|4.40|4.60|4.80|4.10|3.80|4.20|4.40|4.40|4.57|5.00|4.71|4.57
GLOWACKI            DORIS|01:470:131:02|4.57|4.43|4.23|4.58|4.71|4.13|3.94|4.45|4.41|4.14|4.54|4.73|4.31|3.88|5.00|5.00
CRAIG               CHARLOTTE|01:470:132:01|3.20|2.00|2.83|2.67|2.17|2.17|2.17|4.40|1.83|3.00|2.00|3.50|4.67|2.17
NAQVI               FATIMA|01:470:301:01|4.82|5.00|4.73|4.91|4.75|4.75|4.58|4.73|4.83|4.75|4.83|4.92|4.92|4.83
JAROSINSKI          ERIC|01:470:313:01|4.57|5.00|4.86|5.00|4.86|4.57|4.43|4.71|4.86|4.71|5.00|5.00|4.60|4.80
DEANGELO            JAMES|01:470:347:01|4.50|4.75|4.50|4.75|4.50|4.25|4.50|4.75|4.75|4.25|4.75|5.00|4.75|4.50
RENNIE              NICHOLAS|01:470:364:01|4.88|5.00|5.00|5.00|4.50|4.50|4.38|3.75|4.63|4.50|4.00|5.00|4.00|4.00
JAROSINSKI          ERIC|01:470:389:01|4.25|4.50|4.75|4.50|4.75|4.25|4.50|4.63|4.63|4.25|4.63|4.13|4.63|4.75
JAROSINSKI          ERIC|01:470:390:01|5.00|5.00|5.00|5.00|4.83|5.00|4.80|3.83|5.00|4.83|5.00|4.75|5.00|5.00
CIKLAMINI           MARLENE|01:470:391:01|4.50|4.88|3.88|4.75|4.38|4.00|4.13|3.88|4.50|4.25|4.38|4.63|4.25|4.00
