ZBAIDA              SHMUEL|01:160:159:00|4.20|3.93|3.44|4.10|3.80|3.45|3.35|2.84|3.68|3.12
MARVASTI            SETAREH|01:160:159:00|4.20|3.93|3.44|4.10|3.80|3.45|3.35|2.84|3.68|3.12|4.47|4.71
MARVASTI            SETAREH|01:160:159:01|4.20|3.93|3.44|4.10|3.80|3.45|3.35|2.84|3.68|3.12
ROYCHOWDHURY        LIPIKA|01:160:159:02|4.20|3.93|3.44|4.10|3.80|3.45|3.35|2.84|3.68|3.12
ROYCHOWDHURY        LIPIKA|01:160:159:03|4.20|3.93|3.44|4.10|3.80|3.45|3.35|2.84|3.68|3.12
MARVASTI            SETAREH|01:160:159:04|4.20|3.93|3.44|4.10|3.80|3.45|3.35|2.84|3.68|3.12
PETRONE             LOUIS|01:160:159:05|4.20|3.93|3.44|4.10|3.80|3.45|3.35|2.84|3.68|3.12
ZBAIDA              SHMUEL|01:160:159:06|4.20|3.93|3.44|4.10|3.80|3.45|3.35|2.84|3.68|3.12
PETRONE             LOUIS|01:160:159:07|4.20|3.93|3.44|4.10|3.80|3.45|3.35|2.84|3.68|3.12
ROYCHOWDHURY        LIPIKA|01:160:159:08|4.20|3.93|3.44|4.10|3.80|3.45|3.35|2.84|3.68|3.12
ZBAIDA              SHMUEL|01:160:159:09|4.20|3.93|3.44|4.10|3.80|3.45|3.35|2.84|3.68|3.12
ZBAIDA              SHMUEL|01:160:159:10|4.20|3.93|3.44|4.10|3.80|3.45|3.35|2.84|3.68|3.12|4.47|4.71
ROYCHOWDHURY        LIPIKA|01:160:159:12|4.20|3.93|3.44|4.10|3.80|3.45|3.35|2.84|3.68|3.12
ROYCHOWDHURY        LIPIKA|01:160:159:13|4.20|3.93|3.44|4.10|3.80|3.45|3.35|2.84|3.68|3.12
MARVASTI            SETAREH|01:160:159:14|4.20|3.93|3.44|4.10|3.80|3.45|3.35|2.84|3.68|3.12|4.47
ZBAIDA              SHMUEL|01:160:159:16|4.20|3.93|3.44|4.10|3.80|3.45|3.35|2.84|3.68|3.12
KIMMEL              PAUL|01:160:161:00|4.49|4.24|4.06|4.36|4.32|3.93|3.95|3.55|4.14|3.78|4.50|4.25|4.33|4.43|4.33|4.40|4.40|4.40|4.63
RABEONY             MANESE|01:160:161:00|4.49|4.24|4.06|4.36|4.32|3.93|3.95|3.55|4.14|3.78
VASSILIAN           ASBED|01:160:161:00|4.49|4.24|4.06|4.36|4.32|3.93|3.95|3.55|4.14|3.78|4.50
GOVINDARAJOO        GEETA|01:160:161:00|4.49|4.24|4.06|4.36|4.32|3.93|3.95|3.55|4.14|3.78|4.50|4.25|4.33|4.43|4.33|4.40|4.40|4.40|4.63
SIEGEL              DONALD|01:160:161:00|4.49|4.24|4.06|4.36|4.32|3.93|3.95|3.55|4.14|3.78|4.50|4.25
PETRONE             LOUIS|01:160:161:01|4.49|4.24|4.06|4.36|4.32|3.93|3.95|3.55|4.14|3.78
PETRONE             LOUIS|01:160:161:02|4.49|4.24|4.06|4.36|4.32|3.93|3.95|3.55|4.14|3.78
GOVINGARAJOO        GEETA|01:160:161:03|4.49|4.24|4.06|4.36|4.32|3.93|3.95|3.55|4.14|3.78
AGARWAL             RAMESHWAR|01:160:161:04|4.49|4.24|4.06|4.36|4.32|3.93|3.95|3.55|4.14|3.78
AGARWAL             RAMESHWAR|01:160:161:05|4.49|4.24|4.06|4.36|4.32|3.93|3.95|3.55|4.14|3.78
SANGARI             HARPAL|01:160:161:07|4.49|4.24|4.06|4.36|4.32|3.93|3.95|3.55|4.14|3.78|4.50|4.25
SANGARI             HARPAL|01:160:161:08|4.49|4.24|4.06|4.36|4.32|3.93|3.95|3.55|4.14|3.78
PETRONE             LOUIS|01:160:161:09|4.49|4.24|4.06|4.36|4.32|3.93|3.95|3.55|4.14|3.78
MARKY               NANCY|01:160:161:12|4.49|4.24|4.06|4.36|4.32|3.93|3.95|3.55|4.14|3.78|4.50
MARKY               NANCY|01:160:161:13|4.49|4.24|4.06|4.36|4.32|3.93|3.95|3.55|4.14|3.78
SANGARI             HARPAL|01:160:161:14|4.49|4.24|4.06|4.36|4.32|3.93|3.95|3.55|4.14|3.78
PETRONE             LOUIS|01:160:161:18|4.49|4.24|4.06|4.36|4.32|3.93|3.95|3.55|4.14|3.78|4.63
MARKY               NANCY|01:160:161:19|4.49|4.24|4.06|4.36|4.32|3.93|3.95|3.55|4.14|3.78
GOVINDARAJOO        GEETA|01:160:161:21|4.49|4.24|4.06|4.36|4.32|3.93|3.95|3.55|4.14|3.78|4.50
TAVSS               EDWARD|01:160:161:22|4.49|4.24|4.06|4.36|4.32|3.93|3.95|3.55|4.14|3.78|4.63
MARKY               NANCY|01:160:161:23|4.49|4.24|4.06|4.36|4.32|3.93|3.95|3.55|4.14|3.78
GOVINDARAJOO        GEETA|01:160:161:24|4.49|4.24|4.06|4.36|4.32|3.93|3.95|3.55|4.14|3.78|4.50|4.25|4.33|4.43|4.33|4.40|4.40|4.40|4.63
TAVSS               EDWARD|01:160:161:25|4.49|4.24|4.06|4.36|4.32|3.93|3.95|3.55|4.14|3.78
SANGARI             HARPAL|01:160:161:26|4.49|4.24|4.06|4.36|4.32|3.93|3.95|3.55|4.14|3.78
SANGARI             HARPAL|01:160:161:27|4.49|4.24|4.06|4.36|4.32|3.93|3.95|3.55|4.14|3.78
TAVSS               EDWARD|01:160:161:28|4.49|4.24|4.06|4.36|4.32|3.93|3.95|3.55|4.14|3.78
MARKY               NANCY|01:160:161:29|4.49|4.24|4.06|4.36|4.32|3.93|3.95|3.55|4.14|3.78
SIEGEL              DONALD|01:160:161:30|4.49|4.24|4.06|4.36|4.32|3.93|3.95|3.55|4.14|3.78
PORCJA              ROBERT|01:160:161:31|4.49|4.24|4.06|4.36|4.32|3.93|3.95|3.55|4.14|3.78
PORCJA              ROBERT|01:160:161:33|4.49|4.24|4.06|4.36|4.32|3.93|3.95|3.55|4.14|3.78
AGARWAL             RAMESHWAR|01:160:161:34|4.49|4.24|4.06|4.36|4.32|3.93|3.95|3.55|4.14|3.78
PORCJA              ROBERT|01:160:161:36|4.49|4.24|4.06|4.36|4.32|3.93|3.95|3.55|4.14|3.78
CARLSON             DAVID|01:160:161:71|4.49|4.24|4.06|4.36|4.32|3.93|3.95|3.55|4.14|3.78
CARLSON             DAVID|01:160:161:72|4.49|4.24|4.06|4.36|4.32|3.93|3.95|3.55|4.14|3.78
ZHANG               HONGMEI|01:160:161:73|4.49|4.24|4.06|4.36|4.32|3.93|3.95|3.55|4.14|3.78
ZHANG               HONGMEI|01:160:161:74|4.49|4.24|4.06|4.36|4.32|3.93|3.95|3.55|4.14|3.78
ZHANG               HONGMEI|01:160:161:75|4.49|4.24|4.06|4.36|4.32|3.93|3.95|3.55|4.14|3.78
VASSILIAN           ASBED|01:160:161:76|4.49|4.24|4.06|4.36|4.32|3.93|3.95|3.55|4.14|3.78
MARKY               NANCY|01:160:162:00|4.01|3.85|3.57|3.99|3.89|3.39|3.34|3.02|3.60|3.19|4.33|5.00|5.00|5.00|5.00|5.00|5.00|5.00
PORCJA              ROBERS|01:160:162:01|4.01|3.85|3.57|3.99|3.89|3.39|3.34|3.02|3.60|3.19|4.33
WALDLICH            JUDITH|01:160:162:02|4.01|3.85|3.57|3.99|3.89|3.39|3.34|3.02|3.60|3.19|4.33
PORCJA              ROBERT|01:160:162:04|4.01|3.85|3.57|3.99|3.89|3.39|3.34|3.02|3.60|3.19
WALDLICH            JUDITH|01:160:162:06|4.01|3.85|3.57|3.99|3.89|3.39|3.34|3.02|3.60|3.19
WALDLICH            JUDY|01:160:162:07|4.01|3.85|3.57|3.99|3.89|3.39|3.34|3.02|3.60|3.19
PORCJA              ROBERT|01:160:162:08|4.01|3.85|3.57|3.99|3.89|3.39|3.34|3.02|3.60|3.19
KRENOS              JOHN|01:160:163:01|4.78|4.62|4.49|4.73|4.83|4.46|4.53|4.20|4.72|4.74|5.00
XU                  DI|01:160:171:05|4.39|4.19|3.93|4.29|3.96|3.85|3.67|3.19|4.08|3.60|4.29|4.50|5.00|5.00|5.00
MASTROGIOVANNI      DANIEL|01:160:171:07|4.39|4.19|3.93|4.29|3.96|3.85|3.67|3.19|4.08|3.60|4.29
ZHANG               CHEW|01:160:171:10|4.39|4.19|3.93|4.29|3.96|3.85|3.67|3.19|4.08|3.60|4.29|4.50|5.00|5.00|5.00|5.00|5.00|5.00|5.00
XU                  DI|01:160:171:11|4.39|4.19|3.93|4.29|3.96|3.85|3.67|3.19|4.08|3.60
MASTROGIOVANNI      DANIEL|01:160:171:29|4.39|4.19|3.93|4.29|3.96|3.85|3.67|3.19|4.08|3.60
HE                  XIANGLAN|01:160:171:30|4.39|4.19|3.93|4.29|3.96|3.85|3.67|3.19|4.08|3.60
HE                  XIANGLAN|01:160:171:43|4.39|4.19|3.93|4.29|3.96|3.85|3.67|3.19|4.08|3.60|5.00|5.00
KNAPP               SPENCER|01:160:209:01|4.14|3.05|3.52|3.32|3.56|2.95|2.93|2.25|3.11|2.89
VASSILLIAN          ASBED|01:160:251:00|4.39|4.18|3.96|4.36|3.91|3.89|4.01|3.89|4.05|3.73|5.00|5.00|5.00
MARVASTI            SETAREH|01:160:251:02|4.39|4.18|3.96|4.36|3.91|3.89|4.01|3.89|4.05|3.73
ROTH                HEINZ|01:160:307:31|4.06|3.82|3.63|3.70|3.79|3.54|3.73|3.30|3.73|3.34|4.64
OCONNOR             PATRICK|01:160:307:31|4.06|3.82|3.63|3.70|3.79|3.54|3.73|3.30|3.73|3.34|4.64|3.78|4.00|3.71|4.00|3.50|4.29|4.14|4.75
BOIKESS             ROBERT|01:160:307:31|4.06|3.82|3.63|3.70|3.79|3.54|3.73|3.30|3.73|3.34|4.64|3.78|4.00|3.71|4.00|3.50|4.29|4.14|4.75
BOIKESS             ROBERT|01:160:307:41|4.06|3.82|3.63|3.70|3.79|3.54|3.73|3.30|3.73|3.34|4.00|4.00
OCONNOR             PATRICK|01:160:307:41|4.06|3.82|3.63|3.70|3.79|3.54|3.73|3.30|3.73|3.34|4.64|3.78|4.00|3.71|4.00|3.50|4.29|4.14|4.75
OCONNOR             PATRICK|01:160:307:51|4.06|3.82|3.63|3.70|3.79|3.54|3.73|3.30|3.73|3.34|4.64|3.78|4.00|3.71|4.00|3.50|4.29|4.14
TAYLOR              JOHN|01:160:310:00|4.65|4.70|4.70|4.73|4.49|4.57|4.65|4.46|4.68|4.36|5.00
GOVINDARAJOO        GEETA|01:160:311:01|4.52|4.35|3.94|4.35|4.11|3.94|3.90|3.28|4.26|3.74
GOVINDARAJOO        GEETA|01:160:311:02|4.52|4.35|3.94|4.35|4.11|3.94|3.90|3.28|4.26|3.74
GOVINDARAJOO        GEETA|01:160:311:03|4.52|4.35|3.94|4.35|4.11|3.94|3.90|3.28|4.26|3.74|5.00
GOVINDARAJOO        GEETA|01:160:311:05|4.52|4.35|3.94|4.35|4.11|3.94|3.90|3.28|4.26|3.74
BISWAS              SOUMIK|01:160:311:06|4.52|4.35|3.94|4.35|4.11|3.94|3.90|3.28|4.26|3.74
GOVINDARAJOO        GEETA|01:160:311:06|4.52|4.35|3.94|4.35|4.11|3.94|3.90|3.28|4.26|3.74
GOVINDARAJOO        GEETA|01:160:311:07|4.52|4.35|3.94|4.35|4.11|3.94|3.90|3.28|4.26|3.74|5.00
GOVINDARAJOO        GEETA|01:160:311:13|4.52|4.35|3.94|4.35|4.11|3.94|3.90|3.28|4.26|3.74
GOVINDARAJOO        GEETA|01:160:311:15|4.52|4.35|3.94|4.35|4.11|3.94|3.90|3.28|4.26|3.74|5.00|5.00|5.00|5.00|5.00|5.00|5.00|5.00|5.00
HERZOG              GREG|01:160:327:02|4.29|3.99|3.84|4.10|3.99|3.69|3.75|3.70|3.88|3.70|5.00|5.00|5.00|5.00|5.00|5.00|5.00|5.00|5.00
KROGHJESPERSON      KARSTEN|01:160:327:02|4.29|3.99|3.84|4.10|3.99|3.69|3.75|3.70|3.88|3.70|5.00|5.00|5.00|5.00|5.00|5.00|5.00|5.00|5.00
MARKY               NANCY|01:160:341:01|3.86|3.68|3.69|3.83|3.38|3.35|3.26|3.03|3.48|3.21
ISIED               STEPHAN|01:160:371:01|4.25|4.07|4.00|4.47|4.29|4.00|4.20|3.80|3.93|4.00
LEE                 JEEHIUN|01:160:411:01|5.00|5.00|5.00|5.00|5.00|4.33|4.33|4.33|5.00|4.67
UHRICH              KATHRYN|01:160:491:02|4.71|4.71|4.36|4.69|4.50|4.46|4.54|3.93|4.57|4.50
