REED JAMES|01:512:103:01|4.67|4.25|4.49|4.29|4.04|3.88|4.05|3.71|4.27|4.16|3.00|1.00|1.00|1.00|1.00
CLEMENS PAUL|01:512:104:02|4.66|4.53|4.47|4.50|4.43|4.25|4.26|4.10|4.41|4.28
RASMUSSEN CHRIS|01:512:104:15|4.66|4.53|4.47|4.50|4.43|4.25|4.26|4.10|4.41|4.28
GILLETTE WILLIAM|01:512:104:20|4.66|4.53|4.47|4.50|4.43|4.25|4.26|4.10|4.41|4.28|4.50|4.00|5.00
FURMAN HARRY|01:512:104:22|4.66|4.53|4.47|4.50|4.43|4.25|4.26|4.10|4.41|4.28
ONEILL WILLIAM|01:512:242:01|4.80|4.23|4.53|4.15|3.42|4.00|4.62|4.57|4.39|4.29
FLANDERS AMY|01:512:305:01|4.32|4.11|3.11|4.11|3.68|3.05|3.32|4.47|3.26|3.37
ONEILL WILLIAM|01:512:306:01|4.82|4.55|4.57|4.55|4.05|4.36|4.68|4.57|4.73|4.71
WAILOO KEITH|01:512:322:01|4.97|4.87|4.77|4.90|4.60|4.63|4.73|4.53|4.79|4.74|5.00
SCHREPFER SUSAN|01:512:324:01|4.65|4.73|4.58|4.64|4.68|4.50|4.54|4.04|4.50|4.52|5.00
VARDALAS JOHN|01:512:326:01|4.55|4.41|4.28|4.61|4.10|4.00|4.31|3.55|4.28|4.10
PAULY PHILIP|01:512:328:01|4.58|4.70|4.75|4.74|4.61|4.57|4.38|4.08|4.65|4.67|4.00|3.00|3.00|3.00|3.00|3.00
MUEHLBAUER MATTHEW|01:512:348:01|4.84|4.61|4.42|4.67|4.26|4.24|4.46|4.33|4.50|4.45|5.00|5.00|5.00|5.00|5.00|5.00|5.00|5.00|5.00
FOGLESONG DAVID|01:512:352:01|4.82|4.83|4.43|4.60|4.50|4.42|4.52|3.96|4.73|4.67
MAKALANI MINKAH|01:512:368:01|3.88|4.03|4.20|3.95|3.77|3.56|4.15|4.00|3.83|3.92
MURCH DONNA|01:512:379:01|4.54|4.41|4.11|4.48|4.30|3.81|4.30|4.27|4.15|4.38|3.00
VAPNEK LARA|01:512:381:01|4.52|4.34|3.98|4.31|4.42|3.84|3.97|3.92|4.02|4.00|3.50|5.00|5.00|5.00|5.00
SCHREPFER SUSAN|01:512:392:01|4.67|4.70|4.50|4.67|4.80|4.44|4.45|3.91|4.61|4.52
MITCHELL CHRIS|01:512:392:02|4.67|4.70|4.50|4.67|4.80|4.44|4.45|3.91|4.61|4.52
HEWITT NANCY|01:512:392:04|4.67|4.70|4.50|4.67|4.80|4.44|4.45|3.91|4.61|4.52
GREENBERG DAVID|01:512:392:05|4.67|4.70|4.50|4.67|4.80|4.44|4.45|3.91|4.61|4.52
CLEMENS PAUL|01:512:404:01|4.85|4.81|4.69|4.85|4.76|4.58|4.68|4.15|4.77|4.54
GILLETTE WILLIAM|01:512:410:01|4.09|3.38|3.85|3.69|3.55|3.42|3.97|3.65|3.74|3.82
