TRANSUE GREGG|01:119:100:00|4.24|3.89|3.81|3.92|3.73|3.76|3.71|3.78|3.69|3.39|2.24|2.56|3.05|3.58|3.63|4.17|3.44|3.26|3.44
RURABHI PRATHIMA|01:119:102:25|4.52|4.34|4.12|4.44|4.18|4.10|4.15|3.85|4.28|3.83
UZUIAK ANTHONY|01:119:128:00|4.83|4.89|4.91|4.92|4.81|4.66|4.87|4.65|4.70|4.64
STOLEN JOANNE|01:119:131:01|4.44|4.12|4.10|4.28|4.36|3.62|4.10|3.90|3.68|3.87
SOFER WILLIAM|01:119:140:01|4.59|4.36|4.23|4.50|4.32|4.24|4.14|3.64|4.40|4.35|5.00
SCOTT KATHLEEN|01:119:148:01|4.90|4.87|4.47|4.81|4.26|4.42|4.45|3.45|4.48|4.29|5.00
BREY CHRISTOPHE|01:119:150:03|4.09|3.53|3.79|4.22|3.84|3.32|3.44|3.12|3.42|3.33|5.00|5.00|5.00|5.00
KABIR ZOGHUL|01:119:160:01|4.03|3.78|4.29|4.13|4.21|4.12|4.22|3.23|4.29|4.26
KABIR ZOGHLUL|01:119:160:02|4.03|3.78|4.29|4.13|4.21|4.12|4.22|3.23|4.29|4.26|3.00
UZUIAK ANTHONY|01:119:182:01|4.68|4.78|4.73|4.74|4.46|4.37|4.53|3.83|4.55|4.39|5.00
