MOSHENBERG          ORLY|01:563:101:01|4.39|4.32|4.35|4.23|4.48|3.94|4.39|4.55|4.10|4.23
LEVY                LILY|01:563:101:02|4.39|4.32|4.35|4.23|4.48|3.94|4.39|4.55|4.10|4.23
MOSHENBERG          ORLY|01:563:101:03|4.39|4.32|4.35|4.23|4.48|3.94|4.39|4.55|4.10|4.23|5.00|5.00|5.00|5.00|5.00|5.00|5.00|5.00|5.00
BRYNNOIMAN|01:563:102:01|4.08|3.71|3.79|3.79|4.43|3.50|3.57|4.07|3.86|3.77
GLOCK               PEARL|01:563:103:01|4.80|4.40|4.80|4.20|4.80|4.60|5.00|4.40|5.00|4.80
LEVY                LILY|01:563:131:01|4.88|4.84|4.96|5.00|4.96|4.76|4.48|4.76|4.76|4.64
ZELLENTIN           HOLGER|01:563:201:01|3.61|3.78|3.53|4.27|3.61|3.02|3.22|3.37|3.02|2.91|5.00|4.00|5.00|3.00|5.00
SUSSMAN             LANCE|01:563:202:01|4.21|4.50|4.21|4.64|4.43|4.00|4.31|4.00|4.00|3.77
BRYNNOIMAN          EDNA|01:563:211:01|3.85|3.38|4.00|3.46|3.46|3.08|3.62|4.31|3.25|3.58
RENDSBURG           GARY|01:563:220:01|4.50|4.78|4.67|4.83|4.22|4.39|4.61|4.39|4.56|4.39
DIAMOND             JAMES|01:563:243:01|4.24|4.19|4.41|3.61|3.29|3.61|3.53|3.00|3.89|3.72
YADIN               AZZAN|01:563:311:01|4.80|4.50|4.50|4.45|3.95|4.25|4.47|3.85|4.45|4.30
YADU                AZZAN|01:563:340:01|4.40|4.81|4.88|5.00|4.38|4.63|4.71|4.53|4.63|4.31
YADGAR              YAACOV|01:563:343:01|5.00|4.75|4.13|4.88|4.88|4.25|4.25|4.50|4.43|4.29
SHERMAN             MICHAEL|01:563:345:01|4.73|4.54|4.62|4.42|4.80|4.42|4.65|4.31|4.65|4.60
SINKOFF             N|01:563:395:02|4.50|4.00|4.00|4.50|4.00|4.00|4.50|3.50|4.50|4.00
YADGAR              YAACOV|01:563:396:01|4.77|4.55|4.45|4.64|4.35|4.41|4.23|3.85|4.50|4.40
ELIAS               MAURICE|01:563:396:02|4.77|4.55|4.45|4.64|4.35|4.41|4.23|3.85|4.50|4.40
WILHELN             CORNELIA|01:563:397:01|4.14|4.14|4.00|4.29|3.00|3.43|4.43|3.50|3.71|3.57
BRYNNOIMAN          EDNA|01:563:484:01|5.00|4.50|5.00|4.63|4.38|5.00|5.00|5.00|4.88|5.00
