ALBERT SAMUEL|01:082:105:01|4.43|4.24|4.43|4.40|4.33|4.14|4.22|3.64|4.30|4.14
BUDD DENISE|01:082:105:03|4.43|4.24|4.43|4.40|4.33|4.14|4.22|3.64|4.30|4.14|5.00|5.00|5.00|5.00|5.00
STEFFENSON INGRID|01:082:106:00|4.72|4.28|4.48|4.49|4.40|4.27|4.58|4.12|4.43|4.50
STEFFENSON INGRID|01:082:106:00|4.72|4.28|4.48|4.49|4.40|4.27|4.58|4.12|4.43|4.50|4.67
STACY CHRISTINA|01:082:106:25|4.72|4.28|4.48|4.49|4.40|4.27|4.58|4.12|4.43|4.50
GUILE CAROLYN|01:082:106:30|4.72|4.28|4.48|4.49|4.40|4.27|4.58|4.12|4.43|4.50|4.67
BUDD DENISE|01:082:106:31|4.72|4.28|4.48|4.49|4.40|4.27|4.58|4.12|4.43|4.50
GOPIN SETH|01:082:112:01|4.78|4.89|4.78|4.75|4.60|4.67|4.67|4.67|4.78|4.67
BRETTSMITH SARAH|01:082:250:01|4.16|4.57|4.32|4.63|4.05|3.58|4.21|2.92|4.28|4.08
MARTER JOAN|01:082:305:01|4.35|4.03|4.10|3.79|3.51|3.64|3.92|4.00|4.00|4.00
CYRIL LASMINE|01:082:313:01|4.92|4.88|4.75|5.00|5.00|4.75|4.79|4.61|4.75|4.78|5.00
SMALL JOCELYN|01:082:314:01|4.60|4.17|3.64|3.75|3.24|3.40|3.76|3.20|3.68|3.60
HAHN CYNTHIA|01:082:320:01|3.81|3.74|4.23|3.93|4.15|4.08|4.31|4.32|3.65|4.04
HOWARD ANGELA|01:082:324:01|4.27|3.58|3.94|3.81|3.03|3.62|4.26|3.84|3.61|3.73
HOWARD ANGELA|01:082:326:01|4.00|2.77|3.55|3.09|2.19|2.77|3.71|3.64|2.77|2.95
KENFIELD JOHN|01:082:343:01|4.19|4.70|4.63|4.69|4.15|4.41|4.70|4.18|4.56|4.50
MCHAM SARAH|01:082:354:01|4.76|4.79|4.58|4.79|4.32|4.55|4.66|4.21|4.70|4.64
STEFFENSON INGRID|01:082:368:01|4.92|4.86|4.78|4.86|4.72|4.69|4.81|4.73|4.78|4.74
THUNO ERIK|01:082:373:01|4.85|4.59|4.38|4.38|4.10|4.07|4.30|3.45|4.41|4.28
BRETTSMITH SARAH|01:082:376:01|3.50|3.83|4.17|4.60|2.00|2.80|4.50|2.67|4.00|4.00
ZERVIGON ANDRES|01:082:383:01|4.80|4.81|4.76|4.96|4.57|4.59|4.70|4.52|4.72|4.70
YANNI CARLA|01:082:392:01|4.93|4.93|4.93|4.87|4.87|4.93|5.00|4.80|4.93|4.93
SIDLAUSKAS SUSAN|01:082:396:01|4.87|4.92|4.87|4.82|4.71|4.79|4.87|4.76|4.79|4.82
SIDLAUSKAS SUSAN|01:082:492:01|4.64|4.80|4.84|4.74|4.65|4.59|4.77|3.91|4.71|4.64
KENFIELD JOHN|01:082:492:02|4.64|4.80|4.84|4.74|4.59|4.77|3.91|4.71|4.64
BZDAK MICHAEL|01:082:492:04|4.64|4.80|4.84|4.74|4.65|4.59|4.77|3.91|4.71|4.64
ZERVIGON ANDRES|01:082:492:05|4.64|4.80|4.84|4.74|4.65|4.59|4.77|3.91|4.71|4.64
HARVEY ARCHER|01:082:492:06|4.64|4.80|4.84|4.74|4.65|4.59|4.77|3.91|4.71|4.64
