ZHU                 LIHUI|01:165:101:01|4.76|4.66|4.55|4.77|4.61|4.50|4.72|4.50|4.68|4.57|5.00|5.00|5.00|5.00|5.00|5.00|5.00|5.00|5.00
ZHU                 LIHUI|01:165:101:02|4.76|4.66|4.55|4.77|4.61|4.50|4.72|4.50|4.68|4.57|5.00
NING                JING|01:165:101:03|4.76|4.66|4.55|4.77|4.61|4.50|4.72|4.50|4.68|4.57
LI                  XIAO|01:165:101:04|4.76|4.66|4.55|4.77|4.61|4.50|4.72|4.50|4.68|4.57
SIMMONS             RICHARD|01:165:101:70|4.76|4.66|4.55|4.77|4.61|4.50|4.72|4.50|4.68|4.57
CHANG               PETER|01:165:121:01|4.24|4.57|3.86|4.48|4.10|3.81|4.24|4.43|4.14|4.05
SHEN                GLORIA|01:165:125:01|3.37|3.39|3.63|3.69|3.56|3.04|3.46|3.44|3.12|3.12|5.00|5.00|5.00|5.00|5.00|5.00|5.00|5.00|5.00
CHANG               PETER|01:165:201:01|4.78|4.72|4.74|4.78|4.47|4.68|4.65|4.80|4.73|4.63
WU                  YURU|01:165:201:02|4.78|4.72|4.74|4.78|4.47|4.68|4.65|4.80|4.73|4.63
SIMMONS             RICHARD|01:165:210:01|4.61|4.55|4.30|4.57|4.26|4.14|4.32|3.57|4.24|4.11
CHIANG              MAGGIE|01:165:264:01|4.55|4.55|4.30|4.74|4.30|4.10|4.20|3.65|4.15|4.15
WU                  YURU|01:165:301:01|4.69|4.73|4.40|4.65|4.68|4.28|4.56|4.63|4.54|4.45
NING                JING|01:165:301:02|4.69|4.73|4.40|4.65|4.68|4.28|4.56|4.63|4.54|4.45
WU                  YURU|01:165:321:01|4.92|4.77|4.69|4.77|4.92|4.62|4.81|4.31|4.92|4.88
QI                  YUNFANG|01:165:361:01|4.30|4.20|4.21|4.17|4.53|4.16|4.30|4.10|4.18|4.32|4.00
TU                  CHINGI|01:165:412:01|4.70|4.45|4.45|4.40|4.45|4.20|4.50|4.30|4.65|4.55
CHEN                KY|01:165:424:01|4.18|4.25|4.42|4.45|4.36|4.33|4.09|4.00|4.50|4.67
