RADHAKRISHNAN       RAHUL|01:750:115:77|4.70|4.66|4.46|4.65|4.57|4.37|4.43|3.93|4.56|4.37|4.68|4.31
KOLLER              NOEMIE|01:750:123:02|4.05|3.91|3.60|4.33|4.22|3.48|3.43|3.60|3.72|3.73|4.27|3.55
SLUSKY              SUSAN|01:750:123:04|4.05|3.91|3.60|4.33|4.22|3.48|3.43|3.60|3.72|3.73|4.27|3.55|3.33
SLUSKY              SUSAN|01:750:123:05|4.05|3.91|3.60|4.33|4.22|3.48|3.43|3.60|3.72|3.73|4.27|3.55
LUCIDO              JOSEPH|01:750:123:07|4.05|3.91|3.60|4.33|4.22|3.48|3.43|3.60|3.72|3.73|4.27|3.55
LUCIDO              JOSEPH|01:750:123:16|4.05|3.91|3.60|4.33|4.22|3.48|3.43|3.60|3.72|3.73|4.27|3.55
DEVLIN              THOMAS|01:750:123:17|4.05|3.91|3.60|4.33|4.22|3.48|3.43|3.60|3.72|3.73|4.27|3.55
LUCIDO              JOSEPH|01:750:123:18|4.05|3.91|3.60|4.33|4.22|3.48|3.43|3.60|3.72|3.73|4.27|3.55
KOLLER              NOEMIE|01:750:123:20|4.05|3.91|3.60|4.33|4.22|3.48|3.43|3.60|3.72|3.73|4.27|3.55
OLIVEIRA            ROYSTEIN|01:750:123:23|4.05|3.91|3.60|4.33|4.22|3.48|3.43|3.60|3.72|3.73|4.27|3.55|3.33
LUCIDO              JOSEPH|01:750:123:24|4.05|3.91|3.60|4.33|4.22|3.48|3.43|3.60|3.72|3.73|4.27|3.55
KLOET               WILLEM|01:750:161:01|4.28|3.97|3.72|4.06|4.35|3.79|3.58|2.73|3.94|3.61|3.83|3.23|5.00|5.00|5.00
GOODMAN             KATY|01:750:193:01|4.25|4.16|3.97|4.40|4.55|4.04|4.01|3.04|4.13|3.95|4.40|3.48
PAX                 CHARLES|01:750:193:02|4.25|4.16|3.97|4.40|4.55|4.04|4.01|3.04|4.13|3.95|4.40|3.48
PAX                 CHARLES|01:750:193:03|4.25|4.16|3.97|4.40|4.55|4.04|4.01|3.04|4.13|3.95|4.40|3.48
MORINA              MORGAN|01:750:193:04|4.25|4.16|3.97|4.40|4.55|4.04|4.01|3.04|4.13|3.95|4.40|3.48|3.50
GOODMAN             KATY|01:750:193:08|4.25|4.16|3.97|4.40|4.55|4.04|4.01|3.04|4.13|3.95|4.40|3.48
GENTILE             MICHAEL|01:750:193:20|4.63|4.52|4.34|4.73|4.58|4.31|4.08|3.18|4.48|4.09|4.51|3.93|4.35|3.92|2.73|3.52|3.74|3.86|5.00
RVIBALVILLASENOR    MARIA|01:750:193:22|4.63|4.52|4.34|4.73|4.58|4.31|4.08|3.18|4.48|4.09|4.51|3.93|4.35|3.92|2.73|3.52|3.74|3.86
GENTILE             MICHAEL|01:750:193:23|4.63|4.52|4.34|4.73|4.58|4.31|4.08|3.18|4.48|4.09|4.51|3.93|4.35|3.92|2.73|3.52|3.74|3.86
GENTILE             MICHAEL|01:750:193:24|4.63|4.52|4.34|4.73|4.58|4.31|4.08|3.18|4.48|4.09|4.51|3.93|4.35|3.92|2.73|3.52|3.74|3.86
RVIBALVILLASENOR    MARIA|01:750:193:26|4.63|4.52|4.34|4.73|4.58|4.31|4.08|3.18|4.48|4.09|4.51|3.93|4.35|3.92|2.73|3.52|3.74|3.86
KARELINA            ANNA|01:750:193:27|4.63|4.52|4.34|4.73|4.58|4.31|4.08|3.18|4.48|4.09|4.51|3.93|4.35|3.92|2.73|3.52|3.74
KARELINA            ANNA|01:750:193:28|4.63|4.52|4.34|4.73|4.58|4.31|4.08|3.18|4.48|4.09|4.51|3.93|4.35|3.92|2.73|3.52|3.74
GENTILE             MICHAEL|01:750:193:30|4.63|4.52|4.34|4.73|4.58|4.31|4.08|3.18|4.48|4.09|4.51|3.93|4.35|3.92|2.73|3.52|3.74|3.86
VANDENBROEK         KORNEEL|01:750:202:72|3.99|3.69|3.63|3.87|3.64|3.49|3.89|3.50|3.64|4.03|3.86|3.68
ANDREI              EVA|01:750:203:01|4.36|4.36|4.12|4.53|4.51|4.12|4.08|3.27|4.28|3.84|4.74
LATH                AMIT|01:750:203:02|4.36|4.36|4.12|4.53|4.51|4.12|4.08|3.27|4.28|3.84|4.74
HALKIADAKIS         EVA|01:750:203:03|4.36|4.36|4.12|4.53|4.51|4.12|4.08|3.27|4.28|3.84|4.74
LATH                AMIT|01:750:203:06|4.36|4.36|4.12|4.53|4.51|4.12|4.08|3.27|4.28|3.84|4.74
LATH                AMIT|01:750:203:08|4.36|4.36|4.12|4.53|4.51|4.12|4.08|3.27|4.28|3.84|4.74
HALKIADAKIS         EVA|01:750:203:11|4.36|4.36|4.12|4.53|4.51|4.12|4.08|3.27|4.28|3.84|4.74
LATH                AMIT|01:750:203:12|4.36|4.36|4.12|4.53|4.51|4.12|4.08|3.27|4.28|3.84|4.74
HALKIADAKIS         EVA|01:750:203:13|4.36|4.36|4.12|4.53|4.51|4.12|4.08|3.27|4.28|3.84|4.74
HALKIADAKIS         EVA|01:750:203:14|4.36|4.36|4.12|4.53|4.51|4.12|4.08|3.27|4.28|3.84|4.74
BAUER               ROBERT|01:750:205:01|3.91|3.94|3.66|4.15|4.00|3.60|3.46|3.11|3.72|3.52|3.59|3.60|3.83|3.48|2.58|3.30|3.06|3.85
BAUER               ROB|01:750:205:06|3.91|3.94|3.66|4.15|4.00|3.60|3.46|3.11|3.72|3.52|3.59|3.60|3.83|3.48|2.58|3.30|3.06
BAUER               ROB|01:750:205:13|3.91|3.94|3.66|4.15|4.00|3.60|3.46|3.11|3.72|3.52|3.59|3.60|3.83|3.48|2.58|3.30|3.06
OLIVEIRA            ROYSTEIN|01:750:205:14|3.91|3.94|3.66|4.15|4.00|3.60|3.46|3.11|3.72|3.52|3.59|3.60|3.83|3.48|2.58|3.30|3.06|3.85
VENKATRAMAN         THENKARAI|01:750:205:18|3.91|3.94|3.66|4.15|4.00|3.60|3.46|3.11|3.72|3.52|3.59|3.60|3.83|3.48|2.58|3.30|3.06|3.85
JAGIRDAR            ADITYA|01:750:205:20|3.91|3.94|3.66|4.15|4.00|3.60|3.46|3.11|3.72|3.52|3.59|3.60|3.83|3.48|2.58|3.30|3.06
THENKARAINARAYANAN  VENKATRAMA|01:750:205:28|3.91|3.94|3.66|4.15|4.00|3.60|3.46|3.11|3.72|3.52|3.59|3.60|3.83|3.48|2.58|3.30|3.06
ALBA                GABE|01:750:206:01|4.34|4.51|4.13|4.64|4.66|4.20|3.98|3.51|4.40|3.97|4.50|3.95|3.98|3.37|2.81|3.36|3.49|3.73
ANDRIYASH           EVGENY|01:750:206:02|4.34|4.51|4.13|4.64|4.66|4.20|3.98|3.51|4.40|3.97|4.50|3.95|3.98|3.37|2.81|3.36|3.49|3.73
MEDHEKAR            SHWETA|01:750:206:04|4.34|4.51|4.13|4.64|4.66|4.20|3.98|3.51|4.40|3.97|4.50|3.95|3.98|3.37|2.81|3.36|3.49
JAGIRDAR            ADITYA|01:750:206:08|4.34|4.51|4.13|4.64|4.66|4.20|3.98|3.51|4.40|3.97|4.50|3.95|3.98|3.37|2.81|3.36|3.49|3.73|5.00
MEDHEKAR            SHWETA|01:750:206:10|4.34|4.51|4.13|4.64|4.66|4.20|3.98|3.51|4.40|3.97|4.50|3.95|3.98|3.37|2.81|3.36|3.49
RABE                KARIN|01:750:227:01|4.49|4.43|4.17|4.50|4.59|4.22|4.13|3.74|4.37|4.11|4.29
HAULE               KRISTJAN|01:750:227:05|4.49|4.43|4.17|4.50|4.59|4.22|4.13|3.74|4.37|4.11|4.29|4.33|4.25|4.33|4.00|4.25|4.25|4.25|4.50
GUSTAFSSON          TORGNY|01:750:227:06|4.49|4.43|4.17|4.50|4.59|4.22|4.13|3.74|4.37|4.11|4.29|4.33|4.25|4.33|4.00|4.25|4.25|4.25
HAULE               KRISTJAN|01:750:227:12|4.49|4.43|4.17|4.50|4.59|4.22|4.13|3.74|4.37|4.11|4.29
GUSTAFSSON          TORGNY|01:750:227:14|4.49|4.43|4.17|4.50|4.59|4.22|4.13|3.74|4.37|4.11|4.29
HAULE               KRISTJAN|01:750:227:16|4.49|4.43|4.17|4.50|4.59|4.22|4.13|3.74|4.37|4.11|4.29
GUSTAFSSON          TORGNY|01:750:227:17|4.49|4.43|4.17|4.50|4.59|4.22|4.13|3.74|4.37|4.11|4.29
HAULE               KRISTJAN|01:750:227:18|4.49|4.43|4.17|4.50|4.59|4.22|4.13|3.74|4.37|4.11|4.29|4.33|4.25|4.33|4.00|4.25|4.25|4.25|4.50
SRINIVAS            REDDY|01:750:229:01|4.11|3.94|3.56|4.16|4.23|3.61|3.39|3.43|3.78|3.57|3.23|3.41|3.79|3.36|2.52|3.21|2.93|3.54|3.86
MEDHEKAR            SHWETA|01:750:229:05|4.11|3.94|3.56|4.16|4.23|3.61|3.39|3.43|3.78|3.57|3.23|3.41|3.79|3.36|2.52|3.21|2.93|3.54|3.86
KLEVTSOV            SAM|01:750:229:08|4.11|3.94|3.56|4.16|4.23|3.61|3.39|3.43|3.78|3.57|3.23|3.41|3.79|3.36|2.52|3.21|2.93
KLEVTSOV            SAM|01:750:229:16|4.11|3.94|3.56|4.16|4.23|3.61|3.39|3.43|3.78|3.57|3.23|3.41|3.79|3.36|2.52|3.21|2.93
REDDY               SRINIVAS|01:750:229:23|4.11|3.94|3.56|4.16|4.23|3.61|3.39|3.43|3.78|3.57|3.23|3.41|3.79|3.36|2.52|3.21|2.93
DATLA               SANDEEP|01:750:229:24|4.11|3.94|3.56|4.16|4.23|3.61|3.39|3.43|3.78|3.57|3.23|3.41|3.79|3.36|2.52|3.21|2.93|3.54|3.86
KLEVTSOV            SAM|01:750:229:26|4.11|3.94|3.56|4.16|4.23|3.61|3.39|3.43|3.78|3.57|3.23|3.41|3.79|3.36|2.52|3.21|2.93|3.54
OWUSU               HAILE|01:750:273:71|3.03|3.89|3.65|4.08|3.65|3.16|3.27|3.89|3.32|3.14|4.96|1.00
OWUSU               HAILE|01:750:273:72|3.03|3.89|3.65|4.08|3.65|3.16|3.27|3.89|3.32|3.14|4.96
OWUSU               HAILE|01:750:273:73|3.03|3.89|3.65|4.08|3.65|3.16|3.27|3.89|3.32|3.14|4.96
THOMSON             GORDON|01:750:275:01|4.21|4.10|3.59|4.06|4.21|3.85|3.72|3.72|3.96|3.85|3.66|3.94|4.36|4.04|2.48|3.06|3.42
THOMSON             GORDON|01:750:275:02|4.21|4.10|3.59|4.06|4.21|3.85|3.72|3.72|3.96|3.85|3.66|3.94|4.36|4.04|2.48|3.06|3.42|5.00|4.50
ZIYATDINOV          ISKANDER|01:750:275:05|4.21|4.10|3.59|4.06|4.21|3.85|3.72|3.72|3.96|3.85|3.66|3.94|4.36|4.04|2.48|3.06|3.42|5.00|4.50
ZIYATDINOV          ISKANDER|01:750:275:06|4.21|4.10|3.59|4.06|4.21|3.85|3.72|3.72|3.96|3.85|3.66|3.94|4.36|4.04|2.48|3.06|3.42
ZIYATDINOV          ISKANDER|01:750:275:07|4.21|4.10|3.59|4.06|4.21|3.85|3.72|3.72|3.96|3.85|3.66|3.94|4.36|4.04|2.48|3.06|3.42
MEKJIAN             ARAM|01:750:305:01|4.38|4.46|4.46|4.85|4.92|4.15|4.23|4.00|4.38|4.08|4.85|3.00|4.23|3.50|3.50
CHANDRA             PREMI|01:750:313:01|4.50|4.33|4.35|4.76|4.12|3.94|4.18|4.18|4.24|4.12|4.88|3.88|3.87|4.31|3.31
ZAMICK              LARRY|01:750:323:01|3.63|3.88|3.13|4.00|4.67|3.50|4.25|4.00|3.63|3.75|4.50|3.88|3.38|3.63|3.80
ZAMICK              LARRY|01:750:323:02|3.63|3.88|3.13|4.00|3.50|4.25|4.00|3.63|3.75|4.50|3.88|3.38|3.63|3.80
ZAMICK              LARRY|01:750:324:01|4.40|4.60|4.00|4.60|4.60|4.20|4.60|4.80|4.50|4.50|5.00|4.33|4.67|5.00
ZAMICK              LARRY|01:750:324:02|4.40|4.60|4.00|4.60|4.60|4.20|4.60|4.80|4.50|4.50|5.00|4.33|4.67|5.00|5.00|5.00
GERSHENSON          MICHAEL|01:750:326:00|4.61|4.61|4.00|4.64|3.79|3.82|3.75|3.57|4.18|3.70|4.21|2.75|3.32|2.78|3.57
WANG                XINJIE|01:750:326:01|4.42|4.62|4.04|4.60|4.48|4.00|4.04|3.69|4.24|3.69|4.16|3.72|3.92|2.85|3.56|3.48|3.71
MALASHEVICH         ANDREI|01:750:326:02|4.42|4.62|4.04|4.60|4.48|4.00|4.04|3.69|4.24|3.69|4.16|3.72|3.92|2.85|3.56|3.48|3.71
GERSHENSON          MICHAEL|01:750:326:03|4.42|4.62|4.04|4.60|4.48|4.00|4.04|3.69|4.24|3.69|4.16|3.72|3.92|2.85|3.56|3.48|3.71|1.00
KEETON              CHARLES|01:750:341:01|4.94|4.88|4.91|4.91|4.63|4.67|4.73|4.70|4.97|4.73|5.00|3.79|4.61|4.82|5.00|3.52|5.00
WILLIAMS            THEODORE|01:750:344:01|4.40|4.60|4.20|4.60|4.60|4.40|4.40|5.00|4.80|4.25|5.00|3.75|4.50|3.75|3.25
KALELKAR            MOHAN|01:750:361:01|4.95|4.90|4.67|4.90|4.67|4.62|4.62|4.33|4.86|4.67|4.90|3.60|4.35|4.90|3.00|3.76|3.50
ZAPOLSKY            HAROLD|01:750:381:01|3.96|3.19|3.15|3.00|3.81|2.73|3.58|4.15|3.04|3.27|4.80|4.52|3.88|3.68|3.68|3.00
BARTYNSKI           ROBERT|01:750:385:01|4.84|4.80|4.48|4.88|4.84|4.44|4.60|4.08|4.72|4.48|5.00|4.36|4.56|4.88|5.00|3.79|5.00|5.00|5.00
KOJIMA              HARUO|01:750:387:01|4.25|4.25|4.00|4.50|4.67|4.00|4.00|3.75|4.17|4.08|4.58|3.33|2.10|2.50|2.40|3.64|4.10|4.00
KOJIMA              HARUO|01:750:389:01|4.00|4.00|3.00|4.00|4.00|3.00|4.00|4.00|4.00|4.00
SOMALWAR            SUNIL|01:750:417:01|4.60|4.40|4.53|4.87|4.67|4.00|4.27|4.67|4.13|4.00|4.79|4.21|3.71|4.71|3.86
PRYOR               CARLTON|01:750:444:01|4.09|4.30|3.82|4.64|4.27|3.73|4.00|4.82|3.82|3.82|5.00|4.40|4.40|4.20|3.25
LANGRETH            DAVID|01:750:464:01|3.60|3.60|3.00|3.80|3.20|3.00|2.80|4.40|3.20|2.80|4.80|3.00|3.80|4.00|5.00|3.25
