SELLWOOD JEREMY|01:750:109:01|4.57|3.91|4.11|4.14|4.17|3.71|3.72|3.47|3.92|3.82|4.47|3.64|3.97|4.27|4.29|3.57|4.16|4.13|4.22
PIATEK SLAWOMIR|01:750:110:01|4.73|4.66|4.46|4.72|4.67|4.25|4.28|3.66|4.48|4.43|4.31|4.06|4.23|4.55|4.66|3.63
PIATEK SLAWOMIR|01:750:110:02|4.73|4.66|4.46|4.72|4.67|4.25|4.28|3.66|4.48|4.43|4.31|4.06|4.23|4.55|4.66|3.63
BRAHMIA SUZANNE|01:750:116:00|4.90|4.78|4.84|4.88|4.76|4.68|4.75|4.40|4.81|4.71|4.98|4.17|4.26|4.06|4.85|3.98|4.00|5.00|4.00
KIRYUKHIN VALERY|01:750:124:00|4.76|4.42|4.53|4.46|4.48|4.25|4.32|3.87|4.51|4.24|4.18|3.89|3.91|3.77|4.59|3.79
KIRYUKHIN VALERY|01:750:124:00|4.76|4.42|4.53|4.46|4.48|4.25|4.32|3.87|4.51|4.24|4.18|3.89|3.91|3.77|4.59|3.79|3.00|5.00|5.00
BERGMAN DOUGLAS|01:750:124:01|4.34|4.13|3.64|4.27|4.15|3.77|3.78|3.65|3.99|3.86|4.35|3.80|1.50
BERGMAN DOUGLAS|01:750:124:03|4.34|4.13|3.64|4.27|4.15|3.77|3.78|3.65|3.99|3.86|4.35|3.80
BERGMAN DOUGLAS|01:750:124:04|4.34|4.13|3.64|4.27|4.15|3.77|3.78|3.65|3.99|3.86|4.35|3.80
LANGRETH DAVID|01:750:124:10|4.34|4.13|3.64|4.27|4.15|3.77|3.78|3.65|3.99|3.86|4.35|3.80|1.50
LANGRETH DAVID|01:750:124:11|4.34|4.13|3.64|4.27|4.15|3.77|3.78|3.65|3.99|3.86|4.35|3.80
LANGRETH DAVID|01:750:124:13|4.34|4.13|3.64|4.27|4.15|3.77|3.78|3.65|3.99|3.86|4.35|3.80
GUSTAFSSON TORGNY|01:750:124:16|4.34|4.13|3.64|4.27|4.15|3.77|3.78|3.65|3.99|3.86|4.35|3.80
RABE KARIN|01:750:140:01|4.03|4.23|3.72|4.47|4.62|3.55|3.15|2.87|3.65|3.42|4.47|2.48|3.69|4.44|3.39|3.00
LARGO LUIS|01:750:194:01|4.42|4.29|4.03|4.42|4.31|4.12|3.91|3.12|4.22|3.60|4.63|3.33|3.25|3.00|3.25|4.25|4.25
NEWMAN RONALEE|01:750:194:03|4.42|4.29|4.03|4.42|4.31|4.12|3.91|3.12|4.22|3.60|4.63|3.33
NEWMAN RONALEE|01:750:194:04|4.42|4.29|4.03|4.42|4.31|4.12|3.91|3.12|4.22|3.60|4.63|3.33|3.25|3.00|3.25|4.25|4.25
FLAKKER JAMES|01:750:194:05|4.42|4.29|4.03|4.42|4.31|4.12|3.91|3.12|4.22|3.60|4.63|3.33|3.25|3.00|3.25|4.25|4.25|4.00|4.00
LARGO LUIS|01:750:194:08|4.42|4.29|4.03|4.42|4.31|4.12|3.91|3.12|4.22|3.60|4.63|3.33
KARELINA ANNA|01:750:194:20|4.21|3.92|3.91|4.21|4.21|4.02|3.90|3.00|4.09|3.67|4.32|3.42|3.61|3.12|2.80|3.57|3.38
GENTILE MICHAEL|01:750:194:22|4.21|3.92|3.91|4.21|4.21|4.02|3.90|3.00|4.09|3.67|4.32|3.42|3.61|3.12|2.80|3.57|3.38
GENTILE MICHAEL|01:750:194:23|4.21|3.92|3.91|4.21|4.21|4.02|3.90|3.00|4.09|3.67|4.32|3.42|3.61|3.12|2.80|3.57|3.38
LARGO LUIS|01:750:194:24|4.21|3.92|3.91|4.21|4.21|4.02|3.90|3.00|4.09|3.67|4.32|3.42|3.61|3.12|2.80|3.57|3.38|3.00
DAMATO CHRIS|01:750:194:26|4.21|3.92|3.91|4.21|4.21|4.02|3.90|3.00|4.09|3.67|4.32|3.42|3.61|3.12|2.80|3.57|3.38|3.00
MOSCINSKI ADRIENNE|01:750:194:27|4.21|3.92|3.91|4.21|4.21|4.02|3.90|3.00|4.09|3.67|4.32|3.42|3.61|3.12|2.80|3.57|3.38|3.00
THERKORN RICH|01:750:194:28|4.21|3.92|3.91|4.21|4.21|4.02|3.90|3.00|4.09|3.67|4.32|3.42|3.61|3.12|2.80|3.57|3.38
LARGO LUIS|01:750:194:29|4.21|3.92|3.91|4.21|4.21|4.02|3.90|3.00|4.09|3.67|4.32|3.42|3.61|3.12|2.80|3.57|3.38
BRAHMIA BAKI|01:750:201:00|5.00|4.95|4.98|4.98|4.86|4.96|4.81|3.50|4.94|4.89|4.79|3.96|4.36|4.54|4.66|4.07
VONDENBROEK KORNEEL|01:750:201:77|4.63|4.57|4.51|4.55|4.40|4.49|4.50|3.93|4.51|4.51|4.57|4.10|4.17
CROFT MARK|01:750:203:00|4.47|4.67|4.55|4.81|4.78|4.27|4.09|3.48|4.25|4.07|4.97|4.14|4.00|4.20|4.69|3.89
WATTS TERENCE|01:750:203:01|4.59|4.48|4.15|4.56|4.49|4.18|4.06|3.29|4.38|4.07|4.75|5.00|4.67|4.00|3.67|3.67|4.00
WATTS TERENCE|01:750:203:04|4.59|4.48|4.15|4.56|4.49|4.18|4.06|3.29|4.38|4.07|4.75
WATTS TERENCE|01:750:203:05|4.59|4.48|4.15|4.56|4.49|4.18|4.06|3.29|4.38|4.07|4.75
WATTS TERENCE|01:750:203:08|4.59|4.48|4.15|4.56|4.49|4.18|4.06|3.29|4.38|4.07|4.75
VANHEUVELEN ALAN|01:750:204:00|4.26|3.98|3.85|4.39|4.24|3.67|3.72|3.68|3.89|3.68|4.83|2.47|3.85|3.71|3.92|3.43|4.00|2.00
VANHEUVELEN ALAN|01:750:204:00|4.26|3.98|3.85|4.39|4.24|3.67|3.72|3.68|3.89|3.68|4.83|2.47|3.85|3.71|3.92|3.43|4.00
SHAPIRO JOEL|01:750:204:01|4.59|4.42|4.22|4.51|4.33|4.17|4.07|3.55|4.38|3.86|4.79
CHANDRA PREMALA|01:750:204:02|4.59|4.42|4.22|4.51|4.33|4.17|4.07|3.55|4.38|3.86|4.79
KLOET WILLEM|01:750:204:03|4.59|4.42|4.22|4.51|4.33|4.17|4.07|3.55|4.38|3.86|4.79
CHANDRA PREMALA|01:750:204:04|4.59|4.42|4.22|4.51|4.33|4.17|4.07|3.55|4.38|3.86|4.79
SLUSKY SUSAN|01:750:204:05|4.59|4.42|4.22|4.51|4.33|4.17|4.07|3.55|4.38|3.86|4.79|4.25|4.00
CHANDRA PREMALA|01:750:204:06|4.59|4.42|4.22|4.51|4.33|4.17|4.07|3.55|4.38|3.86|4.79
KLOET WILLEM|01:750:204:07|4.59|4.42|4.22|4.51|4.33|4.17|4.07|3.55|4.38|3.86|4.79
KLOET WILLEM|01:750:204:08|4.59|4.42|4.22|4.51|4.33|4.17|4.07|3.55|4.38|3.86|4.79
FRIEDAN DANIEL|01:750:204:12|4.59|4.42|4.22|4.51|4.33|4.17|4.07|3.55|4.38|3.86|4.79
KLOET WILLEM|01:750:204:13|4.59|4.42|4.22|4.51|4.33|4.17|4.07|3.55|4.38|3.86|4.79|5.00
FRIEDAN DANIEL|01:750:204:14|4.59|4.42|4.22|4.51|4.33|4.17|4.07|3.55|4.38|3.86|4.79|4.25
FRIEDAN DANIEL|01:750:204:15|4.59|4.42|4.22|4.51|4.33|4.17|4.07|3.55|4.38|3.86|4.79
CHANDRA PREMALA|01:750:204:17|4.59|4.42|4.22|4.51|4.33|4.17|4.07|3.55|4.38|3.86|4.79
ALBA GABE|01:750:205:04|4.23|4.20|3.97|4.46|4.10|3.76|3.64|3.24|4.02|3.72|4.16|3.81|3.99|3.53|2.85|3.46|3.36|4.33
HONG SUKBUM|01:750:205:07|4.23|4.20|3.97|4.46|4.10|3.76|3.64|3.24|4.02|3.72|4.16|3.81|3.99|3.53|2.85|3.46|3.36
HONG SUKBUM|01:750:206:16|4.05|3.87|3.71|4.13|3.95|3.66|3.53|3.25|3.96|3.50|4.15|3.47|3.88|3.30|2.57|3.18|2.89|3.20
HONG SUKBUM|01:750:206:19|4.05|3.87|3.71|4.13|3.95|3.66|3.53|3.25|3.96|3.50|4.15|3.47|3.88|3.30|2.57|3.18|2.89
COLEMAN PIERS|01:750:228:00|4.53|4.37|4.38|4.54|4.13|4.09|4.32|4.07|4.36|4.21|4.91|4.12|3.82|3.24|4.31|3.94
COLEMAN PIERS|01:750:228:00|4.53|4.37|4.38|4.54|4.13|4.09|4.32|4.07|4.36|4.21|4.91|4.12|3.82|3.24|4.31|3.94|5.00
BRONZON JOHN|01:750:228:02|4.77|4.70|4.47|4.80|4.67|4.43|4.37|3.95|4.68|4.31|4.91|4.25
BRONZAN JOHN|01:750:228:03|4.77|4.70|4.47|4.80|4.67|4.43|4.37|3.95|4.68|4.31|4.91
FRANCIS MATTHEW|01:750:228:04|4.77|4.70|4.47|4.80|4.67|4.43|4.37|3.95|4.68|4.31|4.91
BRONZAN JOHN|01:750:228:05|4.77|4.70|4.47|4.80|4.67|4.43|4.37|3.95|4.68|4.31|4.91
MADEY THEODORE|01:750:228:06|4.77|4.70|4.47|4.80|4.67|4.43|4.37|3.95|4.68|4.31|4.91|4.25
BRONZAN JOHN|01:750:228:14|4.77|4.70|4.47|4.80|4.67|4.43|4.37|3.95|4.68|4.31|4.91
MADEY THEODORE|01:750:228:15|4.77|4.70|4.47|4.80|4.67|4.43|4.37|3.95|4.68|4.31|4.91
GLASHAUSSER CHARLES|01:750:228:16|4.77|4.70|4.47|4.80|4.67|4.43|4.37|3.95|4.68|4.31|4.91
GLASHAUSSER CHARLES|01:750:228:17|4.77|4.70|4.47|4.80|4.67|4.43|4.37|3.95|4.68|4.31|4.91|4.25|3.67|4.50|3.67|3.67|3.67|3.50|4.00
MADEY THEODORE|01:750:228:20|4.77|4.70|4.47|4.80|4.67|4.43|4.37|3.95|4.68|4.31|4.91|4.25|3.67|4.50|3.67|3.67|3.67|3.50
MADEY THEODORE|01:750:228:21|4.77|4.70|4.47|4.80|4.67|4.43|4.37|3.95|4.68|4.31|4.91
ZHANG CHENGLIN|01:750:230:14|4.05|3.99|3.69|4.14|4.04|3.69|3.50|3.53|3.86|3.63|3.39|3.38|3.69|3.22|2.72|3.10|3.07
LATH AMIT|01:750:272:00|4.77|4.48|4.35|4.58|4.65|4.27|4.38|4.15|4.58|4.35|4.96|3.83|4.25|3.71|4.21|3.67
ZIMMERMAN FRANK|01:750:276:01|4.00|3.93|3.28|3.86|4.06|3.59|3.42|3.31|3.79|3.57|4.04|3.62|3.45|2.85|2.90|3.13|3.14
LEATH PAUL|01:750:296:01|4.40|4.09|4.00|4.40|3.83|3.92|3.67|3.67|3.92|3.92|5.00|3.90|3.60|3.00|4.78|3.55
LEATH PAUL|01:750:296:71|4.40|4.09|4.00|4.40|3.83|3.92|3.67|3.67|3.92|3.92|5.00|3.90|3.60|3.00|4.78|3.55
ZAPOLSKY HAROLD|01:750:301:01|4.43|4.29|3.71|3.86|4.17|3.14|3.57|4.14|3.43|3.86|4.57|3.83|3.57|4.50|3.67
ZAMICK LARRY|01:750:323:01|4.00|4.25|4.00|4.57|4.50|3.88|3.50|4.00|4.00|3.50|5.00|4.50|3.75|4.29|4.67|3.29
ZAMICK LARRY|01:750:323:02|4.00|4.25|4.00|4.57|4.50|3.88|3.50|4.00|4.00|3.50|5.00|4.50|3.75|4.29|4.67|3.29
ZAMICK LARRY|01:750:324:01|3.67|3.89|3.50|4.00|4.00|3.30|3.60|4.00|3.13|2.89|4.50|3.20|3.20|3.56|3.60
ZAMICK LARRY|01:750:324:02|3.67|3.89|3.50|4.00|4.00|3.30|3.60|4.00|3.13|2.89|4.50|3.20|3.20|3.56|3.60
CHEONG SANGWOOK|01:750:327:00|3.68|3.26|2.90|3.38|3.00|3.00|3.54|3.42|3.21|3.08|3.46|3.43|2.83|2.45|3.48
CHEONG SANGWOOK|01:750:327:02|4.04|3.92|3.88|3.96|3.83|3.64|3.88|3.54|3.79|3.33|3.83|3.14|2.60|2.64|3.00|3.52|3.30
KEETON CHARLES|01:750:342:01|4.94|5.00|4.67|4.90|4.41|4.57|4.63|4.48|4.88|4.64|5.00|3.35|4.57|4.88|3.90|4.00
WILLIAMS TED|01:750:344:01|5.00|4.67|4.17|4.67|4.43|4.43|4.25|5.00|4.63|4.63|5.00|2.57|4.67|5.00|3.38
GERSHENSON MICHAEL|01:750:351:01|4.80|4.57|4.38|4.88|4.44|4.00|4.89|3.91|4.73|4.64|4.25|4.00|4.43|4.43|3.80
HORTON GEORGE|01:750:382:01|4.89|4.47|4.47|4.83|4.95|4.65|4.68|4.06|4.70|4.45|4.90|4.50|4.50|4.82|3.00|4.00
BARTYNSKI ROBERT|01:750:386:01|4.94|4.82|4.59|4.88|4.76|4.59|4.82|4.65|4.88|4.71|5.00|4.94|4.59|4.65|3.93|4.00
KOJIMA HARUO|01:750:388:01|4.25|4.33|4.38|4.33|4.00|4.60|4.20|3.90|4.13|3.75|4.13|3.80|3.13|2.90|2.44|3.63|3.83
GILMAN RONALD|01:750:397:01|4.90|5.00|4.80|4.90|4.70|4.50|4.50|4.70|4.80|4.60|5.00|2.50|4.50|4.75|3.60|4.00
ANDREI EVA|01:750:406:01|4.13|4.13|4.13|4.38|4.13|3.63|3.75|4.25|3.75|3.63|4.63|2.50|3.00|3.63|5.00|3.86
HARRINGTON D|01:750:418:01|3.50|3.75|2.88|4.25|3.88|2.63|3.00|4.00|2.75|2.63|4.38|2.13|2.88|4.13|2.86
HUGHES JOHN|01:750:441:01|4.67|5.00|4.67|4.67|5.00|4.33|4.33|4.67|4.33|4.33|5.00|3.67|4.67|4.33|4.00
