RUBIN JEFF|01:220:102:01|4.45|4.24|3.91|4.32|4.24|3.71|3.82|3.27|4.00|3.86|4.41|5.00|5.00|5.00|5.00|5.00|5.00|5.00
PERRY MARTIN|01:220:102:03|4.45|4.24|3.91|4.32|4.24|3.71|3.82|3.27|4.00|3.86|4.41|5.00|5.00|5.00|5.00
SANI MAJID|01:220:102:04|4.45|4.24|3.91|4.32|4.24|3.71|3.82|3.27|4.00|3.86
SHEFLIN N|01:220:103:01|4.09|3.99|3.77|4.02|3.86|3.38|3.56|3.45|3.62|3.59|3.82|4.11|4.00|4.13|3.88|4.13|4.00|4.13|3.88
CLARE GREGORY|01:220:103:02|4.09|3.99|3.77|4.02|3.86|3.38|3.56|3.45|3.62|3.59|3.82
CHILDS GERALD|01:220:103:04|4.09|3.99|3.77|4.02|3.86|3.38|3.56|3.45|3.62|3.59|3.82|4.11|4.00|4.13|3.88|4.13|4.00|4.13|3.88
JOSEPH GEORGE|01:220:103:06|4.09|3.99|3.77|4.02|3.86|3.38|3.56|3.45|3.62|3.59
HASSAN MARWA|01:220:103:10|4.09|3.99|3.77|4.02|3.86|3.38|3.56|3.45|3.62|3.59
HASSAN MARWA|01:220:103:11|4.09|3.99|3.77|4.02|3.86|3.38|3.56|3.45|3.62|3.59
SHEFLIN N|01:220:103:81|4.09|3.99|3.77|4.02|3.86|3.38|3.56|3.45|3.62|3.59
CLARE GREGORY|01:220:200:01|4.40|4.18|3.96|4.00|3.93|3.72|3.98|3.25|4.11|3.82|4.33|5.00|5.00|5.00|5.00|5.00|5.00|5.00
HUGHES JOSEPH|01:220:203:01|4.42|4.31|4.08|4.35|4.25|3.91|4.02|3.74|4.15|4.06|4.63|4.63|4.75|4.75
HUGHES JOSEPH|01:220:203:02|4.42|4.31|4.08|4.35|4.25|3.91|4.02|3.74|4.15|4.06
BHILADWALLA MAHARUKH|01:220:203:03|4.42|4.31|4.08|4.35|4.25|3.91|4.02|3.74|4.15|4.06
JOSEPH GEORGE|01:220:203:04|4.42|4.31|4.08|4.35|4.25|3.91|4.02|3.74|4.15|4.06
KILLINGSWORTH MARK|01:220:203:10|4.42|4.31|4.08|4.35|4.25|3.91|4.02|3.74|4.15|4.06
WARMINGHAM DALE|01:220:203:12|4.42|4.31|4.08|4.35|4.25|3.91|4.02|3.74|4.15|4.06|4.63|4.63|4.75|4.75|4.67|4.50|5.00|5.00|5.00
DUTTA M|01:220:204:04|3.59|3.37|3.60|3.60|3.56|3.28|3.50|3.61|3.35|3.35
RABBY MD|01:220:204:07|3.59|3.37|3.60|3.60|3.56|3.28|3.50|3.61|3.35|3.35
SWANZAR LARRY|01:220:204:08|3.59|3.37|3.60|3.60|3.56|3.28|3.50|3.61|3.35|3.35
WARMINGHAM DALE|01:220:204:10|3.59|3.37|3.60|3.60|3.56|3.28|3.50|3.61|3.35|3.35|4.00
OCCHINO FILIPPO|01:220:204:13|3.59|3.37|3.60|3.60|3.56|3.28|3.50|3.61|3.35|3.35|4.00|5.00|5.00|5.00|5.00
GANGULI BODHI|01:220:300:01|4.18|4.08|3.67|4.18|4.08|3.49|3.69|3.57|3.81|3.84
CHAUDHURI BASANTA|01:220:300:04|4.18|4.08|3.67|4.18|4.08|3.49|3.69|3.57|3.81|3.84
WARMINGHAM DALE|01:220:301:01|4.11|4.15|4.09|4.24|4.05|3.70|3.82|3.93|3.91|3.92|4.34|4.72|2.00|4.50|4.50|4.50|4.00|3.00|2.50
WARMINGHAM DALE|01:220:301:02|4.11|4.15|4.09|4.24|4.05|3.70|3.82|3.93|3.91|3.92
KARMAKAR RATNA|01:220:301:03|4.11|4.15|4.09|4.24|4.05|3.70|3.82|3.93|3.91|3.92|4.34|4.72|2.00|4.50|4.50|4.50|4.00|3.00|2.50
SHEFLIN N|01:220:301:06|4.11|4.15|4.09|4.24|4.05|3.70|3.82|3.93|3.91|3.92
SANI MAJID|01:220:301:08|4.11|4.15|4.09|4.24|4.05|3.70|3.82|3.93|3.91|3.92|4.34|4.72|2.00
BHILADWALA MAHARUKH|01:220:302:01|4.35|4.35|4.03|4.40|4.25|3.92|4.10|3.85|4.30|4.00
CHAUDHURI BASANTA|01:220:308:01|4.28|4.08|3.99|4.38|4.25|3.89|3.83|3.99|3.93|3.83
CHAUDHURI BASANTA|01:220:308:03|4.28|4.08|3.99|4.38|4.25|3.89|3.83|3.99|3.93|3.83
SWANZER LARRY|01:220:308:10|4.28|4.08|3.99|4.38|4.25|3.89|3.83|3.99|3.93|3.83
SWANZER LARRY|01:220:308:11|4.28|4.08|3.99|4.38|4.25|3.89|3.83|3.99|3.93|3.83
RUBIN JEFF|01:220:316:01|4.24|4.31|4.22|4.38|4.06|3.71|4.13|3.70|4.09|4.00
DELIA DEREK|01:220:322:01|4.50|4.33|3.91|4.45|4.44|3.86|4.07|3.24|4.19|3.96|5.00|5.00|5.00|5.00|5.00|5.00|5.00|5.00|5.00
BOWBLIS JOHN|01:220:322:02|4.50|4.33|3.91|4.45|4.44|3.86|4.07|3.24|4.19|3.96
PACZKOWSKI WALTER|01:220:322:03|4.50|4.33|3.91|4.45|4.44|3.86|4.07|3.24|4.19|3.96
PACZKOWSKI WALTER|01:220:322:04|4.50|4.33|3.91|4.45|4.44|3.86|4.07|3.24|4.19|3.96
PACZKOWSKI WALTER|01:220:322:05|4.50|4.33|3.91|4.45|4.44|3.86|4.07|3.24|4.19|3.96
TRAUB LEAH|01:220:322:10|4.50|4.33|3.91|4.45|4.44|3.86|4.07|3.24|4.19|3.96
SIGMAN HILARY|01:220:332:01|4.24|4.32|3.76|4.44|4.10|3.68|3.67|3.25|3.90|3.63
CLARE GREGORY|01:220:335:02|4.50|4.10|4.10|4.10|3.79|3.65|4.15|3.90|4.20|3.95
CHANG RQBERTO|01:220:336:01|4.49|3.95|3.45|4.00|3.83|3.14|3.52|3.63|3.64|3.60
GANGULI BODHI|01:220:336:02|4.49|3.95|3.45|4.00|3.83|3.14|3.52|3.63|3.64|3.60|4.00
DUTTA M|01:220:337:01|3.32|3.23|3.35|3.42|3.52|2.97|3.42|4.03|3.27|3.17
GANG IRA|01:220:339:01|3.68|4.03|3.54|3.95|4.00|3.31|3.42|3.59|3.59|3.47
GANG IRA|01:220:339:02|3.68|4.03|3.54|3.95|4.00|3.31|3.42|3.59|3.59|3.47|2.50|3.00|3.00|3.00|3.00|2.00|2.00|2.00|2.00
BHILADWALLA MAHARUKH|01:220:341:02|4.40|4.50|4.03|4.34|4.61|4.08|4.08|3.50|4.22|4.06
CHAUDHURI BASANTA|01:220:362:01|3.65|3.92|3.42|4.03|4.25|3.32|3.43|3.47|3.54|3.42
ALTSHULER ROSANNE|01:220:363:01|4.83|4.81|4.78|4.89|4.68|4.67|4.69|4.00|4.77|4.63
ALTSHULER ROSANNE|01:220:363:02|4.83|4.81|4.78|4.89|4.68|4.67|4.69|4.00|4.77|4.63
PACZKOWSKI WALTER|01:220:370:01|5.00|4.75|5.00|4.75|5.00|4.75|4.50|3.75|5.00|4.75
KILLINGSWORTH MARK|01:220:375:01|4.67|4.35|4.35|4.39|4.39|4.09|3.95|3.42|4.30|4.09|5.00
HASSAN MARWA|01:220:389:01|4.21|4.29|3.59|4.54|4.71|3.54|4.08|3.83|3.79|3.92
PACZKOWSKI WALTER|01:220:393:02|3.94|3.77|3.84|3.84|3.80|3.34|3.94|3.99|3.59|3.65
VELLANGANY ISAAC|01:220:393:04|3.94|3.77|3.84|3.84|3.80|3.34|3.94|3.99|3.59|3.65|4.43|5.00|5.00|5.00|5.00|5.00|5.00|5.00|5.00
BHARDWAJ GEETESH|01:220:394:01|4.83|4.75|5.00|4.83|4.75|4.58|4.75|4.58|4.73|4.73
MANNIGE CHETAN|01:220:395:01|4.49|4.38|4.21|4.30|4.27|4.18|4.20|3.86|4.14|4.05|5.00
PERRY MARTIN|01:220:396:01|4.61|4.65|4.55|4.71|4.50|4.33|4.45|4.05|4.62|4.51
SJOSTROM TOMAS|01:220:406:01|4.76|4.71|4.82|4.76|4.71|4.56|4.69|4.69|4.63|4.63
