MCDOWELL            DOUGLAS|01:920:101:00|4.47|4.45|4.37|4.55|4.49|4.17|4.16|3.63|4.37|4.22
MCDOWELL            DOUGLAS|01:920:101:00|4.47|4.45|4.37|4.55|4.49|4.17|4.16|3.63|4.37|4.22
CLARKE              LEE|01:920:101:05|4.47|4.45|4.37|4.55|4.49|4.17|4.16|3.63|4.37|4.22|4.67
COHEN               LAURIE|01:920:101:07|4.47|4.45|4.37|4.55|4.49|4.17|4.16|3.63|4.37|4.22|4.67|4.57|4.40|4.40|4.75|4.80|4.80|4.75|4.67
MCDOWELL            DOUG|01:920:101:08|4.47|4.45|4.37|4.55|4.49|4.17|4.16|3.63|4.37|4.22
COHEN               LAURIE|01:920:101:09|4.47|4.45|4.37|4.55|4.49|4.17|4.16|3.63|4.37|4.22|4.67|4.57|4.40|4.40|4.75|4.80|4.80|4.75
PETERSON            DAVID|01:920:101:10|4.47|4.45|4.37|4.55|4.49|4.17|4.16|3.63|4.37|4.22
COHEN               LAURIE|01:920:101:11|4.47|4.45|4.37|4.55|4.49|4.17|4.16|3.63|4.37|4.22
PETERSON            DAVID|01:920:101:12|4.47|4.45|4.37|4.55|4.49|4.17|4.16|3.63|4.37|4.22|4.67|4.57
MALYK               MARIA|01:920:101:17|4.47|4.45|4.37|4.55|4.49|4.17|4.16|3.63|4.37|4.22
STEIN               KAREN|01:920:101:18|4.47|4.45|4.37|4.55|4.49|4.17|4.16|3.63|4.37|4.22
MALYK               MARIA|01:920:101:19|4.47|4.45|4.37|4.55|4.49|4.17|4.16|3.63|4.37|4.22
STEIN               KAREN|01:920:101:20|4.47|4.45|4.37|4.55|4.49|4.17|4.16|3.63|4.37|4.22|4.67|4.57|4.40|4.40|4.75|4.80|4.80|4.75|4.67
MALYK               MARIA|01:920:101:21|4.47|4.45|4.37|4.55|4.49|4.17|4.16|3.63|4.37|4.22
STEIN               KAREN|01:920:101:22|4.47|4.45|4.37|4.55|4.49|4.17|4.16|3.63|4.37|4.22|4.67|4.57|4.40|4.40|4.75|4.80|4.80|4.75|4.67
LANG                JOHN|01:920:101:25|4.47|4.45|4.37|4.55|4.49|4.17|4.16|3.63|4.37|4.22|4.67|4.57|4.40|4.40
WINEBERG            HOWARD|01:920:101:26|4.47|4.45|4.37|4.55|4.49|4.17|4.16|3.63|4.37|4.22
PERUGORRIA          IGNACIA|01:920:101:71|4.47|4.45|4.37|4.55|4.49|4.17|4.16|3.63|4.37|4.22
SMITH               DENA|01:920:103:01|4.71|4.70|4.48|4.64|4.59|4.22|4.30|3.67|4.53|4.30
HARVEY              DAINA|01:920:103:03|4.71|4.70|4.48|4.64|4.59|4.22|4.30|3.67|4.53|4.30
DOWD                JEFFREY|01:920:108:01|4.78|4.73|4.73|4.71|4.60|4.59|4.63|4.08|4.65|4.58
DOWD                JEFFREY|01:920:108:02|4.78|4.73|4.73|4.71|4.60|4.59|4.63|4.08|4.65|4.58|5.00|5.00|5.00|5.00|5.00|5.00|5.00|5.00|5.00
HEMLER              JENNIFER|01:920:108:71|4.78|4.73|4.73|4.71|4.60|4.59|4.63|4.08|4.65|4.58
MCLEAN              PAUL|01:920:198:71|4.85|4.62|4.69|4.69|4.00|4.62|4.62|3.92|4.62|4.62
CERULO              KAREN|01:920:205:02|4.85|4.86|4.79|4.89|4.76|4.63|4.51|3.91|4.78|4.72
BUTTS               ANGELA|01:920:205:03|4.85|4.86|4.79|4.89|4.76|4.63|4.51|3.91|4.78|4.72
HANSELL             STEPHEN|01:920:210:01|4.89|4.61|4.73|4.80|4.73|4.55|4.62|3.98|4.71|4.66|5.00
BODNARDEREN         SUSAN|01:920:216:01|4.56|4.67|4.64|4.68|4.59|4.45|4.38|4.03|4.65|4.59|5.00|5.00|5.00|5.00|5.00
PARELIUS            ROBERT|01:920:218:01|4.19|4.06|3.63|4.06|3.86|3.38|3.81|3.63|3.67|3.71
CARR                PATRICK|01:920:222:01|4.27|4.24|4.06|4.11|4.25|3.83|3.88|3.93|3.97|3.93
COVINGTON           JEANETTE|01:920:222:02|4.27|4.24|4.06|4.11|4.25|3.83|3.88|3.93|3.97|3.93
WINEBERG            HOWARD|01:920:222:05|4.27|4.24|4.06|4.11|4.25|3.83|3.88|3.93|3.97|3.93|4.00
RAND                JOHN|01:920:222:06|4.27|4.24|4.06|4.11|4.25|3.83|3.88|3.93|3.97|3.93|4.00
BROWN               IVANA|01:920:272:01|4.43|4.11|4.07|4.28|3.93|3.59|3.77|3.85|3.76|3.67
SINGLETON           ALENA|01:920:283:01|4.13|4.23|4.19|4.30|4.15|3.91|3.77|3.81|3.99|3.81|5.00|5.00|5.00|5.00|5.00|5.00|5.00|5.00
BARRA               ANDREA|01:920:290:01|4.54|4.53|4.29|4.63|4.58|4.22|3.93|3.60|4.50|4.33|5.00|5.00
VIGGIANO            THERESA|01:920:303:01|4.72|4.73|4.44|4.79|4.83|4.27|4.52|3.52|4.63|4.59|5.00
FORSTER             ANNA|01:920:304:03|3.95|4.13|3.98|4.23|4.03|3.69|3.79|3.88|3.81|3.78|5.00
SINGH               SOURABH|01:920:304:04|3.95|4.13|3.98|4.23|4.03|3.69|3.79|3.88|3.81|3.78
MONAHAN             SEAN|01:920:304:08|3.95|4.13|3.98|4.23|4.03|3.69|3.79|3.88|3.81|3.78
POROW               MONIQUE|01:920:306:01|4.70|4.74|4.78|4.85|4.69|4.50|4.54|3.92|4.64|4.52|4.00
RECK                PAUL|01:920:306:02|4.70|4.74|4.78|4.85|4.69|4.50|4.54|3.92|4.64|4.52
POROW               MONIQUE|01:920:306:03|4.70|4.74|4.78|4.85|4.69|4.50|4.54|3.92|4.64|4.52|4.00
HORWITZ             ALLAN|01:920:307:01|4.83|4.73|4.71|4.78|4.67|4.53|4.51|4.28|4.70|4.61|3.67|3.67|3.67|3.67|1.00
ROSENFIELD          SARAH|01:920:307:03|4.83|4.73|4.71|4.78|4.67|4.53|4.51|4.28|4.70|4.61|3.67|3.67|3.67|3.67|5.00|5.00|5.00
HOWELLWHITE         SANDRA|01:920:311:00|4.29|4.38|4.12|4.43|4.33|4.02|3.92|3.16|4.16|4.10|4.00|5.00
ROOS                PATRICIA|01:920:311:00|4.29|4.38|4.12|4.43|4.33|4.02|3.92|3.16|4.16|4.10|4.00
COWPERTHWAITE       JOAO|01:920:311:01|4.29|4.38|4.12|4.43|4.33|4.02|3.92|3.16|4.16|4.10
COWPERTHWAITE       JOAO|01:920:311:02|4.29|4.38|4.12|4.43|4.33|4.02|3.92|3.16|4.16|4.10
FORSTER             ANNA|01:920:311:04|4.29|4.38|4.12|4.43|4.33|4.02|3.92|3.16|4.16|4.10
FORSTER             ANNA|01:920:311:05|4.29|4.38|4.12|4.43|4.33|4.02|3.92|3.16|4.16|4.10|4.00
NAIR                MANJUSHA|01:920:311:07|4.29|4.38|4.12|4.43|4.33|4.02|3.92|3.16|4.16|4.10
CERULO              KAREN|01:920:312:01|4.98|4.93|4.55|4.93|4.86|4.68|4.60|3.40|4.95|4.81
DEVINEELLER         AUDREY|01:920:312:01|4.98|4.93|4.55|4.93|4.86|4.68|4.60|3.40|4.95|4.81
MITCHELL            ELIZABETH|01:920:313:00|4.72|4.66|4.51|4.74|4.49|4.33|4.47|3.70|4.48|4.36
BOROCZ              JOZSEF|01:920:313:00|4.72|4.66|4.51|4.74|4.49|4.33|4.47|3.70|4.48|4.36
BLOOM               COLLEEN|01:920:313:01|4.72|4.66|4.51|4.74|4.49|4.33|4.47|3.70|4.48|4.36
BLOOM               COLLEEN|01:920:313:02|4.72|4.66|4.51|4.74|4.49|4.33|4.47|3.70|4.48|4.36
LESCHZINER          VANINA|01:920:313:04|4.72|4.66|4.51|4.74|4.49|4.33|4.47|3.70|4.48|4.36
LESCHZINER          VANINA|01:920:313:05|4.72|4.66|4.51|4.74|4.49|4.33|4.47|3.70|4.48|4.36
DEGIOMA             THOMAS|01:920:313:07|4.72|4.66|4.51|4.74|4.49|4.33|4.47|3.70|4.48|4.36
LAPOINTE            ELEANOR|01:920:314:00|4.13|4.11|3.74|4.24|4.23|3.59|3.63|3.42|3.86|3.72
MITCHELL            ELIZABETH|01:920:314:00|4.13|4.11|3.74|4.24|4.23|3.59|3.63|3.42|3.86|3.72
KOVACS              MARY|01:920:314:01|4.13|4.11|3.74|4.24|4.23|3.59|3.63|3.42|3.86|3.72
KOVACS              MARY|01:920:314:02|4.13|4.11|3.74|4.24|4.23|3.59|3.63|3.42|3.86|3.72
LORENZEN            JANET|01:920:314:03|4.13|4.11|3.74|4.24|4.23|3.59|3.63|3.42|3.86|3.72
LORENZEN            JANET|01:920:314:04|4.13|4.11|3.74|4.24|4.23|3.59|3.63|3.42|3.86|3.72
MUCEN               BARIS|01:920:314:07|4.13|4.11|3.74|4.24|4.23|3.59|3.63|3.42|3.86|3.72|5.00
PARELIUS            ROBERT|01:920:323:01|4.75|4.75|4.75|5.00|5.00|4.50|4.50|4.67|4.75|4.67
GERMAN              RACHELLE|01:920:324:01|4.73|4.68|4.58|4.69|4.63|4.42|4.58|3.81|4.56|4.42
SCHUSTER            SHERRIL|01:920:324:80|4.73|4.68|4.58|4.69|4.63|4.42|4.58|3.81|4.56|4.42|5.00|5.00|5.00|5.00
WILLIAMS            RICHARD|01:920:326:01|3.47|3.09|3.39|3.27|2.94|3.00|3.09|3.30|2.94|3.13
BASHI               VILNA|01:920:332:01|3.97|4.19|4.06|4.32|4.07|3.94|3.83|4.06|3.97|4.03
SCHUSTER            SHERRIL|01:920:332:80|3.97|4.19|4.06|4.32|4.07|3.94|3.83|4.06|3.97|4.03
MCDOWELL            DOUGLAS|01:920:349:01|4.69|4.56|4.43|4.68|4.49|4.31|4.14|3.94|4.49|4.50
COVINGTON           JEANETTE|01:920:361:01|4.31|3.80|4.04|3.62|3.77|3.46|4.12|4.12|3.71|3.92
BOROCZ              JOZSEF|01:920:393:01|4.60|4.60|4.90|4.70|5.00|4.70|4.80|4.10|4.80|4.80
STEIN               ARLENE|01:920:421:01|4.39|4.44|4.50|4.67|4.33|4.22|4.50|3.94|4.44|4.33
CARRELLI            LINDA|01:920:440:01|4.74|4.75|4.74|4.79|4.74|4.68|4.74|4.45|4.60|4.60
ROSENFIELD          SARAH|01:920:470:01|4.95|4.95|5.00|4.95|5.00|5.00|4.95|4.55|5.00|5.00|5.00|5.00|5.00|5.00
GERSON              JUDITH|01:920:497:01|5.00|5.00|5.00|5.00|5.00|5.00|5.00|5.00|5.00|5.00
