SZEJNER             ROBERT|01:202:201:01|4.44|4.45|4.42|4.61|4.64|4.21|4.34|4.10|4.47|4.45|4.20|4.67|5.00|4.67|5.00|5.00|5.00|5.00|5.00
PAITAKES            JOHN|01:202:201:03|4.44|4.45|4.42|4.61|4.64|4.21|4.34|4.10|4.47|4.45|4.20|4.67|5.00|4.67|5.00|5.00|5.00|5.00|5.00
KOHL                JAMES|01:202:202:01|4.60|4.55|4.45|4.51|4.41|4.14|4.29|4.10|4.37|4.24|4.00|4.00|1.00
SZEJNER             ROBERT|01:202:203:02|4.34|4.28|4.28|4.47|4.47|3.85|3.97|4.05|4.00|3.95|5.00
REISNER             RONALD|01:202:205:01|4.65|4.23|4.44|4.15|4.38|4.12|4.37|4.02|4.35|4.30|5.00
ZGOBA               KRISTEN|01:202:307:80|3.83|3.44|3.17|3.22|3.47|3.06|3.17|2.28|3.42|3.00
HINOS               LENNOX|01:202:309:01|4.81|4.82|4.88|4.71|4.41|4.59|4.81|4.59|4.71|4.88
HINDS               LENNOX|01:202:311:01|4.48|4.44|4.44|4.44|4.56|4.22|4.19|3.88|4.41|4.37|5.00|5.00|5.00|5.00|5.00|5.00|5.00|5.00|5.00
CARR                PATRICK|01:202:322:01|4.59|4.24|4.08|4.07|4.28|3.77|4.04|4.04|3.96|3.96
DESIRE              MARK|01:202:327:01|4.76|4.88|4.84|4.94|4.86|4.64|4.69|4.64|4.77|4.79|4.00
DESIRE              MARK|01:202:405:01|4.91|4.76|4.66|4.82|4.82|4.48|4.56|4.16|4.72|4.68|5.00|5.00
FIELDS              ERICA|01:202:406:01|4.32|4.56|4.54|4.71|3.88|4.21|4.39|4.70|4.32|4.47|4.33|4.67|4.00|4.67|3.67|4.67|4.67|4.33|3.33
