DEIS FRANK|01:694:301:01|3.97|4.36|4.12|4.20|4.18|3.92|4.17|3.67|3.98|3.95|4.39|4.16|3.53
DRISCOLL MONICA|01:694:315:00|4.70|4.57|4.43|4.70|4.68|4.48|4.72|4.46|4.63|4.85|5.00
NEMEROFF MARTIN|01:694:315:00|4.70|4.57|4.43|4.70|4.68|4.48|4.72|4.46|4.63|4.85
PADGETT RICHARD|01:694:315:00|4.70|4.57|4.43|4.70|4.68|4.48|4.72|4.46|4.63|4.85
SINGSON ANDREW|01:694:315:00|4.70|4.57|4.43|4.70|4.68|4.48|4.72|4.46|4.63|4.85
VERSHON ANDREW|01:694:315:00|4.70|4.57|4.43|4.70|4.68|4.48|4.72|4.46|4.63|4.85
VERSHON ANDREW|01:694:408:01|4.11|4.14|3.81|4.25|3.76|3.74|3.82|3.77|3.83|3.94|4.05|3.93|3.75|3.53
GUNDERSON SAMUEL|01:694:408:01|4.11|4.14|3.81|4.25|3.76|3.74|3.82|3.77|3.83|3.94|4.05|3.93|3.75|3.53
DEIS FRANK|01:694:408:01|4.11|4.14|3.81|4.25|3.76|3.74|3.82|3.77|3.83|3.94|4.05|3.93|3.75|3.53
NIEDERMAN ROBERT|01:694:408:01|4.11|4.14|3.81|4.25|3.76|3.74|3.82|3.77|3.83|3.94|4.05|3.93|3.75|3.53
MONTELIONE GAETANO|01:694:412:01|4.82|4.76|4.73|4.86|4.68|4.73|4.73|4.43|4.81|4.62|3.19|4.09|4.32
ANDERSON STEPHEN|01:694:412:01|4.82|4.76|4.73|4.86|4.68|4.73|4.73|4.43|4.81|4.62|3.19|4.09|4.32
GRANT BARTH|01:694:484:01|4.87|4.83|4.62|4.80|4.60|4.67|4.50|4.53|4.85|4.63
PATTERSON GARTH|01:694:484:01|4.87|4.83|4.62|4.80|4.60|4.67|4.50|4.53|4.85|4.63
GUNDERSON SAMUEL|01:694:484:01|4.87|4.83|4.62|4.80|4.60|4.67|4.50|4.53|4.85|4.63
IRVINE KENNETH|01:694:492:01|4.49|4.58|4.44|4.49|4.38|4.21|4.53|4.43|4.36|4.33
PIRROTTA VINCENZO|01:694:492:01|4.49|4.58|4.44|4.49|4.38|4.21|4.53|4.43|4.36|4.33
WHITE EILEEN|01:694:492:01|4.49|4.58|4.44|4.49|4.38|4.21|4.53|4.43|4.36|4.33
