MILLAN              MARIA|01:940:101:02|4.82|4.82|4.77|4.95|4.85|4.59|4.54|4.17|4.72|4.46|4.26|4.84|4.50|4.28|4.42|4.19|4.20|4.00|4.00
CLIFFORD            JEREMIAH|01:940:102:02|4.59|4.64|4.52|4.62|4.52|4.28|4.29|4.33|4.42|4.31|4.19|4.76|4.35|4.13|4.00|3.86
RAMIREZ             JAVIER|01:940:131:02|2.92|3.05|3.48|3.68|3.33|2.88|2.64|3.93|2.62|2.67|2.21|3.76|2.78|2.84|2.78|2.61|3.20
PENA                SANTIAGO|01:940:132:01|4.11|4.42|4.43|4.60|4.57|4.20|3.74|4.63|4.10|3.97|4.00|4.74|3.79|3.78|3.76|3.94
SLINGER             WILLIAM|01:940:132:02|4.11|4.42|4.43|4.60|4.57|4.20|3.74|4.63|4.10|3.97|4.00|4.74|3.79|3.78|3.76|3.94|5.00|5.00|5.00
VITULLO             JULIETA|01:940:160:01|4.56|4.39|4.56|4.33|4.40|4.22|4.11|3.53|4.25|4.13|4.47|4.67|3.00|2.71|2.73|3.77|3.00|3.00|3.00
BUTLER              BONNIE|01:940:203:01|4.53|4.66|4.51|4.78|4.65|4.34|4.07|4.57|4.39|4.18|3.73|4.79|4.05|3.93|4.04|3.94
SANCHEZ             KAREN|01:940:203:02|4.53|4.66|4.51|4.78|4.65|4.34|4.07|4.57|4.39|4.18|3.73|4.79|4.05|3.93|4.04|3.94|4.50|5.00
BUTLER              BONNIE|01:940:203:04|4.53|4.66|4.51|4.78|4.65|4.34|4.07|4.57|4.39|4.18|3.73|4.79|4.05|3.93|4.04|3.94
NUNEZ               OLGA|01:940:204:01|4.26|4.24|4.22|4.38|4.55|4.07|3.73|4.46|4.07|3.67|3.60|4.49|3.92|4.08|3.95|3.92
NAVA                RAFAEL|01:940:204:03|4.26|4.24|4.22|4.38|4.55|4.07|3.73|4.46|4.07|3.67|3.60|4.49|3.92|4.08|3.95|3.92
SLINGER             WILLIAM|01:940:205:01|4.86|4.86|4.57|4.57|4.86|4.43|3.71|4.86|4.50|3.57|3.67|5.00|3.33|2.83|3.40|3.60
PERSIN              MARGO|01:940:215:02|4.81|4.59|4.51|4.66|4.66|4.41|4.49|4.04|4.54|4.42|4.67|4.85|4.25|4.27|4.22|4.35
KIM                 HOON|01:940:215:03|4.81|4.59|4.51|4.66|4.66|4.41|4.49|4.04|4.54|4.42|4.67|4.85|4.25|4.27|4.22|4.35|5.00
KIM                 YEONSOO|01:940:215:04|4.81|4.59|4.51|4.66|4.66|4.41|4.49|4.04|4.54|4.42|4.67|4.85|4.25|4.27|4.22|4.35|5.00
ROTHWELL            PHILLIR|01:940:240:01|4.93|4.92|4.85|5.00|4.92|4.86|4.92|2.77|5.00|5.00|4.62|5.00|3.58|3.67|3.67|4.83
VENIS               CONNIE|01:940:313:01|4.70|4.70|4.80|4.90|4.80|4.40|4.30|4.60|4.50|4.70|4.30|4.90|4.13|3.75|4.14|4.17
KIM                 HOON|01:940:325:02|4.46|4.58|4.51|4.67|4.63|4.30|4.24|4.58|4.40|4.34|3.97|4.77|4.28|4.33|4.22|4.00
BUTLER              BONNIE|01:940:325:03|4.46|4.58|4.51|4.67|4.63|4.30|4.24|4.58|4.40|4.34|3.97|4.77|4.28|4.33|4.22|4.00|5.00
BISHOP              STEPHEN|01:940:325:04|4.46|4.58|4.51|4.67|4.63|4.30|4.24|4.58|4.40|4.34|3.97|4.77|4.28|4.33|4.22|4.00|5.00|5.00
NANNARONE           JULIANA|01:940:326:01|3.58|3.60|3.58|3.82|3.29|3.27|3.36|3.91|3.29|3.33|3.93|4.16|3.60|3.68|3.42|3.47
SLINGER             WILLIAM|01:940:327:01|4.82|4.91|4.64|5.00|4.80|4.73|4.09|4.64|4.64|4.30|4.50|5.00|4.27|3.40|4.09|3.86
STEVENS             CAMILLA|01:940:331:01|4.87|4.78|4.71|4.77|4.75|4.60|4.50|4.27|4.72|4.57|4.86|4.90|4.09|3.94|4.03|4.40
STEVENS             CAMILLA|01:940:331:02|4.87|4.78|4.71|4.77|4.75|4.60|4.50|4.27|4.72|4.57|4.86|4.90|4.09|3.94|4.03|4.40
KIM                 HOON|01:940:336:02|4.90|4.70|4.70|4.80|4.70|4.70|4.80|4.80|4.80|4.70|4.90|4.90|3.00|3.00|3.50|3.90
SANCHEZ             CELSO|01:940:360:01|3.90|4.50|4.64|4.64|4.48|4.32|4.30|4.21|4.24|4.17|2.88|4.76|4.16|3.88|3.78|4.00
NUNEZ               OLGA|01:940:361:01|4.80|4.75|4.72|4.83|4.72|4.72|4.71|4.17|4.68|4.50|4.85|4.82|4.51|4.30|4.65|4.14
NUNEZ               OLGA|01:940:361:02|4.80|4.75|4.72|4.83|4.72|4.72|4.71|4.17|4.68|4.50|4.85|4.82|4.51|4.30|4.65|4.14
STEPHENS            THOMAS|01:940:362:01|4.76|4.59|4.65|4.82|4.65|4.47|4.47|3.94|4.71|4.53|4.82|4.88|4.29|3.69|4.47|3.47
SANCHEZ             LILIANA|01:940:363:02|4.81|4.76|4.69|4.83|4.52|4.52|4.39|3.98|4.66|4.41|4.49|4.90|4.02|3.63|4.20|4.11
FLORES              NYDIA|01:940:365:01|3.94|2.88|3.56|3.00|4.33|3.00|3.00|3.63|3.00|3.00|3.38|4.56|2.56|2.43|3.13|3.25
CHILELLI            JEFF|01:940:401:01|4.50|4.39|4.06|4.50|3.94|4.00|3.88|4.13|4.24|4.17|4.75|4.41|3.88|3.94|4.06|3.53
CAMACHD             JOSE|01:940:421:01|4.88|5.00|4.81|4.94|4.88|4.69|4.81|4.50|4.69|4.69|5.00|5.00|4.67|4.47|4.79|4.50
MARTINMARQUEZ       SUSAN|01:940:435:01|4.86|4.90|4.80|4.86|4.70|4.57|4.75|4.19|4.86|4.79|4.95|4.95|4.00|3.50|4.00|4.62
SNAIDAS             ADOLFO|01:940:443:01|4.58|4.25|4.45|4.75|4.08|4.54|4.38|3.67|4.54|4.29|3.93|4.79|3.86|3.50|3.71|4.29
ZATLIN              PHYLLIS|01:940:478:01|4.13|4.25|3.88|3.75|3.88|3.75|3.88|4.75|4.00|3.86|3.17|4.17|3.60|3.60|3.20|3.50
MARCONE             JORGE|01:940:489:01|4.57|4.55|4.81|4.67|4.38|4.52|4.53|4.10|4.70|4.48|4.50|4.90|4.30|4.32|4.05|4.47
