FLEETWOOD           NICOLE|01:050:101:01|4.27|3.94|4.03|3.95|4.37|3.81|3.90|3.20|3.84|3.88
GILLESPIE           ANGUS|01:050:228:01|4.55|4.49|4.41|4.60|4.25|4.01|4.16|4.06|4.21|4.21
SIFUENTESJAUREGUI   BEN|01:050:240:01|4.79|4.68|4.79|4.89|4.84|4.63|4.79|3.58|4.72|4.67
HALLETT             HILLARY|01:050:259:01|4.71|4.41|4.18|4.49|4.46|4.23|4.51|3.49|4.31|4.13
NIGRIN              AL|01:050:265:01|4.71|4.76|4.71|4.81|4.55|4.53|4.61|3.77|4.69|4.60
STERN               MARIAN|01:050:281:01|4.57|4.76|4.59|4.76|4.20|4.37|4.14|3.43|4.50|4.33
SIFUENTESJAUREGUI   BEN|01:050:300:01|4.84|4.79|4.89|4.84|4.84|4.68|4.74|4.42|4.95|4.89
WU                  ELLEN|01:050:300:02|4.84|4.79|4.89|4.84|4.84|4.68|4.74|4.42|4.95|4.89
BARNETT             LOUISE|01:050:301:01|4.71|4.44|4.58|4.61|4.63|4.28|4.47|4.36|4.39|4.36|4.00|4.50|5.00|4.00|4.00
STUBAUS             KAREN|01:050:301:02|4.71|4.44|4.58|4.61|4.63|4.28|4.47|4.36|4.39|4.36|4.00|4.50|2.00
FLEETWOOD           NICOLE|01:050:301:03|4.71|4.44|4.58|4.61|4.63|4.28|4.47|4.36|4.39|4.36
FISHBEIN            LESLIE|01:050:303:01|4.59|4.57|4.41|4.49|4.35|4.03|4.27|3.97|4.17|4.19|3.80|4.73|3.97
ROCKLAND            MICHAEL|01:050:330:01|4.36|4.53|4.69|4.67|4.43|4.33|4.42|4.00|4.39|4.39
FISHBEIN            LESLIE|01:050:341:01|4.64|4.54|4.14|4.50|4.54|3.62|4.10|3.50|4.21|3.93|3.86|4.36|4.07|5.00|5.00|5.00|5.00|5.00
GILLESPIE           ANGUS|01:050:488:01|5.00|4.89|4.78|5.00|4.88|4.78|4.78|3.78|4.78|4.89|5.00
