PHILLIPS|01:988:101:03|4.15|4.01|4.12|4.13|4.19|3.77|3.70|3.20|3.86|3.75
KOENICK             RUTHANNE|01:988:101:05|4.15|4.01|4.12|4.13|4.19|3.77|3.70|3.20|3.86|3.75
KAWASH              SAMIRA|01:988:201:01|4.52|4.48|4.29|4.53|4.67|4.29|4.30|3.95|4.43|4.14
HOWEY               CATHERINE|01:988:211:01|5.00|5.00|4.83|5.00|4.83|4.67|4.83|4.50|4.60|4.20
BODNARDEREN         SUSAN|01:988:216:01|4.58|4.75|4.42|4.75|4.91|4.50|4.00|4.08|4.55|4.42|4.00|4.00|4.00
JARKSONBREWER       KARLA|01:988:235:01|4.76|4.89|4.70|4.78|4.62|4.74|4.73|4.22|4.81|4.68
DECENA              CARLOS|01:988:280:01|4.50|4.50|4.55|4.60|4.60|4.30|4.25|3.65|4.30|4.16
HUTCHISON           MARY|01:988:285:01|3.86|3.86|4.47|4.22|4.50|4.03|4.36|4.21|4.00|4.14
HAWKESWORTH         MARY|01:988:302:01|4.85|4.92|4.92|5.00|4.92|4.73|4.81|4.38|4.73|4.72|5.00|5.00|5.00|5.00|5.00|5.00|5.00|5.00|5.00
BROOKS              ETHEL|01:988:303:01|3.97|4.59|4.47|4.75|4.48|4.16|4.06|4.23|4.25|4.06
GOSSY               MARY|01:988:318:01|4.58|4.73|4.65|4.85|4.58|4.50|4.31|3.96|4.81|4.56
BROOKS              ETHEL|01:988:329:01|4.70|4.96|4.95|4.91|4.95|4.73|4.82|4.43|4.83|4.74
GOSSY               MARY|01:988:330:01|4.63|4.89|4.93|4.92|4.73|4.78|4.63|3.38|4.79|4.71
BAPTISTE            JEUNNE|01:988:341:01|2.92|3.36|3.23|3.50|2.80|2.96|2.77|4.20|2.77|2.73|5.00|5.00|5.00|5.00|5.00|5.00|5.00|5.00|5.00
AMBAR               CARME|01:988:344:01|4.81|4.87|4.87|4.80|4.60|4.56|4.50|4.38|4.87|4.73
DANIELS             CYNTHIA|01:988:355:01|4.75|4.72|4.80|4.59|4.31|4.41|4.58|4.10|4.57|4.61|5.00|5.00|5.00|5.00|5.00|5.00|5.00|5.00|5.00
SADOFF              DIANNE|01:988:383:01|2.75|3.00|4.00|3.75|3.00|2.75|2.00|3.50|2.75|3.00
SMITH               CAROL|01:988:386:01|5.00|4.75|4.25|4.75|4.75|4.25|4.25|3.75|4.50|4.50
GROSZ               ELIZABETH|01:988:392:01|4.97|4.78|4.69|4.88|4.00|4.38|4.66|4.19|4.71|4.48
GROSZ               ELIZABETH|01:988:392:01|4.97|4.78|4.69|4.88|4.00|4.38|4.66|4.19|4.71|4.48|5.00|5.00
SAMEH               CATHERINE|01:988:430:01|4.57|4.80|4.60|4.93|4.87|4.50|4.53|4.57|4.60|4.60
ROSENFIELD          SARA|01:988:470:01|4.67|5.00|5.00|5.00|4.50|4.67|4.67|4.33|4.67|4.67
RAJAN               JUCIE|01:988:480:01|4.66|4.74|4.78|4.78|4.41|4.66|4.88|4.38|4.61|4.55|5.00|5.00|5.00|5.00|5.00|5.00|5.00|5.00|5.00
PUAR                JASBIR|01:988:490:01|4.77|4.71|4.93|4.86|4.85|4.79|4.86|4.14|4.79|4.92|5.00|5.00
RODGERS             YANA|01:988:491:01|5.00|5.00|5.00|5.00|4.67|4.67|5.00|3.00|5.00|5.00
BALLIET             BARBARA|01:988:492:01|4.89|4.75|4.70|4.44|4.56|4.89|5.00|4.43|4.89|4.56
