ALAMI MYRIAM|01:420:102:01|4.88|4.91|4.85|4.85|4.88|4.82|4.82|4.70|4.81|4.71
ALAMI MYRIAM|01:420:102:02|4.88|4.91|4.85|4.85|4.88|4.82|4.82|4.70|4.81|4.71|5.00|5.00|5.00|5.00|5.00|5.00
STAPLETON PATRICIA|01:420:121:01|4.50|4.58|4.35|4.54|4.72|4.48|4.32|3.83|4.40|4.08
BARCHANT MARIE|01:420:131:10|4.79|4.81|4.74|4.89|4.71|4.69|4.57|4.71|4.73|4.65|4.67|5.00|5.00|4.50|5.00
FOSTER TARA|01:420:131:30|4.79|4.81|4.74|4.89|4.71|4.69|4.57|4.71|4.73|4.65
ALAMI MYRIAM|01:420:132:02|4.80|4.67|4.67|4.80|4.65|4.67|4.64|4.68|4.72|4.55|5.00|5.00
AUBERT ANNE|01:420:132:30|4.80|4.67|4.67|4.80|4.65|4.67|4.64|4.68|4.72|4.55
AUBERT ANNE|01:420:213:01|4.54|4.54|4.12|4.46|4.56|4.09|4.46|4.26|4.35|4.12
GRODWOHL JEAN|01:420:213:02|4.54|4.54|4.12|4.46|4.56|4.09|4.46|4.26|4.35|4.12
FLIEGER JERRY|01:420:214:01|4.13|4.52|4.04|4.52|4.48|3.91|3.95|4.52|4.00|3.96
COVO MANUEL|01:420:214:20|4.13|4.52|4.04|4.52|4.48|3.91|3.95|4.52|4.00|3.96
SWENSON JAMES|01:420:215:01|4.70|4.83|4.67|4.80|4.80|4.27|4.37|4.13|4.50|4.46
KARMARKAR MEDHA|01:420:215:02|4.70|4.83|4.67|4.80|4.80|4.27|4.37|4.13|4.50|4.46
KARMARKAR MEDHA|01:420:216:01|4.76|4.81|4.54|4.83|4.76|4.48|4.47|4.26|4.71|4.43|4.00|5.00|5.00|5.00|4.00|5.00|5.00|4.00
PAIRET ANA|01:420:216:02|4.76|4.81|4.54|4.83|4.76|4.48|4.47|4.26|4.71|4.43
CORNILLIAT FRANCOIS|01:420:216:20|4.76|4.81|4.54|4.83|4.76|4.48|4.47|4.26|4.71|4.43
SPEER MARY|01:420:218:71|4.80|4.40|4.40|4.60|4.40|4.40|4.40|4.60|4.60|4.40
LARRIER RENNE|01:420:319:01|4.69|4.29|4.23|4.75|4.08|4.00|4.14|4.07|4.08|4.08|4.00|5.00|5.00|5.00|5.00|5.00|5.00|5.00
PALPACUER CHRISTELLE|01:420:324:01|5.00|5.00|4.89|5.00|4.89|4.78|4.89|4.75|4.78|4.78|4.00|5.00|5.00|5.00|5.00
DEPREZ VIVIANE|01:420:333:01|3.55|4.00|3.91|4.45|4.18|3.64|3.45|4.09|3.60|3.60
ALLAMAND CAROLE|01:420:336:30|4.71|4.75|4.73|4.63|4.47|4.50|4.47|4.20|4.56|4.44
TANAKA AYA|01:420:396:71|4.86|4.57|4.71|4.86|5.00|4.71|4.57|3.43|4.57|4.57
TAIRET ANA|01:420:403:01|4.54|4.54|4.31|4.69|4.23|4.15|4.62|4.31|4.54|4.42|4.00|5.00|4.00|5.00|5.00|5.00|5.00|5.00|5.00
SERRANO RICHARD|01:420:411:01|4.92|4.69|4.38|4.25|3.69|3.92|4.08|3.46|4.15|4.08
SPEER MARY|01:420:415:01|4.67|4.40|4.47|4.40|4.27|4.07|4.13|3.60|4.47|4.47
SHAW MARY|01:420:451:01|4.75|4.67|4.42|4.67|4.73|4.33|4.73|4.50|4.50|4.40
SCHILLING DEREK|01:420:472:01|4.93|4.93|4.86|5.00|5.00|4.71|4.43|4.79|5.00|4.62
