FELDER SIDNEY|01:730:101:02|3.57|3.84|3.82|4.26|3.78|3.22|3.37|3.26|3.34|3.33|5.00|5.00|5.00|5.00|5.00
BODANSZKY EVA|01:730:103:03|4.28|4.46|4.35|4.47|4.37|4.01|4.10|3.58|4.20|4.10
FELDER SIDNEY|01:730:103:04|4.28|4.46|4.35|4.47|4.37|4.01|4.10|3.58|4.20|4.10|5.00
KIVY PETER|01:730:103:71|4.28|4.46|4.35|4.47|4.37|4.01|4.10|3.58|4.20|4.10
MCCROSSIN EDWARD|01:730:105:01|4.61|4.71|4.65|4.71|4.70|4.58|4.29|3.61|4.47|4.40
TEMKIN LARRY|01:730:106:00|4.25|4.42|4.42|4.56|4.17|4.09|4.27|3.73|4.28|4.23|5.00|5.00
MOREWEDGE PARVIZ|01:730:201:01|4.26|4.34|4.16|4.66|4.50|4.22|4.13|3.51|4.29|4.23|5.00|5.00|5.00
BOLTON MARTHA|01:730:205:01|4.53|4.47|4.17|4.67|4.54|4.23|4.20|4.00|4.33|4.23
LOAR BRIAN|01:730:220:01|3.23|3.62|3.67|3.85|3.49|3.12|3.31|3.36|3.19|3.22
DOUARD JOHN|01:730:249:01|4.41|4.53|4.47|4.59|4.24|4.35|4.41|4.06|4.35|4.44
MAUDLIN VISHNYA|01:730:261:01|4.52|4.10|4.11|4.00|3.93|3.79|3.93|4.48|4.10|3.89
COLBY MARK|01:730:265:01|4.55|4.67|4.40|4.57|4.77|4.44|4.38|3.95|4.55|4.54
ASHBAUGH ANNE|01:730:301:01|4.31|4.31|4.11|4.49|4.00|4.14|3.94|3.77|4.29|4.17
FELDMAN SEYMOUR|01:730:305:01|4.71|4.64|4.57|4.57|4.29|4.33|4.57|3.60|4.40|4.23
PARVIN DOUGLAS|01:730:307:01|4.38|4.60|4.40|4.56|4.50|4.13|4.19|4.07|4.44|4.33
BOLTON MARTHA|01:730:308:01|4.60|4.47|3.69|4.61|4.20|3.89|4.08|3.44|4.31|4.06
MATTHEWS ROBERT|01:730:310:01|4.59|4.30|4.21|4.50|4.39|4.13|4.30|3.72|4.46|4.29
REDL NINA|01:730:312:01|4.75|4.38|4.50|4.75|4.88|4.14|4.50|4.25|4.71|4.57
EGAN FRANCES|01:730:328:01|4.59|4.61|3.93|4.50|4.13|3.93|3.76|4.00|4.07|4.04
HUSAK DOUGLAS|01:730:345:01|4.81|4.70|4.76|4.70|4.31|4.50|4.67|4.28|4.69|4.58|4.59|3.48|3.16|3.00|5.00|5.00
MOREWEDGE PARVIZ|01:730:374:01|4.31|4.35|4.52|4.58|4.56|4.35|4.31|3.72|4.38|4.42|4.00|4.00|3.00|3.00|4.00|3.00|3.00
ASHBAUGH ANNE|01:730:401:01|4.75|4.63|4.63|4.63|4.75|4.50|4.63|4.38|4.75|4.63
MCCROSSIN EDWARD|01:730:405:01|3.70|4.40|3.95|4.70|4.75|3.84|3.80|3.70|4.00|3.90
WILSHIRE BRUCE|01:730:406:01|4.38|4.29|4.54|4.52|4.54|4.36|4.48|4.10|4.34|4.31
KLEIN PETER|01:730:412:01|5.00|4.96|4.67|4.96|4.79|4.67|4.67|3.96|4.91|4.73|4.10|4.57|4.05
LOAR BRIAN|01:730:418:01|2.69|3.29|3.32|4.00|3.52|2.79|3.03|3.59|2.80|2.83
MATTHEWS ROBERT|01:730:420:01|4.28|4.56|4.18|4.65|4.56|4.22|4.22|3.50|4.17|3.94
STANLEY JASON|01:730:421:01|4.30|4.60|4.80|4.60|4.80|4.60|4.70|4.20|4.50|4.70
ARNTZENIUS FRANK|01:730:426:01|4.50|4.62|4.59|4.52|4.55|4.43|4.32|4.41|4.52|4.48
COLBY MARK|01:730:445:01|4.68|4.52|4.38|4.55|5.00|4.27|4.45|3.62|4.50|4.32|5.00
