HYDE ELIZABETH|01:510:101:00|3.97|4.00|3.32|4.11|4.29|3.16|3.64|3.79|3.57|3.55
KLIMKE MARTIN|01:510:102:01|4.63|4.50|4.17|4.55|4.16|4.04|4.10|4.04|4.23|4.19|5.00
MATSUDA MATT|01:510:102:02|4.63|4.50|4.17|4.55|4.16|4.04|4.10|4.04|4.23|4.19
HANEBRINK PAUL|01:510:102:10|4.63|4.50|4.17|4.55|4.16|4.04|4.10|4.04|4.23|4.19
HELLBECK|01:510:102:20|4.63|4.50|4.17|4.55|4.16|4.04|4.10|4.04|4.23|4.19
MASSCHAELE JAMES|01:510:211:01|4.54|4.40|4.20|4.43|4.14|3.99|4.37|4.11|4.19|4.11|3.84|3.68|3.88|4.03|3.00
BELLANY ALASTAIR|01:510:245:01|4.69|4.43|4.51|4.48|4.32|4.38|4.37|4.08|4.50|4.36|5.00|5.00|5.00|5.00
CARGILL JACK|01:510:302:01|4.43|4.38|4.22|4.22|4.38|3.97|4.22|4.22|4.27|4.22
MANSELL CATE|01:510:306:01|4.45|4.61|4.58|4.67|4.55|4.42|4.48|4.45|4.39|4.35
MORRISON KARL|01:510:309:01|4.67|4.39|4.39|4.61|4.11|3.93|4.00|3.82|4.29|4.07
KLIMKE MARTIN|01:510:327:01|4.66|4.59|4.34|4.72|4.52|4.03|4.28|4.24|4.34|4.18
BERTO LUIGI|01:510:329:01|4.40|4.60|4.70|4.80|4.80|4.50|4.70|4.20|4.40|4.50
KLIMKE MARTIN|01:510:363:01|4.54|4.58|4.19|4.58|4.23|4.31|4.50|4.28|4.35|4.48|2.00
HELLBECK JOCHEN|01:510:373:01|4.70|4.78|4.64|4.81|4.58|4.64|4.63|3.97|4.70|4.67
SINKOFF NANCY|01:510:385:01|4.70|4.50|4.40|4.40|4.38|4.20|4.50|3.70|4.40|4.20
BERTO LUIGI|01:510:392:03|4.24|4.48|4.74|4.76|4.58|4.21|4.21|4.13|4.27|4.36
MUEHLBAUER M|01:510:392:07|4.24|4.48|4.74|4.76|4.58|4.21|4.21|4.13|4.27|4.36|5.00|5.00|5.00|5.00|5.00|5.00|5.00|5.00|5.00
FIGUEIRA THOMAS|01:510:403:01|4.79|4.84|4.47|4.63|4.65|4.58|4.63|4.28|4.79|4.58
MULSOW MARTIN|01:510:425:01|4.75|4.50|3.86|4.63|4.75|3.88|4.38|3.38|4.38|4.43
