YANS VIRGINIA|01:506:105:71|4.60|5.00|4.80|4.80|5.00|4.60|5.00|4.60|4.75|4.75
RODEN D|01:506:112:01|4.48|4.46|4.28|4.58|4.09|4.02|4.13|3.88|4.28|4.20
BELL R|01:506:112:01|4.48|4.46|4.28|4.58|4.09|4.02|4.13|3.88|4.28|4.20
ADAS MICHAEL|01:506:201:00|4.36|4.47|4.40|4.54|4.29|4.15|4.18|4.06|4.30|4.21
ADAS MICHAEL|01:506:201:02|4.36|4.47|4.40|4.54|4.29|4.15|4.18|4.06|4.30|4.21|5.00
ADAS MICHAEL|01:506:201:03|4.36|4.47|4.40|4.54|4.29|4.15|4.18|4.06|4.30|4.21
ADAS MICHAEL|01:506:201:04|4.36|4.47|4.40|4.54|4.29|4.15|4.18|4.06|4.30|4.21
ADAS MICHAEL|01:506:201:04|4.36|4.47|4.40|4.54|4.29|4.15|4.18|4.06|4.30|4.21
ADAS MICHAEL|01:506:201:05|4.36|4.47|4.40|4.54|4.29|4.15|4.18|4.06|4.30|4.21
YANS VIRGINIA|01:506:212:01|4.08|4.23|4.27|4.35|4.40|3.96|4.08|4.00|3.92|4.16
LIVINGSTON JULIE|01:506:324:01|4.97|4.97|4.89|4.97|4.75|4.78|4.72|4.20|4.86|4.78
ROBERTSON THOMAS|01:506:402:01|4.60|4.57|4.50|4.65|4.59|4.43|4.51|3.87|4.50|4.42
MORRISON KARL|01:506:402:02|4.60|4.57|4.50|4.65|4.59|4.43|4.51|3.87|4.50|4.42
CHAMBERS JOHN|01:506:402:04|4.60|4.57|4.50|4.65|4.59|4.43|4.51|3.87|4.50|4.42
WASSERMAN MARK|01:506:402:06|4.60|4.57|4.50|4.65|4.59|4.43|4.51|3.87|4.50|4.42
GUHA SUMIT|01:506:402:09|4.60|4.57|4.50|4.65|4.59|4.43|4.51|3.87|4.50|4.42
ADAS MICHAEL|01:506:402:11|4.60|4.57|4.50|4.65|4.59|4.43|4.51|3.87|4.50|4.42
REED JAMES|01:506:402:14|4.60|4.57|4.50|4.65|4.59|4.43|4.51|3.87|4.50|4.42|5.00
MURCH DONNA|01:506:402:16|4.60|4.57|4.50|4.65|4.59|4.43|4.51|3.87|4.50|4.42|5.00|5.00|5.00|5.00
SARETZKY GARY|01:506:451:01|4.60|4.38|4.35|4.45|4.63|4.40|4.70|4.74|4.29|4.65
