GUHA                SUMIT|01:508:230:01|4.37|4.03|3.93|4.10|4.10|3.77|4.10|4.00|3.93|3.97
WASSERMAN           MARK|01:508:264:01|4.53|4.49|4.33|4.37|4.49|4.19|4.37|3.68|4.44|4.19|3.00|2.00|4.00|3.00|2.00|4.00|3.00|5.00
DENIS               MILAGROS|01:508:270:01|4.33|4.00|3.33|4.67|4.67|4.00|4.33|3.67|5.00|5.00
KHALEK              NANCY|01:508:302:01|4.81|4.67|4.48|4.70|4.74|4.22|4.70|3.89|4.59|4.52
BROWN               CAROLYN|01:508:327:01|3.59|3.46|3.64|3.54|3.27|3.13|3.71|3.38|3.42|3.28|5.00
CHATTERUEE          INDRANI|01:508:332:01|4.97|4.90|4.76|4.87|4.70|4.59|4.79|3.43|4.82|4.64
LIU                 XUN|01:508:340:01|4.74|4.45|4.37|4.79|4.45|4.10|4.61|3.77|4.62|4.38
SWEDBERG            GREG|01:508:365:01|4.74|4.85|4.68|4.81|4.50|4.44|4.63|4.41|4.56|4.50
TOWNSEND            CAMILLA|01:508:379:01|4.81|4.92|4.77|4.94|4.75|4.64|4.72|4.00|4.81|4.63|5.00
LIU                 XUN|01:508:391:02|4.12|3.88|4.21|4.38|3.96|3.79|4.29|3.54|4.28|4.20
RODEN               DONALD|01:508:450:01|4.74|4.94|4.79|5.00|4.71|4.55|4.71|4.53|4.71|4.68
