THUNO               ERIK|01:082:105:00|4.75|4.41|4.51|4.57|4.41|4.33|4.50|3.71|4.49|4.32|5.00|5.00|4.67|5.00|5.00|5.00|5.00|5.00|5.00
KENFIELD            JOHN|01:082:105:00|4.75|4.41|4.51|4.57|4.41|4.33|4.50|3.71|4.49|4.32
THUNO               ERIK|01:082:105:00|4.75|4.41|4.51|4.57|4.41|4.33|4.50|3.71|4.49|4.32
KENFIELD            JOHN|01:082:105:00|4.75|4.41|4.51|4.57|4.41|4.33|4.50|3.71|4.49|4.32
FORD                SUZAN|01:082:105:30|4.75|4.41|4.51|4.57|4.41|4.33|4.50|3.71|4.49|4.32
BUDD                DENISE|01:082:105:41|4.75|4.41|4.51|4.57|4.41|4.33|4.50|3.71|4.49|4.32
WERSCHKAL           HILDA|01:082:106:03|3.33|2.85|3.09|3.30|3.30|2.55|3.30|3.59|2.91|3.16|1.00
ROSENFELD           ALLA|01:082:251:01|4.35|4.29|4.45|4.39|4.56|3.94|4.24|3.93|4.20|4.21
MARTER              JOAN|01:082:302:01|4.38|4.26|4.31|4.32|4.30|4.18|4.25|4.08|4.31|4.23
THOMPSON            ERIN|01:082:306:01|4.67|4.06|4.31|4.56|4.65|4.00|4.12|3.71|4.18|4.06
BUDD                DENISE|01:082:310:01|4.85|4.80|4.89|4.84|4.43|4.77|4.69|4.48|4.70|4.69|5.00
HOWARD              ANGELA|01:082:323:01|4.19|3.30|4.30|3.19|2.64|3.35|4.11|3.70|3.37|3.62
HOWARD              ANGELA|01:082:324:01|3.58|2.43|3.58|2.90|2.17|2.93|3.58|3.90|2.97|3.17
GUSTAFSON           DONNA|01:082:367:01|4.59|4.65|4.18|4.67|4.65|4.13|4.50|3.88|4.27|4.31
BRETTSMITH          SARAH|01:082:371:01|4.04|4.45|4.38|4.36|3.76|3.68|4.48|3.43|4.00|3.91
VANLIEFFERINGE      STEFAAN|01:082:374:01|3.85|4.09|3.73|4.27|4.30|3.51|3.67|3.35|3.68|3.68
MARDER              TOD|01:082:375:01|4.53|4.59|4.55|4.56|4.34|4.11|4.54|4.11|4.22|4.25
QUIDEAN             FLORENCE|01:082:387:01|4.86|4.90|4.83|4.88|4.76|4.66|4.81|4.26|4.80|4.78
BZDAK               MEREDITH|01:082:428:01|4.78|4.75|4.66|4.69|4.35|4.34|4.50|4.44|4.56|4.53
MARDER              TOD|01:082:430:01|4.17|4.50|4.42|4.83|4.33|3.92|4.42|4.17|4.09|3.91
GUSTAFSON           DONNA|01:082:491:01|4.68|4.83|4.73|4.80|4.71|4.59|4.65|4.18|4.63|4.63
BUDD                DENISE|01:082:491:02|4.68|4.83|4.73|4.80|4.71|4.59|4.65|4.18|4.63|4.63
BZDAK               MICHAEL|01:082:491:03|4.68|4.83|4.73|4.80|4.71|4.59|4.65|4.18|4.63|4.63
WESTCOLEMAN         LISAPAT|01:082:497:01|5.00|5.00|4.33|4.83|4.33|4.67|4.33|4.33|5.00|4.50
