HUNT                JOANNE|01:377:140:01|4.52|4.45|4.45|4.52|4.23|4.27|4.35|4.51|4.36|4.38
HUNT                JOANNE|01:377:140:02|4.52|4.45|4.45|4.52|4.23|4.27|4.35|4.51|4.36|4.38
KAPLOWITZ           SUSAN|01:377:140:03|4.52|4.45|4.45|4.52|4.23|4.27|4.35|4.51|4.36|4.38|3.33|3.00|2.50|2.50|2.50|4.50|4.00|4.00|4.00
KAPLOWITZ           SUSAN|01:377:140:04|4.52|4.45|4.45|4.52|4.23|4.27|4.35|4.51|4.36|4.38|3.33|3.00|2.50|2.50|2.50|4.50
GLADIS              KATHLEEN|01:377:180:01|4.83|4.58|4.75|4.96|4.31|4.71|4.52|4.50|4.68|4.68
GLADIS              KATHLEEN|01:377:191:01|4.78|4.73|4.68|4.78|4.72|4.57|4.50|4.06|4.80|4.76|5.00
BYRD                MIKYLE|01:377:213:00|4.63|4.57|4.60|4.60|4.42|4.21|4.64|4.60|4.46|4.48
DIVINE              ADAM|01:377:213:01|4.63|4.57|4.60|4.60|4.42|4.21|4.64|4.60|4.46|4.48
DIVINE              ADAM|01:377:213:02|4.63|4.57|4.60|4.60|4.42|4.21|4.64|4.60|4.46|4.48
DIVINE              ADAM|01:377:213:03|4.63|4.57|4.60|4.60|4.42|4.21|4.64|4.60|4.46|4.48
BYRD                MIKYLE|01:377:213:04|4.63|4.57|4.60|4.60|4.42|4.21|4.64|4.60|4.46|4.48
BYRD                MIKYLE|01:377:213:05|4.63|4.57|4.60|4.60|4.42|4.21|4.64|4.60|4.46|4.48
DIVINE              ADAM|01:377:213:06|4.63|4.57|4.60|4.60|4.42|4.21|4.64|4.60|4.46|4.48
DIVINE              ADAM|01:377:213:07|4.63|4.57|4.60|4.60|4.42|4.21|4.64|4.60|4.46|4.48
BRIDENBAUGH         JOHN|01:377:215:01|4.58|4.50|4.42|4.33|4.25|4.00|4.42|4.50|4.00|4.25
BAEK                JI|01:377:252:01|4.75|5.00|4.75|4.75|4.75|4.50|4.75|3.75|4.50|4.75
MARKS               CHRISTIAN|01:377:275:01|4.33|4.67|4.33|4.50|4.67|4.83|4.67|3.50|4.50|4.50
DOEMLAND            JULIA|01:377:301:01|4.78|4.64|4.59|4.53|4.43|4.23|4.17|3.88|4.37|4.23
DOEMLAND            JULIA|01:377:301:02|4.78|4.64|4.59|4.53|4.43|4.23|4.17|3.88|4.37|4.23
MANFREDONIA         EMIL|01:377:303:01|4.14|4.48|4.45|4.61|4.71|4.34|4.46|4.41|4.39|4.44
KAPLOWITZ           SUSAN|01:377:304:01|3.78|3.74|4.06|4.16|3.47|3.79|3.68|3.32|3.63|3.70
DOEMLAND            JULIA|01:377:305:01|4.72|4.61|4.43|4.55|4.66|4.45|4.37|4.13|4.52|4.47
KAPLOWITZ           SUSAN|01:377:310:01|4.23|4.11|4.15|4.13|4.13|4.17|4.11|4.19|4.11|4.00
CARNEY              BRUCE|01:377:310:01|4.23|4.11|4.15|4.13|4.13|4.17|4.11|4.19|4.11|4.00
FINKELSTEIN         MYRON|01:377:311:01|4.70|4.87|4.87|4.83|4.77|4.82|4.65|4.64|4.71|4.78|5.00
SHARKEY             LINDA|01:377:312:01|4.33|4.50|4.13|4.47|4.20|4.13|3.92|3.86|4.53|4.13
ROSENWASSER         MARIAN|01:377:317:01|4.85|4.84|4.77|4.96|4.96|4.77|4.52|4.31|4.96|4.92
DOUGHERTY           NEIL|01:377:319:01|4.80|4.70|4.68|4.70|4.42|4.55|4.53|3.95|4.80|4.58|5.00
DOUGHERTY           NEIL|01:377:320:01|4.60|4.41|4.10|4.13|3.77|3.80|4.04|3.43|4.18|4.14
DOUGHERTY           NEIL|01:377:320:02|4.60|4.41|4.10|4.13|3.77|3.80|4.04|3.43|4.18|4.14
DOUGHERTY           NEIL|01:377:323:01|4.65|4.17|4.22|3.59|3.74|3.83|4.17|3.35|3.96|3.91
SHARKEY             LINDA|01:377:324:01|4.42|4.55|4.48|4.61|4.48|4.20|4.10|3.58|4.32|4.19
SHARKEY             LINDA|01:377:327:01|4.60|4.80|4.80|4.60|5.00|4.40|4.80|3.80|4.20|4.60
ROSENWASSER         MARIAN|01:377:330:02|4.61|4.74|4.54|4.81|4.79|4.41|4.04|4.00|4.69|4.44
ROSENWASSER         MARIAN|01:377:331:01|4.81|4.81|4.90|4.87|4.83|4.83|4.67|4.48|4.85|4.81
AOYAGI              KAZUKO|01:377:381:01|4.80|4.60|4.30|4.70|4.80|4.00|4.20|3.60|4.40|4.20
SHARKEY             LINDA|01:377:406:01|4.60|4.83|4.44|4.91|4.92|4.49|4.16|3.85|4.65|4.30
FINKELSTEIN         MYRON|01:377:406:02|4.60|4.83|4.44|4.91|4.92|4.49|4.16|3.85|4.65|4.30
ARENT               SHAWN|01:377:410:00|4.85|4.66|4.76|4.52|3.93|4.49|4.59|4.42|4.66|4.56
FINKELSTEIN         MYRON|01:377:412:01|4.80|5.00|4.90|5.00|5.00|4.90|4.80|5.00|5.00|5.00
