ALAMI               MYRIAM|01:420:001:01|5.00|5.00|4.91|4.95|4.91|4.86|4.95|4.59|4.90|4.90
ALAMI               MYRIAM|01:420:121:01|4.64|4.56|4.62|4.68|4.76|4.43|4.47|3.99|4.61|4.30
BARCHANT            MARIE|01:420:121:10|4.64|4.56|4.62|4.68|4.76|4.43|4.47|3.99|4.61|4.30
BLANCHARD           THOMAS|01:420:121:21|4.64|4.56|4.62|4.68|4.76|4.43|4.47|3.99|4.61|4.30|3.82|3.91|4.64
AUBERT              ANNE|01:420:121:30|4.64|4.56|4.62|4.68|4.76|4.43|4.47|3.99|4.61|4.30
ALAMI               MYRIAM|01:420:131:02|4.67|4.64|4.60|4.69|4.76|4.60|4.39|4.43|4.58|4.45|4.06|3.80|3.60|5.00
AUBERT              ANNE|01:420:131:10|4.67|4.64|4.60|4.69|4.76|4.60|4.39|4.43|4.58|4.45
PIROUX              LORRAINE|01:420:210:01|4.85|5.00|4.87|4.93|4.62|4.73|4.73|4.73|4.93|4.86
FLIEGER             JERRY|01:420:213:01|4.28|4.49|4.20|4.72|4.62|4.04|3.90|4.36|4.18|4.10
KARMARKAR           MEDAH|01:420:213:02|4.28|4.49|4.20|4.72|4.62|4.04|3.90|4.36|4.18|4.10
MAUSSION            CLAIRE|01:420:213:30|4.28|4.49|4.20|4.72|4.62|4.04|3.90|4.36|4.18|4.10|4.00|4.00
ALLAMAND            CAROLE|01:420:214:01|4.94|4.94|4.63|5.00|4.88|4.69|4.63|4.44|4.94|4.53
ALLAMAND            CAROLE|01:420:214:02|4.94|4.94|4.63|5.00|4.88|4.69|4.63|4.44|4.94|4.53
KARMARKAR           MEDHA|01:420:215:01|4.45|4.57|4.19|4.65|4.48|4.10|4.19|4.23|4.26|4.28
SHAW                MARY|01:420:215:02|4.45|4.57|4.19|4.65|4.48|4.10|4.19|4.23|4.26|4.28
SWENSON             JAMES|01:420:215:20|4.45|4.57|4.19|4.65|4.48|4.10|4.19|4.23|4.26|4.28
PAIRET              ANA|01:420:216:01|4.81|4.73|4.69|4.76|4.54|4.72|4.72|4.12|4.58|4.60
CORNILLIAT          FRANCOIS|01:420:216:02|4.81|4.73|4.69|4.76|4.54|4.72|4.72|4.12|4.58|4.60
WILLIAMS            ALAN|01:420:305:01|4.80|4.85|4.85|4.70|4.55|4.70|4.80|4.33|4.70|4.75
WILLIAMS            ALAN|01:420:308:01|4.56|4.56|4.69|4.63|4.25|4.13|4.31|4.44|4.21|4.29
PAIRET              ANA|01:420:315:01|4.86|4.64|4.71|4.79|4.79|4.71|4.64|4.43|4.86|4.77
ALLAMAND            CAROLE|01:420:336:01|4.85|4.92|4.77|4.85|4.46|4.69|4.62|4.08|5.00|4.77
SPEER               MARY|01:420:341:01|4.76|4.75|4.63|4.76|4.38|4.47|4.25|3.94|4.63|4.50|4.00|3.00|5.00|4.00|3.00|5.00|4.00
LARRIER             RENEE|01:420:410:20|4.29|4.29|4.43|4.57|4.17|4.57|4.43|3.71|4.29|4.71
DIAMOND             MJ|01:420:431:01|4.44|4.67|4.44|4.44|4.56|4.11|4.56|3.63|4.44|4.22|5.00|5.00|5.00|5.00|5.00|5.00|5.00|5.00
CORNILLIAT          FRANCOIS|01:420:480:01|5.00|5.00|5.00|5.00|5.00|5.00|5.00|3.89|5.00|4.86
SCHILLING           DEREK|01:420:481:01|5.00|4.86|4.71|4.81|4.43|4.71|4.62|4.15|4.90|4.79|5.00|5.00|5.00|5.00|5.00|5.00|5.00|5.00|5.00
