BONADIE DENNISTON|01:014:103:01|4.65|4.51|4.51|4.48|4.39|4.32|4.40|4.17|4.46|4.39|4.33|4.33|4.00|4.00|4.00|3.00|3.00|3.00|3.00
JENNINGS REGINA|01:014:107:01|4.63|4.75|4.94|4.81|4.69|4.94|4.88|4.56|4.73|4.92|5.00|5.00|5.00|5.00|5.00
JACKSONBREWER KARLA|01:014:201:01|4.33|4.67|4.39|4.56|4.44|4.26|4.44|3.78|4.63|4.59|2.50|5.00|5.00|5.00|5.00|4.00|4.00|4.00|5.00
RAMSAMY EDWARD|01:014:204:01|4.94|4.94|4.94|4.97|4.82|4.90|4.93|4.87|4.91|4.93
JACKSONBREWER KARLA|01:014:206:01|4.50|4.56|4.59|4.67|4.54|4.54|4.48|4.44|4.74|4.76
HART MELANIE|01:014:213:01|4.94|4.94|4.94|5.00|4.78|5.00|4.94|4.72|4.94|4.94
BONADIE DENNISTON|01:014:274:01|4.70|4.70|4.70|5.00|4.80|4.70|4.60|4.60|4.70|4.60
JENNINGS REGINA|01:014:276:01|4.94|4.94|4.94|4.94|5.00|5.00|4.94|4.59|5.00|5.00
ALI YUSEF|01:014:304:01|4.22|4.26|4.48|4.43|4.39|4.22|4.35|4.30|4.09|4.26|4.50
JOHNSON WALTON|01:014:330:01|4.45|4.52|4.69|4.62|4.34|4.41|4.59|4.07|4.46|4.39|5.00
KHAN KAMAL|01:014:347:01|4.33|4.19|4.56|4.44|4.31|4.28|4.56|4.17|4.28|4.42
TATE GAYLE|01:014:353:01|5.00|5.00|5.00|4.91|4.91|4.86|4.95|4.32|4.95|4.91
TATE GAYLE|01:014:362:01|4.88|4.88|4.84|4.88|4.76|4.88|4.88|4.75|4.87|4.88
BETHEL LEONARD|01:014:369:01|4.65|4.82|4.88|4.76|4.88|4.65|4.71|4.41|4.71|4.76|5.00|5.00
BETHEL LEONARD|01:014:423:01|4.50|4.60|4.60|4.60|4.30|4.40|4.50|4.00|4.30|4.50
RAMSAMY EDW RD|01:014:490:02|4.95|5.00|5.00|5.00|4.90|5.00|5.00|4.90|5.00|5.00|5.00
