TRANSUE             GREGG|01:119:100:01|4.06|3.84|3.88|3.87|3.47|3.57|3.46|3.83|3.57|3.31
COOPER              MAGGIE|01:119:101:06|4.28|4.01|3.84|4.21|3.89|3.79|3.76|3.64|4.01|3.66
YU                  SIMON|01:119:101:14|4.28|4.01|3.84|4.21|3.89|3.79|3.76|3.64|4.01|3.66
SADOWSKI            DOROTHY|01:119:101:23|4.28|4.01|3.84|4.21|3.89|3.79|3.76|3.64|4.01|3.66
CARATOZZOLA         ROSE|01:119:101:24|4.28|4.01|3.84|4.21|3.89|3.79|3.76|3.64|4.01|3.66
YU                  SIMON|01:119:101:27|4.28|4.01|3.84|4.21|3.89|3.79|3.76|3.64|4.01|3.66
MOBB                KAREN|01:119:101:34|4.28|4.01|3.84|4.21|3.89|3.79|3.76|3.64|4.01|3.66|3.91|4.00
MCGUIRE             JULIE|01:119:101:52|4.28|4.01|3.84|4.21|3.89|3.79|3.76|3.64|4.01|3.66
SUKHDEO             SUZANNE|01:119:103:00|4.74|4.71|4.63|4.76|4.63|4.47|4.42|3.38|4.61|4.37|4.67|4.50
WAYNE               ROSSITER|01:119:103:03|4.74|4.71|4.63|4.76|4.63|4.47|4.42|3.38|4.61|4.37
STANCO              MARIA|01:119:103:05|4.74|4.71|4.63|4.76|4.63|4.47|4.42|3.38|4.61|4.37
HUDSON              ANDRE|01:119:103:07|4.74|4.71|4.63|4.76|4.63|4.47|4.42|3.38|4.61|4.37
HUDSON              ANDRE|01:119:103:08|4.74|4.71|4.63|4.76|4.63|4.47|4.42|3.38|4.61|4.37|4.67|4.50|5.00|5.00|5.00|5.00|5.00|5.00|5.00
SUKHDEO             MICHAEL|01:119:111:01|4.68|4.79|4.92|4.76|4.61|4.76|4.84|3.92|4.78|4.62|5.00
SOFER               WILLIAM|01:119:140:01|4.64|4.25|4.20|4.39|3.69|3.83|4.05|3.35|4.21|3.81
BREY                CHRISTOPHE|01:119:150:02|3.91|3.22|3.42|3.92|3.73|3.22|3.52|3.32|3.28|3.34|5.00|5.00|5.00|5.00|5.00|5.00|5.00
DEVANAS             MONICA|01:119:152:01|4.65|4.81|4.71|4.82|4.61|4.63|4.50|3.89|4.72|4.54
DEVANAS             MONICA|01:119:152:02|4.65|4.81|4.71|4.82|4.61|4.63|4.50|3.89|4.72|4.54
KABIR               ZOGHLUL|01:119:160:01|4.09|3.70|4.20|3.97|4.25|3.91|4.03|2.77|4.29|4.16|5.00
