LELKES              LOU|01:447:245:01|4.88|4.87|4.81|4.91|4.90|4.73|4.86|4.59|4.89|4.82
SOFER               WILLIAM|01:447:380:00|4.14|4.08|3.95|4.14|3.86|3.74|3.79|3.82|3.87|3.83
MCKIM               KIM|01:447:380:00|4.14|4.08|3.95|4.14|3.86|3.74|3.79|3.82|3.87|3.83|4.67|4.00|4.50|4.00
HAVILAND            MARTHA|01:447:380:00|4.14|4.08|3.95|4.14|3.86|3.74|3.79|3.82|3.87|3.83
MCKIM               KIM|01:447:380:01|4.14|4.08|3.95|4.14|3.86|3.74|3.79|3.82|3.87|3.83
MCKIM               KIM|01:447:380:02|4.14|4.08|3.95|4.14|3.86|3.74|3.79|3.82|3.87|3.83
SOFER               WILLIAM|01:447:380:03|4.14|4.08|3.95|4.14|3.86|3.74|3.79|3.82|3.87|3.83|4.67|4.50
SOFER               WILLIAM|01:447:380:04|4.14|4.08|3.95|4.14|3.86|3.74|3.79|3.82|3.87|3.83
DAMORE              DOMENIC|01:447:382:01|4.54|4.48|4.26|4.55|4.44|4.17|3.99|3.95|4.34|4.14|3.70|4.01|4.18|5.00
DAMORE              DOMENIC|01:447:382:02|4.54|4.48|4.26|4.55|4.44|4.17|3.99|3.95|4.34|4.14|3.70|4.01|4.18|3.00|4.00|4.00
LANDESMAN           BILL|01:447:382:09|4.54|4.48|4.26|4.55|4.44|4.17|3.99|3.95|4.34|4.14|3.70|4.01|4.18
MCGUIRE             TERRY|01:447:384:00|4.19|4.17|3.85|4.28|3.62|4.03|4.13|4.15|4.00|4.10
PASSMORE            HOWARD|01:447:387:01|4.37|4.63|4.53|4.84|3.94|4.47|4.58|4.16|4.39|4.53|4.67|4.56|4.00|3.56|2.28|3.44|2.78|3.39|4.44
BRZUSTOWICZ         LINDA|01:447:403:01|4.86|4.89|4.59|4.78|4.89|4.61|4.49|4.29|4.67|4.57
HEY                 JODY|01:447:403:03|4.86|4.89|4.59|4.78|4.89|4.61|4.49|4.29|4.67|4.57
SINHA               NAVIN|01:447:451:01|4.70|4.58|4.45|4.63|4.00|3.90|4.29|4.30|4.29|4.10|5.00
SHUMYATSKY          GLEB|01:447:480:01|4.50|4.56|4.43|4.67|4.63|4.17|4.51|4.05|4.40|4.48|4.47|3.30|3.58
RONGO               CHRISTOPHE|01:447:480:01|4.50|4.56|4.43|4.67|4.63|4.17|4.51|4.05|4.40|4.48|4.47|3.30|3.58
AXELROD             DAVID|01:447:495:01|4.62|4.54|4.31|4.54|3.77|4.15|4.62|4.77|4.46|4.15
