LITTMAN             MICHAEL|01:198:105:01|4.95|4.40|4.60|4.95|4.75|4.63|4.50|3.80|4.84|4.55
CHIRCO              JT|01:198:110:00|4.16|3.92|3.72|4.18|4.18|3.58|3.57|2.69|3.83|3.46
BELOWICH            ALAN|01:198:110:00|4.16|3.92|3.72|4.18|4.18|3.58|3.57|2.69|3.83|3.46|4.43
CHIRCO              JT|01:198:110:00|4.16|3.92|3.72|4.18|4.18|3.58|3.57|2.69|3.83|3.46|4.43
GOPALAN             SHIVA|01:198:110:01|4.16|3.92|3.72|4.18|4.18|3.58|3.57|2.69|3.83|3.46
GOPALAN             SHIVA|01:198:110:02|4.16|3.92|3.72|4.18|4.18|3.58|3.57|2.69|3.83|3.46
PANGRIKAR           ROHINI|01:198:110:04|4.16|3.92|3.72|4.18|4.18|3.58|3.57|2.69|3.83|3.46
PANGRIKAR           ROHINI|01:198:110:05|4.16|3.92|3.72|4.18|4.18|3.58|3.57|2.69|3.83|3.46
KLEISOURES          KOSTA|01:198:110:09|4.16|3.92|3.72|4.18|4.18|3.58|3.57|2.69|3.83|3.46
BELOWICH            ALAN|01:198:110:10|4.16|3.92|3.72|4.18|4.18|3.58|3.57|2.69|3.83|3.46
BELOWICH            ALAN|01:198:110:11|4.16|3.92|3.72|4.18|4.18|3.58|3.57|2.69|3.83|3.46
MOHAN               AANCHAN|01:198:110:12|4.16|3.92|3.72|4.18|4.18|3.58|3.57|2.69|3.83|3.46
SACHDEV             BALWINDERP|01:198:110:13|4.16|3.92|3.72|4.18|4.18|3.58|3.57|2.69|3.83|3.46
SACHDEV             BALWINDERP|01:198:110:14|4.16|3.92|3.72|4.18|4.18|3.58|3.57|2.69|3.83|3.46
MOHAN               AANCHAN|01:198:110:15|4.16|3.92|3.72|4.18|4.18|3.58|3.57|2.69|3.83|3.46
GOELZ               KATE|01:198:110:30|4.16|3.92|3.72|4.18|4.18|3.58|3.57|2.69|3.83|3.46
GOELZ               KATE|01:198:110:31|4.16|3.92|3.72|4.18|4.18|3.58|3.57|2.69|3.83|3.46
MAUNG               CQYSTAL|01:198:110:32|4.16|3.92|3.72|4.18|4.18|3.58|3.57|2.69|3.83|3.46
MAUNG               CRYSTAL|01:198:110:33|4.16|3.92|3.72|4.18|4.18|3.58|3.57|2.69|3.83|3.46
VISWANATHAN         HARIHARASU|01:198:110:41|4.16|3.92|3.72|4.18|4.18|3.58|3.57|2.69|3.83|3.46
VISWANATHAN         HARIHARASU|01:198:110:42|4.16|3.92|3.72|4.18|4.18|3.58|3.57|2.69|3.83|3.46
WOITHE              HAWSCHRIST|01:198:110:44|4.16|3.92|3.72|4.18|4.18|3.58|3.57|2.69|3.83|3.46
MENON               VIKAS|01:198:110:54|4.16|3.92|3.72|4.18|4.18|3.58|3.57|2.69|3.83|3.46
MENON               VIKAS|01:198:110:55|4.16|3.92|3.72|4.18|4.18|3.58|3.57|2.69|3.83|3.46
JAGIRDAR            ADITYA|01:198:110:56|4.16|3.92|3.72|4.18|4.18|3.58|3.57|2.69|3.83|3.46
ARORO               PRIYANKA|01:198:110:60|4.16|3.92|3.72|4.18|4.18|3.58|3.57|2.69|3.83|3.46
ARORA               PRIYANKA|01:198:110:61|4.16|3.92|3.72|4.18|4.18|3.58|3.57|2.69|3.83|3.46
JAGIRDAR            ADITYA|01:198:110:63|4.16|3.92|3.72|4.18|4.18|3.58|3.57|2.69|3.83|3.46|4.43
HARI                PRADIP|01:198:111:00|4.46|4.51|4.16|4.59|4.43|4.06|4.21|4.05|4.28|4.28
HARI                PRADIP|01:198:111:00|4.46|4.51|4.16|4.59|4.43|4.06|4.21|4.05|4.28|4.28|4.80|4.75|5.00|5.00|5.00|5.00|5.00|5.00|5.00
XIN                 SUN|01:198:111:09|4.46|4.51|4.16|4.59|4.43|4.06|4.21|4.05|4.28|4.28|4.80|4.75
VENUGOPAL           SESH|01:198:112:00|4.60|4.48|4.16|4.52|4.48|4.21|4.37|4.24|4.51|4.51
HARI                PRADIP|01:198:112:05|4.60|4.48|4.16|4.52|4.48|4.21|4.37|4.24|4.51|4.51
VENUGOPAL           SESH|01:198:113:00|4.20|3.87|3.80|4.20|4.15|3.80|3.80|4.40|4.07|3.67
GANU                GAYATREE|01:198:170:01|4.13|3.97|3.82|4.10|3.95|3.75|3.83|3.35|3.86|3.50
GANU                GAYATREE|01:198:170:02|4.13|3.97|3.82|4.10|3.95|3.75|3.83|3.35|3.86|3.50
JAIN                SHALINI|01:198:170:03|4.13|3.97|3.82|4.10|3.95|3.75|3.83|3.35|3.86|3.50
JAIN                SHALINI|01:198:170:04|4.13|3.97|3.82|4.10|3.95|3.75|3.83|3.35|3.86|3.50
SUMITA              BHALLAMUDI|01:198:170:05|4.13|3.97|3.82|4.10|3.95|3.75|3.83|3.35|3.86|3.50|4.25|5.00|5.00|4.75|5.00|4.75|4.50|5.00|4.50
ARORA               ROHIT|01:198:170:06|4.13|3.97|3.82|4.10|3.95|3.75|3.83|3.35|3.86|3.50
ARORA               ROHIT|01:198:170:07|4.13|3.97|3.82|4.10|3.95|3.75|3.83|3.35|3.86|3.50|4.25
BHALLAMUDI          SUMITA|01:198:170:08|4.13|3.97|3.82|4.10|3.95|3.75|3.83|3.35|3.86|3.50|4.25
RADHAKRISHNAN       RAHUL|01:198:170:11|4.13|3.97|3.82|4.10|3.95|3.75|3.83|3.35|3.86|3.50
GATLA               BHANTHIKIR|01:198:170:12|4.13|3.97|3.82|4.10|3.95|3.75|3.83|3.35|3.86|3.50|4.25|4.75|4.75|4.50|4.50
GATLA               SHANT IKIR|01:198:170:16|4.13|3.97|3.82|4.10|3.95|3.75|3.83|3.35|3.86|3.50
MITROFANOVA         ANTONINA|01:198:206:02|4.48|4.43|4.24|4.62|4.10|3.90|3.65|2.85|4.60|3.50
LEVY                SAUL|01:198:211:00|3.63|3.63|3.48|3.86|3.96|3.10|3.27|3.44|3.33|2.92
LEVY                SAUL|01:198:211:01|3.63|3.63|3.48|3.86|3.96|3.10|3.27|3.44|3.33|2.92
RICHTER             GERARD|01:198:323:00|4.88|4.74|4.43|4.67|4.25|4.36|4.25|3.61|4.64|4.25
MARIAN              AMELIE|01:198:336:00|4.19|3.96|3.78|4.11|4.07|3.58|3.76|3.80|4.00|3.74
ZHOU                SHIYU|01:198:336:06|4.19|3.96|3.78|4.11|4.07|3.58|3.76|3.80|4.00|3.74
KALANTARI           BAHMAN|01:198:344:00|3.87|3.89|3.49|4.33|4.00|3.59|3.52|3.47|3.84|3.68|5.00
SZEDGEY             MAQIO|01:198:352:08|3.65|4.05|3.60|4.25|4.10|3.40|4.10|4.30|3.56|3.63
PAULL               MARVIN|01:198:416:11|4.00|3.92|3.55|4.14|3.55|3.42|3.29|3.56|3.49|3.14
KRZYZANOWSKI        PAUL|01:198:417:01|4.59|4.37|4.11|4.44|4.15|4.15|4.26|4.04|4.26|4.19
DECARLO             DOUGLAS|01:198:428:01|4.68|4.65|4.65|4.71|4.56|4.50|4.76|4.38|4.72|4.71
RYDER               BARBARA|01:198:431:01|4.08|4.13|3.83|4.00|4.36|3.83|4.00|3.92|4.08|3.68
MCCARTY             LTHORUE|01:198:440:01|4.59|4.38|4.03|4.41|4.47|4.05|3.97|4.41|4.32|4.09
