PAGE                CHARLES|01:146:245:01|4.47|4.05|3.43|3.88|4.07|3.44|4.30|4.36|3.61|3.89|5.00|5.00
JOHNALDER           HENRY|01:146:356:01|4.48|4.24|4.04|4.28|4.05|3.62|4.16|4.03|3.84|3.74
AUERBACH            SIDNEY|01:146:356:01|4.48|4.24|4.04|4.28|4.05|3.62|4.16|4.03|3.84|3.74|5.00
ZHANG               JEAN|01:146:357:01|4.55|4.31|4.07|4.30|3.44|4.03|3.98|3.53|4.13|3.78
ZHANG               JEAN|01:146:357:07|4.55|4.31|4.07|4.30|3.44|4.03|3.98|3.53|4.13|3.78
CHEN                JUE|01:146:357:12|4.55|4.31|4.07|4.30|3.44|4.03|3.98|3.53|4.13|3.78
FIRESTEIN           BONNIE|01:146:445:01|4.61|4.48|4.35|4.60|4.43|4.31|4.37|4.54|4.41|4.40|5.00
HSU                 SHU|01:146:445:01|4.61|4.48|4.35|4.60|4.43|4.31|4.37|4.54|4.41|4.40
PLUMMER             MARK|01:146:445:01|4.61|4.48|4.35|4.60|4.43|4.31|4.37|4.54|4.41|4.40
PAGE                CHARLES|01:146:445:01|4.61|4.48|4.35|4.60|4.43|4.31|4.37|4.54|4.41|4.40|5.00
ADVIS               JP|01:146:450:01|4.67|4.42|4.47|4.79|4.38|4.19|4.39|3.97|4.30|4.22
YOUNG               WISE|01:146:464:01|4.50|4.60|4.70|4.80|4.50|4.60|4.60|4.60|4.50|4.40
DENHARDT            DAVID|01:146:470:01|4.68|4.32|4.16|4.40|4.25|4.28|4.60|4.46|4.35|4.44
