KOENICK RUTHANNE|01:988:101:02|4.49|4.40|4.48|4.49|4.38|4.24|4.21|3.46|4.28|4.21
GARRIGALOPEZ CLAUDIA|01:988:101:03|4.49|4.40|4.48|4.49|4.38|4.24|4.21|3.46|4.28|4.21
KELLER ELIZABETH|01:988:101:09|4.49|4.40|4.48|4.49|4.38|4.24|4.21|3.46|4.28|4.21
JONES JENNIFER|01:988:101:71|4.49|4.40|4.48|4.49|4.38|4.24|4.21|3.46|4.28|4.21
CRUZ MARIANA|01:988:150:01|4.76|4.66|4.76|4.79|4.90|4.72|4.57|4.14|4.69|4.59
JACKSONBREWER KARLA|01:988:206:01|4.60|4.90|5.00|4.90|4.70|4.40|4.70|4.40|4.78|4.44
KELLER ELIZABETH|01:988:235:74|4.61|4.61|4.70|4.70|4.70|4.58|4.58|4.21|4.56|4.56
RIVERA CHRISTOPHE|01:988:285:01|4.86|4.86|4.92|4.89|4.75|4.78|4.67|4.08|4.83|4.79
KAWASH SAMIRA|01:988:301:01|4.29|4.25|3.83|4.32|4.22|3.71|3.75|3.88|3.91|3.96
RAJAN JULIE|01:988:303:02|4.66|4.75|4.69|4.84|4.67|4.47|4.50|4.06|4.52|4.53
MARTER JOAN|01:988:305:01|4.29|4.43|4.57|3.86|3.86|4.00|4.14|3.57|3.86|4.00
CARTER ROSLYN|01:988:307:01|4.24|4.16|4.08|4.13|4.14|3.68|3.87|3.66|3.95|3.84|3.00|3.00|3.00|3.00
SCHEIN LOUISA|01:988:317:01|4.34|4.31|4.38|4.24|3.62|3.72|4.00|4.07|3.86|3.82
STUBAUS KAREN|01:988:330:01|4.71|4.64|4.85|4.93|4.79|4.79|4.50|4.14|4.79|4.71
RODGERS YANA|01:988:335:01|5.00|5.00|4.71|4.86|4.71|4.43|4.57|3.86|4.43|4.43
SCHUSTER SHERRIL|01:988:354:01|3.11|1.56|2.50|1.57|1.50|1.50|3.22|3.63|1.75|2.22
SHERIDANRABIDEAU MARY|01:988:364:01|4.20|5.00|4.75|4.80|4.40|4.00|4.40|4.60|4.00|4.00|3.00|5.00|5.00|5.00|5.00|3.00|3.00
WALL CHERYL|01:988:366:01|4.80|4.80|4.80|4.80|4.80|4.70|4.50|4.00|4.90|4.80
DECENA CARLOS|01:988:370:01|5.00|5.00|4.67|5.00|4.75|4.17|4.00|4.00|4.33|4.17
FLITTERMANLEWIS SANDY|01:988:376:01|4.80|4.80|4.80|4.80|4.80|4.20|4.60|4.40|4.60|4.60
SANCHEZ DIANA|01:988:381:01|5.00|5.00|5.00|4.00|4.00|4.50|4.50|4.50|4.00|4.50|5.00|5.00|5.00|5.00|5.00
COIRO ANNE|01:988:388:01|5.00|4.80|4.80|5.00|5.00|4.40|4.40|3.60|5.00|5.00
VAPNEK LARA|01:988:390:01|4.00|4.14|3.57|4.00|4.14|4.14|3.43|3.86|3.71|4.00
KAPLAN TEMMA|01:988:396:02|3.25|3.00|3.80|4.60|3.60|2.80|3.17|3.67|3.33|3.17
GRABOWSKA MAGDALENA|01:988:425:01|4.50|4.50|4.50|5.00|5.00|4.75|4.25|4.00|4.75|4.50
TRIGG MARY|01:988:426:01|4.77|5.00|4.77|4.92|4.92|4.69|4.69|4.69|4.67|4.73
DANIELS CYNTHIA|01:988:428:01|4.42|4.67|4.50|4.50|4.30|4.27|4.50|4.25|4.55|4.45
PERERA SONALI|01:988:437:03|5.00|5.00|4.00|5.00|5.00|4.00|4.00|4.00|4.00|4.00
CARELLI LINDA|01:988:440:01|4.44|4.72|4.78|4.72|4.33|4.39|4.76|4.22|4.56|4.65
HAWKESWORTH MARY|01:988:482:01|5.00|5.00|5.00|5.00|4.70|5.00|5.00|4.20|5.00|4.90
LIVINGSTON JULIE|01:988:490:01|4.62|4.54|4.77|4.77|4.38|4.62|4.62|4.69|4.77|4.62
