SPRACHMAN PAUL|01:685:104:01|4.78|4.94|5.00|4.94|4.94|4.94|4.89|4.82|4.89|4.89
ALSIADI MOHAMED|01:685:128:01|3.79|4.13|4.04|4.30|4.40|3.90|3.97|4.69|3.86|3.79
SOUEID JOHN|01:685:128:02|3.79|4.13|4.04|4.30|4.40|3.90|3.97|4.69|3.86|3.79
ELBOUZIDY RACHID|01:685:128:03|3.79|4.13|4.04|4.30|4.40|3.90|3.97|4.69|3.86|3.79
ALSIADI MOHAMED|01:685:228:02|3.88|4.14|4.14|4.00|4.00|3.57|3.57|5.00|3.71|3.71
PAVLIM JAMES|01:685:233:01|4.17|4.17|3.67|4.50|3.67|3.50|4.00|4.33|3.67|3.83
MENDILOW JONATHAN|01:685:300:01|4.47|4.09|4.32|4.25|4.05|3.93|4.44|4.48|4.15|4.19
ZAMANI AMIR|01:685:326:01|4.50|4.50|4.33|4.58|4.42|4.08|4.50|4.82|4.18|4.17
MOJADDEDI JAWID|01:685:326:02|4.50|4.50|4.33|4.58|4.42|4.08|4.50|4.82|4.18|4.17|5.00
DJABINI AMIR|01:685:330:01|4.95|5.00|4.95|5.00|5.00|5.00|4.95|4.39|5.00|4.95|5.00|5.00
DJABINI AMIR|01:685:331:01|4.93|4.93|5.00|5.00|4.73|4.80|4.73|4.27|5.00|4.93
DJABINI AMIR|01:685:333:01|4.83|5.00|5.00|5.00|4.93|4.83|4.89|4.47|4.95|4.94|5.00
ARONOFF MYRON|01:685:352:01|4.00|4.17|3.50|3.83|4.17|3.33|3.50|4.00|3.83|3.80
SPRACHMAN PAUL|01:685:360:01|4.87|4.71|4.86|4.86|4.80|4.71|4.73|4.36|4.73|4.79
MOREWEDGE DARVIZ|01:685:374:01|4.00|4.75|4.75|5.00|4.75|4.50|4.00|4.00|4.25|4.25
SPRACHMAN PAUL|01:685:380:01|4.50|5.00|4.75|4.75|4.25|4.75|5.00|4.50|5.00|5.00
ELBOUZIDY RACHID|01:685:438:01|3.20|3.40|4.00|4.40|4.00|3.60|3.40|4.00|3.25|3.25
RAZANI AFSHIN|01:685:441:01|4.83|4.83|5.00|4.67|4.50|4.83|4.67|4.17|4.67|4.67
DAVIS ERIC|01:685:451:01|4.57|4.29|4.17|4.14|3.43|3.64|4.14|4.54|4.00|3.69
