DENIS               MILAGROS|01:836:100:01|4.69|4.49|4.54|4.69|4.89|4.57|4.62|4.38|4.65|4.57|5.00|5.00|5.00|5.00|5.00|5.00|5.00|5.00|5.00
RAMOSZAYAS          ANA|01:836:101:01|3.88|3.89|4.04|3.68|3.86|3.64|3.86|4.00|3.77|3.76
DENIS               MILAGNOS|01:836:205:01|4.26|4.39|4.00|4.30|4.09|3.48|3.87|3.52|3.87|3.65
RIVERACOLON         EDGAR|01:836:299:02|4.47|4.36|4.33|4.54|3.79|4.07|4.33|3.93|4.14|4.21
DECENA              CARLOS|01:836:302:01|4.68|4.79|4.95|4.83|4.50|4.67|4.89|4.39|4.79|4.63
RIVERACOLON         EDGAR|01:836:304:01|4.25|4.38|4.00|4.43|3.57|3.75|3.71|3.29|4.00|3.83
CANDELARIO          SHEILA|01:836:312:01|4.55|4.45|4.36|4.45|4.70|4.36|4.55|4.40|4.09|4.09|4.00|4.00|4.00|4.00|3.00|2.00|4.00
RIPTON              JOHN|01:836:328:01|4.20|4.27|4.33|4.47|4.53|4.33|4.47|4.07|4.13|4.14
LAURIASANTIAGO      ALDO|01:836:412:01|4.00|4.43|4.14|4.86|4.83|4.57|4.43|3.43|4.57|4.00
RAMOSZAYAS          ANA|01:836:497:01|4.20|4.40|4.40|4.40|4.00|3.80|4.50|4.60|4.40|4.40
