KUHN KENNETH|01:470:101:02|4.53|4.55|4.73|4.68|4.45|4.39|4.42|4.33|4.41|4.33|4.38|4.79|4.19|4.27
KUHN KENNETH|01:470:101:03|4.53|4.55|4.73|4.68|4.45|4.39|4.42|4.33|4.41|4.33|4.38|4.79|4.19|4.27
BOGHOSSIAN ANNELIESE|01:470:102:03|4.88|4.78|4.62|4.98|4.83|4.68|4.63|4.34|4.73|4.68|4.68|4.46|3.79|3.78|5.00
EHLER KARIN|01:470:103:01|4.56|4.56|4.78|4.78|4.89|4.44|4.33|4.67|4.44|4.44|4.67|4.78|4.11|4.33
EHLER KARIN|01:470:104:01|5.00|5.00|4.67|5.00|5.00|5.00|5.00|4.50|5.00|5.00|5.00|5.00|4.67|4.33|5.00|5.00|5.00|5.00
CHARLOTTE CRAIG|01:470:131:01|3.80|3.27|3.27|4.00|2.64|2.73|2.55|4.73|2.90|3.00|2.64|4.64|4.18|2.36
GLOWACKI DORIS|01:470:132:02|4.90|4.95|4.80|5.00|5.00|4.80|4.75|4.76|4.74|4.84|4.86|4.93|4.29|4.36
NAQVI FATIMA|01:470:232:01|4.58|4.67|4.76|4.80|4.44|4.52|4.48|4.67|4.72|4.60|4.42|4.52|4.71|4.54
DIERS KAI|01:470:299:01|4.67|4.78|4.89|4.78|4.56|4.44|4.22|4.56|4.56|4.44|4.14|4.00|4.43|4.43
JAROSINSKI ERIC|01:470:314:01|5.00|5.00|5.00|4.89|4.89|5.00|5.00|4.78|5.00|4.78|5.00|4.67|4.89|5.00
CIKLAMINI MARLENE|01:470:325:01|4.90|5.00|4.80|5.00|4.90|4.50|4.50|4.10|4.90|4.60|4.90|4.90|4.70|4.70|5.00|5.00|5.00|5.00|5.00
JAROSINSKI ERIC|01:470:348:01|4.60|4.80|4.53|4.87|4.87|4.33|4.33|4.64|4.53|4.47|4.53|4.47|4.67|4.53
TATLOCK CAROL|01:470:389:01|5.00|5.00|5.00|5.00|5.00|4.94|4.94|4.76|4.94|4.94|4.67|4.67|4.40|4.75
RENNIE NICHOLAS|01:470:390:01|4.86|4.43|4.71|5.00|4.71|4.43|4.29|3.71|4.86|4.43|4.00|4.00|4.00|4.00
JAROSINSKI ERIC|01:470:391:01|4.77|4.92|4.79|4.93|4.93|4.62|4.62|4.36|4.86|4.62|4.85|4.77|4.45|4.55
CIKLAMINI MAREENE|01:470:392:01|4.80|5.00|5.00|5.00|4.80|4.60|4.80|4.00|5.00|4.60|4.40|4.80|4.60|4.50
JAROSINSKI ERIC|01:470:394:01|4.47|4.87|5.00|5.00|5.00|4.87|4.67|4.40|4.73|4.53
