HAMILTON            LEONARD|01:830:101:00|4.71|4.58|4.52|4.64|4.53|4.28|4.33|3.94|4.45|4.38
LEYTON              MICHAEL|01:830:101:03|4.71|4.58|4.52|4.64|4.53|4.28|4.33|3.94|4.45|4.38|4.60|4.50|4.25|4.57|4.75|4.67|4.67|4.67|5.00
JAMES               CARLTON|01:830:101:11|4.71|4.58|4.52|4.64|4.53|4.28|4.33|3.94|4.45|4.38
JAMES               CARLTON|01:830:101:12|4.71|4.58|4.52|4.64|4.53|4.28|4.33|3.94|4.45|4.38
BRILL               GARY|01:830:101:18|4.71|4.58|4.52|4.64|4.53|4.28|4.33|3.94|4.45|4.38|4.60|4.50|4.25|4.57
BRILL               GARY|01:830:101:19|4.71|4.58|4.52|4.64|4.53|4.28|4.33|3.94|4.45|4.38
TAYLOR              ALYNNE|01:830:200:14|4.57|4.55|4.17|4.61|4.61|4.25|4.09|3.07|4.46|4.08|5.00
KEER                STEPHANIE|01:830:200:15|4.57|4.55|4.17|4.61|4.61|4.25|4.09|3.07|4.46|4.08
KUSNECOV            ALEXANDER|01:830:202:02|4.86|4.79|4.86|4.86|4.66|4.41|4.76|4.66|4.76|4.76
CONTRADA            RICHARD|01:830:300:01|4.64|4.73|4.36|4.55|4.45|4.00|4.40|3.45|4.36|4.27|4.64|3.55|3.64|3.91|3.73|4.64|4.45|4.27|4.64
KOWLER              EILEEN|01:830:301:01|4.67|4.61|4.40|4.68|4.48|4.27|4.35|3.72|4.49|4.35|3.00|3.00|3.00|3.00|3.00|3.00|3.00|3.00|3.00
GERSCH              TIM|01:830:301:02|4.67|4.61|4.40|4.68|4.48|4.27|4.35|3.72|4.49|4.35
MCGOWAN             JIM|01:830:301:04|4.67|4.61|4.40|4.68|4.48|4.27|4.35|3.72|4.49|4.35
GLASS               ARNOLD|01:830:303:01|4.53|3.86|4.02|3.75|4.44|4.00|4.04|3.77|3.98|3.88|5.00|5.00|5.00
FELDMAN             JACOB|01:830:305:02|4.57|4.53|4.33|4.65|4.50|4.19|4.24|3.69|4.37|4.21
LESLIE              ALAN|01:830:305:03|4.57|4.53|4.33|4.65|4.50|4.19|4.24|3.69|4.37|4.21|5.00|5.00
DRISCOLL            KEVIN|01:830:305:04|4.57|4.53|4.33|4.65|4.50|4.19|4.24|3.69|4.37|4.21|5.00
INGATE              MARGARETE|01:830:305:06|4.57|4.53|4.33|4.65|4.50|4.19|4.24|3.69|4.37|4.21|5.00|5.00|5.00|5.00|5.00|5.00|5.00|5.00
INGATE              MARGARET|01:830:305:07|4.57|4.53|4.33|4.65|4.50|4.19|4.24|3.69|4.37|4.21
DIGIAN              KELLY|01:830:306:10|4.36|4.40|3.85|4.44|4.26|3.79|3.50|3.27|4.11|3.86
BRYANT              DEBORAH|01:830:311:01|4.24|3.77|3.30|3.69|3.77|3.13|3.38|2.85|3.35|3.23
TOMIE               ART|01:830:311:03|4.24|3.77|3.30|3.69|3.77|3.13|3.38|2.85|3.35|3.23
BRYANT              DEBORAH|01:830:311:06|4.24|3.77|3.30|3.69|3.77|3.13|3.38|2.85|3.35|3.23
OTTO                TIM|01:830:313:02|4.38|4.31|4.13|4.28|4.10|3.73|4.07|3.78|3.99|3.94|5.00
VICARIO             DAVID|01:830:313:06|4.38|4.31|4.13|4.28|4.10|3.73|4.07|3.78|3.99|3.94
VICARIO             DAVID|01:830:313:07|4.38|4.31|4.13|4.28|4.10|3.73|4.07|3.78|3.99|3.94|5.00|5.00|5.00|5.00|5.00|5.00|4.00
ROSSIGEORGE         ALBA|01:830:313:09|4.38|4.31|4.13|4.28|4.10|3.73|4.07|3.78|3.99|3.94
RUDMAN              LAURIE|01:830:321:01|4.76|4.45|4.51|4.59|4.55|4.27|4.41|4.15|4.45|4.39|4.38|5.00|4.50|5.00|4.00|4.00|5.00|5.00|4.00
ACKROFF             JOHN|01:830:321:05|4.76|4.45|4.51|4.59|4.55|4.27|4.41|4.15|4.45|4.39|4.38|4.50|4.00|4.00|4.00
ACKROFF             JOHN|01:830:321:06|4.76|4.45|4.51|4.59|4.55|4.27|4.41|4.15|4.45|4.39
SANCHEZ             DIANA|01:830:321:07|4.76|4.45|4.51|4.59|4.55|4.27|4.41|4.15|4.45|4.39|4.38
KILIANSKI           STEPHAN|01:830:321:08|4.76|4.45|4.51|4.59|4.55|4.27|4.41|4.15|4.45|4.39|4.38
CARMODY             DENNIS|01:830:331:05|4.88|4.88|4.83|4.78|4.75|4.71|4.79|4.50|4.74|4.71
KNIGHT|01:830:333:06|3.74|4.11|3.93|4.26|4.40|3.67|3.58|3.84|3.71|3.80|2.50
OGILVIE             DANIEL|01:830:338:01|4.63|4.45|4.53|4.51|4.26|4.20|4.24|4.11|4.41|4.26|4.24|4.00
MOHLMAN             JAN|01:830:340:05|4.52|4.57|4.67|4.69|4.62|4.42|4.51|4.31|4.56|4.60|4.75
FRIEDMAN            MICHAEL|01:830:340:06|4.52|4.57|4.67|4.69|4.62|4.42|4.51|4.31|4.56|4.60|4.75|5.00
SHORS               TRACEY|01:830:340:07|4.52|4.57|4.67|4.69|4.62|4.42|4.51|4.31|4.56|4.60|4.75
GOLDMAN             BINYAMIN|01:830:346:01|3.94|4.04|3.71|4.31|4.09|3.60|3.54|4.30|3.65|3.56|5.00
STROMSWOLD          KARIN|01:830:351:01|4.47|4.70|4.26|4.79|4.58|4.12|4.06|3.56|4.32|4.18
TOMIE               ARTHUR|01:830:364:02|4.67|3.98|3.86|3.86|4.06|3.46|4.27|3.98|3.96|3.92
ASHMORE             RICHARD|01:830:372:01|4.65|4.87|4.57|4.83|4.17|4.39|4.35|4.22|4.52|4.35
CONTRADA            RICHARD|01:830:377:01|4.88|4.71|4.53|4.69|4.67|4.36|4.36|4.09|4.43|4.38|3.82|2.53|1.65|2.46|2.80|3.94|3.70|4.21|3.92
WOOLFORK            ROBERT|01:830:393:01|4.19|4.42|4.40|4.49|4.38|3.94|4.36|4.40|4.09|4.03
HUDSON              JUDITH|01:830:396:02|4.63|4.65|4.54|4.64|4.57|4.44|4.60|4.63|4.50|4.61
HARRISON            NANCY|01:830:396:03|4.63|4.65|4.54|4.64|4.57|4.44|4.60|4.63|4.50|4.61
HARRIS              SANDRA|01:830:396:04|4.63|4.65|4.54|4.64|4.57|4.44|4.60|4.63|4.50|4.61
KRAMER              DEIRDRE|01:830:396:05|4.63|4.65|4.54|4.64|4.57|4.44|4.60|4.63|4.50|4.61
HARRIS              SANDRA|01:830:397:04|4.80|4.93|4.87|4.93|4.27|4.33|4.47|4.33|4.67|4.33
KRAMER              DEIRDRE|01:830:397:05|4.80|4.93|4.87|4.93|4.27|4.33|4.47|4.33|4.67|4.33|5.00
ROVEECOLLIER        CAROLYN|01:830:401:01|4.56|5.00|4.78|5.00|5.00|4.56|4.78|4.56|4.75|4.75
JAMES               CARLTON|01:830:451:01|4.90|5.00|4.81|5.00|5.00|5.00|4.95|4.91|5.00|4.95
JO                  HANIK|01:830:474:01|4.18|3.73|3.91|4.36|4.36|4.00|3.82|3.91|3.82|3.73
ELIAS               MAURICE|01:830:494:01|5.00|5.00|5.00|5.00|4.75|5.00|5.00|5.00|5.00|5.00
