POPEL GEORGE|01:960:211:01|4.34|4.14|3.94|4.20|3.94|3.85|3.81|3.03|4.01|3.87
BOUAKIZ MOKRANE|01:960:211:02|4.34|4.14|3.94|4.20|3.94|3.85|3.81|3.03|4.01|3.87
LAWRENCE SHEILA|01:960:212:01|4.68|4.63|4.32|4.89|4.89|4.53|4.42|4.21|4.56|4.50
POPEL GEORGE|01:960:285:01|4.27|3.97|3.89|3.98|3.99|3.73|3.79|3.19|4.00|3.98
CZACHOR JAMES|01:960:285:02|4.27|3.97|3.89|3.98|3.99|3.73|3.79|3.19|4.00|3.98
LIN JUAN|01:960:285:03|4.27|3.97|3.89|3.98|3.99|3.73|3.79|3.19|4.00|3.98
CZACHOR JAMES|01:960:285:04|4.27|3.97|3.89|3.98|3.99|3.73|3.79|3.19|4.00|3.98
DONG HK|01:960:285:08|4.27|3.97|3.89|3.98|3.99|3.73|3.79|3.19|4.00|3.98
TYLER DAVID|01:960:379:01|3.96|3.63|3.21|3.75|3.94|3.25|3.20|3.02|3.62|3.27|4.00|4.00|4.00|4.50|4.00|4.00|4.00|4.00|4.50
COHEN ARTHUR|01:960:382:01|4.80|4.73|4.73|4.80|4.73|4.73|4.67|4.53|4.79|4.71
COHEN ARTHUR|01:960:384:01|4.56|4.69|4.69|4.88|4.88|4.31|4.75|4.40|4.50|4.67
SACKROWITZ HAROLD|01:960:401:01|4.17|4.15|3.77|4.31|4.21|3.74|3.78|3.21|3.97|3.81|3.33|4.40|4.00|4.20|4.00|4.75|5.00|3.67
HALEMANE THIRUMALA|01:960:401:02|4.17|4.15|3.77|4.31|4.21|3.74|3.78|3.21|3.97|3.81|3.33|4.40|4.00|4.20|4.00|4.75
SRINIVASAN SURYAKALA|01:960:401:03|4.17|4.15|3.77|4.31|4.21|3.74|3.78|3.21|3.97|3.81
MINIERE MICHAEL|01:960:401:04|4.17|4.15|3.77|4.31|4.21|3.74|3.78|3.21|3.97|3.81|3.33|4.40|4.00|4.20|4.00|4.75|5.00|5.00|3.67
BERK ROBERT|01:960:476:01|4.33|4.07|3.27|4.07|3.57|3.33|3.40|3.27|3.64|3.57
AMSTER SIGMUND|01:960:483:01|1.93|2.11|2.19|2.12|2.19|1.56|1.85|2.93|1.70|1.93
COHEN ARTHUR|01:960:484:01|4.83|4.83|3.83|5.00|4.60|3.83|4.17|4.00|4.00|4.33
ROJAS PATRICK|01:960:490:01|4.20|4.20|3.62|4.29|4.10|3.76|3.95|3.65|4.00|3.90|3.00|3.00|3.00|3.00|3.00
