MOSHENBERG ORLY|01:563:101:01|4.32|4.27|4.41|4.41|4.43|4.14|4.36|4.33|4.09|4.18|5.00
BRYNNOIMAN EDNA|01:563:101:02|4.32|4.27|4.41|4.41|4.43|4.14|4.36|4.33|4.09|4.18
LEVY LILY|01:563:102:01|4.66|4.55|4.73|4.59|4.59|4.65|4.73|4.55|4.58|4.63
MOSHENBERG ORLY|01:563:102:02|4.66|4.55|4.73|4.59|4.59|4.65|4.73|4.55|4.58|4.63
BRYNNOINAN EDNA|01:563:102:03|4.66|4.55|4.73|4.59|4.59|4.65|4.73|4.55|4.58|4.63
GLUCK PEARL|01:563:104:01|4.25|4.75|5.00|5.00|4.67|4.75|4.75|4.50|4.50|4.25
LEVY LILY|01:563:132:01|5.00|4.90|4.90|4.90|4.60|4.80|4.90|5.00|4.90|4.90
YADIN AZZAN|01:563:201:01|4.49|3.94|4.06|3.99|3.67|3.58|3.96|3.79|3.80|3.71|1.00|5.00
SUSSMAN LANCE|01:563:202:01|4.56|4.65|4.41|4.57|4.46|4.21|4.44|3.96|4.43|4.48
REDL NINA|01:563:312:01|4.60|4.60|4.37|4.85|4.67|4.30|4.50|4.26|4.47|4.55|4.00|4.00|4.00|4.00|4.00|4.00|4.00|4.00|4.00
SHANDLER JEFFREY|01:563:346:01|4.63|4.68|4.44|4.61|4.16|4.33|4.21|3.58|4.44|4.35|5.00
ARONOFF MYRON|01:563:352:01|4.67|4.78|4.56|4.44|4.11|4.11|4.67|3.88|4.33|4.33
MOSHENBERG ORLY|01:563:359:01|4.31|4.38|4.23|4.54|4.18|4.23|4.08|4.38|4.54|4.31
SINKOFF NANCY|01:563:385:01|4.58|4.42|4.27|4.42|4.18|3.73|4.45|4.00|4.30|4.30
SHANDLER JEFFREY|01:563:386:01|4.89|4.89|4.78|4.67|4.56|4.56|4.56|4.44|4.67|4.56
YADIN AZZAN|01:563:395:01|5.00|5.00|4.91|5.00|4.80|4.90|4.91|4.55|4.89|4.88
DAVIS ERIC|01:563:396:01|4.54|4.15|4.35|4.33|3.46|4.15|4.19|4.15|4.21|4.16
YABLONKA HANNA|01:563:396:02|4.54|4.15|4.35|4.33|3.46|4.15|4.19|4.15|4.21|4.16
RENDSBURG GARY|01:563:433:01|4.83|5.00|5.00|5.00|5.00|4.50|4.67|3.83|4.83|4.67
ZERUBAVEL YAEL|01:563:464:01|4.17|4.30|3.55|3.91|3.90|3.64|3.64|3.09|3.83|3.50
