ZBAIDA              SHMUEL|01:160:127:01|3.73|3.27|3.34|3.76|3.52|2.86|2.89|3.14|3.04|3.17
RABEONY             MANESE|01:160:133:04|4.79|4.79|4.88|4.88|4.84|4.78|4.77|3.64|4.84|4.63|5.00
RABEONY             MANESE|01:160:134:01|4.45|4.16|4.47|4.18|4.46|4.18|4.46|3.58|4.27|4.23|4.00|4.00|4.00|4.00|4.00
ZBAIDA              SHMUEL|01:160:159:00|4.32|4.04|3.57|4.12|3.97|3.55|3.45|3.00|3.76|3.35|3.89|3.67|3.67|3.67|3.67|3.67|3.67|3.67|3.67
MARVASTI            SETAREH|01:160:159:00|4.32|4.04|3.57|4.12|3.97|3.55|3.45|3.00|3.76|3.35|3.89|3.67|3.67|3.67|3.67|3.67|3.67|3.67|3.67
PETRONE             LOUIS|01:160:159:01|4.32|4.04|3.57|4.12|3.97|3.55|3.45|3.00|3.76|3.35
ROYCHOWDHURY        LIPIKA|01:160:159:02|4.32|4.04|3.57|4.12|3.97|3.55|3.45|3.00|3.76|3.35
ROYCHOWDHURY        LIPIKA|01:160:159:03|4.32|4.04|3.57|4.12|3.97|3.55|3.45|3.00|3.76|3.35
PETRONE             LOUIS|01:160:159:04|4.32|4.04|3.57|4.12|3.97|3.55|3.45|3.00|3.76|3.35|3.89
ROYCHOWDHURY        LIPIKA|01:160:159:05|4.32|4.04|3.57|4.12|3.97|3.55|3.45|3.00|3.76|3.35
ROYCHOWDHURY        LIPIKA|01:160:159:06|4.32|4.04|3.57|4.12|3.97|3.55|3.45|3.00|3.76|3.35
POLTAVETS           VIKTOR|01:160:159:07|4.32|4.04|3.57|4.12|3.97|3.55|3.45|3.00|3.76|3.35
ROYCHOWDHURY        LIPIKA|01:160:159:08|4.32|4.04|3.57|4.12|3.97|3.55|3.45|3.00|3.76|3.35|3.89
MARVASTI            SETAREH|01:160:159:09|4.32|4.04|3.57|4.12|3.97|3.55|3.45|3.00|3.76|3.35|3.89
MARVASTI            SETAREH|01:160:159:10|4.32|4.04|3.57|4.12|3.97|3.55|3.45|3.00|3.76|3.35|3.89
POLTAVETS           VIKTOR|01:160:159:12|4.32|4.04|3.57|4.12|3.97|3.55|3.45|3.00|3.76|3.35
MARVASTI            SETAREH|01:160:159:13|4.32|4.04|3.57|4.12|3.97|3.55|3.45|3.00|3.76|3.35|3.89
POLTAVETS           VIKTOR|01:160:159:14|4.32|4.04|3.57|4.12|3.97|3.55|3.45|3.00|3.76|3.35|3.89
PETRONE             LOUIS|01:160:159:16|4.32|4.04|3.57|4.12|3.97|3.55|3.45|3.00|3.76|3.35
KIMMEL              PAUL|01:160:161:00|4.46|4.21|4.06|4.29|4.31|3.94|4.03|3.62|4.15|3.87|4.58
VASSILIAN           ASBED|01:160:161:00|4.46|4.21|4.06|4.29|4.31|3.94|4.03|3.62|4.15|3.87
GOVINDARAJOO        GEETA|01:160:161:00|4.46|4.21|4.06|4.29|4.31|3.94|4.03|3.62|4.15|3.87|4.58|4.14
RABEONY             MANESE|01:160:161:00|4.46|4.21|4.06|4.29|4.31|3.94|4.03|3.62|4.15|3.87
SEIGEL              DONALD|01:160:161:00|4.46|4.21|4.06|4.29|4.31|3.94|4.03|3.62|4.15|3.87|4.58
GOVINDARAJOO        GEETA|01:160:161:03|4.46|4.21|4.06|4.29|4.31|3.94|4.03|3.62|4.15|3.87
SIEGEL              DONALD|01:160:161:04|4.46|4.21|4.06|4.29|4.31|3.94|4.03|3.62|4.15|3.87
AGARWAL             RAMESHWAR|01:160:161:05|4.46|4.21|4.06|4.29|4.31|3.94|4.03|3.62|4.15|3.87
PETRONE             LOUIS|01:160:161:09|4.46|4.21|4.06|4.29|4.31|3.94|4.03|3.62|4.15|3.87
SANGARI             HARPAL|01:160:161:12|4.46|4.21|4.06|4.29|4.31|3.94|4.03|3.62|4.15|3.87
SANGARI             HARPAL|01:160:161:13|4.46|4.21|4.06|4.29|4.31|3.94|4.03|3.62|4.15|3.87|4.67|4.67|4.14
HAUBENSTOCK         HOWARD|01:160:161:14|4.46|4.21|4.06|4.29|4.31|3.94|4.03|3.62|4.15|3.87
PETRONE             LOUIS|01:160:161:15|4.46|4.21|4.06|4.29|4.31|3.94|4.03|3.62|4.15|3.87
MARVASTI            SETAREH|01:160:161:16|4.46|4.21|4.06|4.29|4.31|3.94|4.03|3.62|4.15|3.87|4.58
AGARWAL             RAMESHWAR|01:160:161:17|4.46|4.21|4.06|4.29|4.31|3.94|4.03|3.62|4.15|3.87|4.58
MARVASTI            SETAREH|01:160:161:18|4.46|4.21|4.06|4.29|4.31|3.94|4.03|3.62|4.15|3.87|4.58
SANGARI             HARPAL|01:160:161:19|4.46|4.21|4.06|4.29|4.31|3.94|4.03|3.62|4.15|3.87
GOVINDARAJOO        GEETA|01:160:161:21|4.46|4.21|4.06|4.29|4.31|3.94|4.03|3.62|4.15|3.87
SANGARI             HARPAL|01:160:161:22|4.46|4.21|4.06|4.29|4.31|3.94|4.03|3.62|4.15|3.87|4.58
TAVSS               EDWARD|01:160:161:23|4.46|4.21|4.06|4.29|4.31|3.94|4.03|3.62|4.15|3.87|4.58|4.67|4.60|4.67|4.67|4.60|4.14|4.60
GOVINDARAJOO        GEETA|01:160:161:24|4.46|4.21|4.06|4.29|4.31|3.94|4.03|3.62|4.15|3.87|4.58|4.67|4.60|4.67|4.67|4.60|4.14|4.60|4.33
TAVSS               EDWARD|01:160:161:25|4.46|4.21|4.06|4.29|4.31|3.94|4.03|3.62|4.15|3.87
MARVASTI            SETAREH|01:160:161:26|4.46|4.21|4.06|4.29|4.31|3.94|4.03|3.62|4.15|3.87|4.58
PETRONE             LOUIS|01:160:161:27|4.46|4.21|4.06|4.29|4.31|3.94|4.03|3.62|4.15|3.87
MARVASTI            SETAREH|01:160:161:28|4.46|4.21|4.06|4.29|4.31|3.94|4.03|3.62|4.15|3.87|4.58
TAVSS               EDWARD|01:160:161:29|4.46|4.21|4.06|4.29|4.31|3.94|4.03|3.62|4.15|3.87
LANGOWSKI           BRYAN|01:160:161:30|4.46|4.21|4.06|4.29|4.31|3.94|4.03|3.62|4.15|3.87
PORCJA              ROBERT|01:160:161:31|4.46|4.21|4.06|4.29|4.31|3.94|4.03|3.62|4.15|3.87
PORCJA              ROBERT|01:160:161:33|4.46|4.21|4.06|4.29|4.31|3.94|4.03|3.62|4.15|3.87
AGARWAL             RAMESHWAR|01:160:161:34|4.46|4.21|4.06|4.29|4.31|3.94|4.03|3.62|4.15|3.87
LANGOWSKI           BRYAN|01:160:161:35|4.46|4.21|4.06|4.29|4.31|3.94|4.03|3.62|4.15|3.87
PORCJA              ROBERT|01:160:161:36|4.46|4.21|4.06|4.29|4.31|3.94|4.03|3.62|4.15|3.87|4.58|4.67|4.60|4.67|4.67|4.60|4.14|4.60|4.33
MARKY               NANCY|01:160:161:71|4.46|4.21|4.06|4.29|4.31|3.94|4.03|3.62|4.15|3.87
MARKY               NANCY|01:160:161:72|4.46|4.21|4.06|4.29|4.31|3.94|4.03|3.62|4.15|3.87|4.58|4.67
ZHANG               HONGMEI|01:160:161:73|4.46|4.21|4.06|4.29|4.31|3.94|4.03|3.62|4.15|3.87|4.58
ZHANG               HONGMEI|01:160:161:74|4.46|4.21|4.06|4.29|4.31|3.94|4.03|3.62|4.15|3.87
ZHANG               HONGMEI|01:160:161:75|4.46|4.21|4.06|4.29|4.31|3.94|4.03|3.62|4.15|3.87
MARKY               NANCY|01:160:162:00|3.79|3.67|3.45|3.82|3.95|3.29|3.32|3.13|3.43|3.07
PORCJA              ROBERT|01:160:162:01|3.79|3.67|3.45|3.82|3.95|3.29|3.32|3.13|3.43|3.07
WAIDLICH            JUDY|01:160:162:02|3.79|3.67|3.45|3.82|3.95|3.29|3.32|3.13|3.43|3.07
MARKY               NANCY|01:160:162:04|3.79|3.67|3.45|3.82|3.95|3.29|3.32|3.13|3.43|3.07
WAIDLICH            JUDITH|01:160:162:06|3.79|3.67|3.45|3.82|3.95|3.29|3.32|3.13|3.43|3.07|5.00|5.00|5.00|5.00|5.00|5.00|5.00|5.00|5.00
WAIDLICH            JUDY|01:160:162:07|3.79|3.67|3.45|3.82|3.95|3.29|3.32|3.13|3.43|3.07
PORCJA              ROBERT|01:160:162:08|3.79|3.67|3.45|3.82|3.95|3.29|3.32|3.13|3.43|3.07
KRENOS              JOHN|01:160:163:01|4.52|4.40|4.24|4.61|4.69|4.21|4.31|4.05|4.25|4.32|5.00
KRENOS              JOHN|01:160:163:02|4.52|4.40|4.24|4.61|4.69|4.21|4.31|4.05|4.25|4.32|5.00|5.00|5.00|5.00|5.00|5.00|5.00|5.00|5.00
KNAPP               SPENCER|01:160:209:01|4.31|3.89|3.71|3.80|3.62|3.20|3.46|2.28|3.56|3.38
VASSILIAN           ASBED|01:160:251:00|4.20|4.25|4.08|4.11|3.87|3.94|3.97|4.10|4.00|3.74|5.00|5.00|5.00|5.00
BOIKESS             ROBERT|01:160:307:31|3.46|3.15|3.06|3.22|3.02|2.86|3.17|3.15|2.98|2.90|3.41|3.00|4.13|3.75|3.57|3.57|3.57|3.57|2.80
ROTH                HEINZ|01:160:307:31|3.46|3.15|3.06|3.22|3.02|2.86|3.17|3.15|2.98|2.90|3.41|3.00|3.75|3.57|3.57|3.57|3.57
ROTH                HEINZ|01:160:307:41|3.46|3.15|3.06|3.22|3.02|2.86|3.17|3.15|2.98|2.90|3.41|3.00
BOIKES              ROBERT|01:160:307:41|3.46|3.15|3.06|3.22|3.02|2.86|3.17|3.15|2.98|2.90|3.41|3.00|4.13|3.75|3.57|3.57|3.57|3.57|2.80
OCONNOR             PATRICK|01:160:307:51|3.46|3.15|3.06|3.22|3.02|2.86|3.17|3.15|2.98|2.90|3.41|3.00|4.13|3.75|3.57|3.57|3.57|3.57|2.80
TAYLOR              JOHN|01:160:310:00|4.78|4.78|4.56|4.75|4.56|4.56|4.50|4.28|4.65|4.48|4.50
POWELL              LENNY|01:160:310:02|4.78|4.78|4.56|4.75|4.56|4.56|4.50|4.28|4.65|4.48
GOVINDARAJOO        GEETA|01:160:311:01|4.60|4.26|3.97|4.31|4.03|3.95|3.90|3.22|4.28|3.91|3.36|3.73|3.75
GOVINDARAJOO        GEETA|01:160:311:02|4.60|4.26|3.97|4.31|4.03|3.95|3.90|3.22|4.28|3.91|3.36|3.73|3.75
GOVINDARAJOO        GEETA|01:160:311:03|4.60|4.26|3.97|4.31|4.03|3.95|3.90|3.22|4.28|3.91|3.36|3.73|3.75
GOVINDARAJOO        GEETA|01:160:311:05|4.60|4.26|3.97|4.31|4.03|3.95|3.90|3.22|4.28|3.91|3.36|3.73|3.75|2.80
GOVINDARAJOO        GEETA|01:160:311:06|4.60|4.26|3.97|4.31|4.03|3.95|3.90|3.22|4.28|3.91|3.36|3.73|3.75
GOVINDARAJOO        GEETA|01:160:311:07|4.60|4.26|3.97|4.31|4.03|3.95|3.90|3.22|4.28|3.91|3.36|3.73|3.75|2.80|4.00|4.00|3.67|3.40
GOVINDARAJOO        GEETA|01:160:311:09|4.60|4.26|3.97|4.31|4.03|3.95|3.90|3.22|4.28|3.91|3.36|3.73|3.75|3.40
GOVINDARAJOO        GEETA|01:160:311:10|4.60|4.26|3.97|4.31|4.03|3.95|3.90|3.22|4.28|3.91|3.36|3.73|3.75
GOVINDARAJOO        GEETA|01:160:311:12|4.60|4.26|3.97|4.31|4.03|3.95|3.90|3.22|4.28|3.91|3.36|3.73|3.75|2.80|4.00|4.00|3.67
GOVINDARAJOO        GEETA|01:160:311:13|4.60|4.26|3.97|4.31|4.03|3.95|3.90|3.22|4.28|3.91|3.36|3.73|3.75
MAGNO               HANSHELLA|01:160:311:13|4.60|4.26|3.97|4.31|4.03|3.95|3.90|3.22|4.28|3.91|3.36|3.73|3.75
GOVINDARAJOO        GEETA|01:160:311:15|4.60|4.26|3.97|4.31|4.03|3.95|3.90|3.22|4.28|3.91|3.36|3.73|3.75|2.80|3.50
CASTNER             ED|01:160:327:01|4.24|3.74|3.68|4.01|3.80|3.48|3.60|3.31|3.66|3.42
HERZOG              GREG|01:160:327:02|4.24|3.74|3.68|4.01|3.80|3.48|3.60|3.31|3.66|3.42
MARKY               NANCY|01:160:341:01|4.20|4.09|3.50|4.29|3.49|3.29|3.54|3.49|3.66|3.23
HALL                GENE|01:160:348:00|3.93|3.72|3.52|3.74|3.34|3.17|3.26|3.56|3.56|2.86
BRENNAN             JOHN|01:160:371:01|4.56|4.31|4.13|4.50|4.38|3.81|4.38|3.94|4.38|4.13
LEE                 JK|01:160:411:01|5.00|5.00|5.00|5.00|5.00|4.86|4.86|4.83|5.00|4.83
ARNOLD              EDDY|01:160:491:01|4.69|4.79|4.56|4.76|4.92|4.59|4.56|3.97|4.88|4.73
LEE                 JK|01:160:491:02|4.69|4.79|4.56|4.76|4.92|4.59|4.56|3.97|4.88|4.73
EBRIGHT             RICHARD|01:160:491:03|4.69|4.79|4.56|4.76|4.92|4.59|4.56|3.97|4.88|4.73
