SPRACHMAN           PAUL|01:685:104:01|4.82|4.82|4.94|4.88|5.00|4.65|4.76|4.81|4.81|4.73|5.00
TUNAGUR             FERHAN|01:685:106:01|5.00|5.00|5.00|5.00|4.91|5.00|5.00|4.64|5.00|5.00
ALSIADI             MOHAMED|01:685:128:01|4.82|4.79|4.86|4.79|4.64|4.59|4.55|4.71|4.93|4.68
ENNAJI              MOHA|01:685:128:03|4.82|4.79|4.86|4.79|4.64|4.59|4.55|4.71|4.93|4.68
CARGILL             JACK|01:685:200:01|4.50|4.63|4.25|4.38|4.13|4.00|4.13|3.75|4.50|4.13
SPRACHMAN           PAUL|01:685:204:01|4.50|5.00|5.00|5.00|5.00|5.00|5.00|5.00|5.00|5.00
BELLOMO             ELENA|01:685:213:01|4.75|5.00|5.00|4.75|5.00|5.00|5.00|4.75|5.00|5.00
ALSIADI             MOHAMED|01:685:228:02|4.50|4.63|4.88|4.63|4.63|4.63|4.50|5.00|4.50|4.38
PAVLIN              JAMES|01:685:233:01|4.63|4.38|4.25|4.63|4.38|4.13|4.25|4.75|4.25|4.25
MOREWEDGE           PARVI Z|01:685:302:01|3.63|3.79|3.96|4.14|4.25|3.61|3.45|4.18|3.50|3.52
YADGAR              YAACOV|01:685:310:01|5.00|5.00|4.88|5.00|5.00|4.88|4.75|4.57|4.75|4.88
SARDAR              MARIKA|01:685:320:01|4.50|4.50|4.50|4.75|4.00|3.50|4.25|4.25|4.00|3.75
MOJADDEDI JAWID|01:685:325:01|5.00|4.75|4.75|4.75|5.00|4.75|5.00|4.75|4.75|5.00
ZAMANI              AMIR|01:685:326:01|4.24|3.94|3.63|3.65|3.44|3.50|3.94|4.47|3.80|3.73
MOJADDEDI JAWID|01:685:326:02|4.24|3.94|3.63|3.65|3.44|3.50|3.94|4.47|3.80|3.73
ENNAJI              MOHA|01:685:328:01|4.50|4.33|4.17|4.80|4.50|3.83|4.17|4.33|4.33|4.33
DJABINI             AMIR|01:685:330:01|4.92|4.91|4.95|4.91|4.82|4.95|4.91|3.91|4.92|4.87|5.00
DJABINI             AMIR|01:685:331:01|4.91|4.91|4.91|4.87|5.00|4.91|4.82|4.86|4.91|4.86|5.00
DJABINI             AMIR|01:685:332:01|4.96|4.96|4.88|4.92|4.96|4.92|4.87|4.18|4.87|4.91|5.00|5.00|5.00|5.00|5.00|5.00|5.00
YADGAR              YAACOV|01:685:352:01|5.00|5.00|4.67|5.00|5.00|4.67|5.00|4.67|4.67|4.67
ENNAJI              MOHA|01:685:438:01|4.83|5.00|4.83|5.00|4.83|4.67|4.83|4.17|4.83|4.67
RAZANI              AFSHIN|01:685:441:01|5.00|5.00|5.00|5.00|5.00|4.80|4.80|5.00|5.00|4.80
MAWLA               HANY|01:685:457:01|4.75|4.83|4.67|4.75|4.38|4.58|4.58|4.30|4.78|4.87
SPRACHMAN           PAUL|01:685:490:01|4.70|4.60|4.90|4.50|4.50|4.40|5.00|4.50|4.60|5.00|5.00
MOREWEDGE           PARVIZ|01:685:496:01|4.60|4.72|4.48|4.54|4.56|4.38|4.60|4.46|4.50|4.48|4.67
ABDELJABER          ABDELHAMID|01:685:496:04|4.60|4.72|4.48|4.54|4.56|4.38|4.60|4.46|4.50|4.48
SPRACHMAN           PAUL|01:685:499:01|4.87|4.93|4.80|4.86|4.69|4.52|4.68|4.82|4.81|4.67
