ZHU                 LIHUI|01:165:101:01|4.82|4.75|4.62|4.83|4.83|4.55|4.72|4.42|4.74|4.63
ZHU                 LIHUI|01:165:101:02|4.82|4.75|4.62|4.83|4.83|4.55|4.72|4.42|4.74|4.63
NING                JING|01:165:101:03|4.82|4.75|4.62|4.83|4.83|4.55|4.72|4.42|4.74|4.63
YIN                 JUAN|01:165:101:04|4.82|4.75|4.62|4.83|4.83|4.55|4.72|4.42|4.74|4.63
SIMMONS             RICHARD|01:165:101:70|4.82|4.75|4.62|4.83|4.83|4.55|4.72|4.42|4.74|4.63|1.00|1.00
HSIEH               YVETTE|01:165:111:01|4.86|4.85|4.88|4.94|4.80|4.82|4.88|4.50|4.72|4.76
HSIEH               YVETTE|01:165:111:02|4.86|4.85|4.88|4.94|4.80|4.82|4.88|4.50|4.72|4.76
JENH                YENGFANG|01:165:121:01|3.13|3.30|3.43|3.57|3.50|3.13|3.70|4.30|3.00|3.05
SHEN                GLORIA|01:165:125:01|3.69|3.92|3.42|4.14|4.29|3.56|3.75|3.61|3.58|3.72
LAI                 YIJU|01:165:201:01|4.73|4.53|4.59|4.86|4.79|4.48|4.61|4.59|4.53|4.55
WU                  YURU|01:165:201:02|4.73|4.53|4.59|4.86|4.79|4.48|4.61|4.59|4.53|4.55
SIMMONS             RICHARD|01:165:210:01|4.59|4.48|4.43|4.50|4.27|4.19|4.55|3.75|4.42|4.26
SHEN                GLORIA|01:165:241:01|3.50|3.63|3.57|3.57|3.25|3.13|2.86|3.14|3.00|3.38
WU                  YURU|01:165:301:01|4.92|4.89|4.57|4.85|4.91|4.54|4.72|4.63|4.83|4.75
NING                JING|01:165:301:02|4.92|4.89|4.57|4.85|4.91|4.54|4.72|4.63|4.83|4.75
JIANG               HUI|01:165:310:01|4.72|4.60|4.56|4.84|4.61|4.50|4.58|4.13|4.58|4.56
WU                  YURU|01:165:321:01|4.91|4.74|4.71|4.68|4.82|4.47|4.68|4.12|4.77|4.65
QI                  YUNFANG|01:165:361:01|4.31|4.31|4.11|4.48|4.38|3.72|4.10|4.00|3.89|3.89|5.00|5.00|5.00|5.00
TU                  CHING|01:165:412:01|4.59|4.44|4.56|4.59|4.41|4.19|4.37|4.33|4.56|4.56
SHEN                GLORIA|01:165:451:01|4.38|4.23|3.69|4.23|4.17|3.62|4.15|3.77|3.85|4.00
