SAKAGAMI|01:565:102:01|4.73|4.66|4.75|4.76|4.71|4.61|4.71|4.73|4.73|4.70
HAWAIKA             YASUKO|01:565:102:02|4.73|4.66|4.75|4.76|4.71|4.61|4.71|4.73|4.73|4.70
PESTKA              KAZUMI|01:565:102:03|4.73|4.66|4.75|4.76|4.71|4.61|4.71|4.73|4.73|4.70
SAKAGAMI            SHIZUKA|01:565:102:04|4.73|4.66|4.75|4.76|4.71|4.61|4.71|4.73|4.73|4.70
HAWAIKA             YASUKO|01:565:202:01|4.27|4.39|4.61|4.45|4.16|4.14|4.49|4.78|4.23|4.38
SAKAGAMI            SHIZAKA|01:565:202:02|4.27|4.39|4.61|4.45|4.16|4.14|4.49|4.78|4.23|4.38|5.00|5.00|5.00|5.00|5.00|5.00|5.00|5.00|5.00
SAITO               SATORU|01:565:242:01|4.81|4.65|4.57|4.81|4.45|4.52|4.45|4.19|4.86|4.67
BAXER               HARUMI|01:565:302:01|3.88|4.02|4.18|4.33|4.30|3.80|4.00|4.45|3.92|3.98
KOJIMA              TSUNEKO|01:565:302:02|3.88|4.02|4.18|4.33|4.30|3.80|4.00|4.45|3.92|3.98
SCHALOW PAUL|01:565:320:01|4.92|4.85|4.85|5.00|4.62|4.62|4.92|4.85|4.83|4.91
SAITO               SATORU|01:565:362:01|4.85|4.79|4.76|4.91|4.71|4.62|4.68|4.75|4.71|4.71|5.00
MAYNARD             SENKO|01:565:470:01|4.89|4.78|4.88|4.75|4.75|4.88|4.75|4.75|4.75|4.63
SCHALOW PAUL|01:565:475:01|4.80|4.60|4.20|4.87|4.80|4.40|4.67|3.93|4.57|4.43
