DEIS                FRANK|01:694:301:01|4.20|3.89|4.04|4.02|3.85|3.67|4.01|3.44|3.87|3.80|4.29|3.87|3.36|4.14|5.00|5.00|5.00|5.00|5.00
GOPALAKRISHNAN      AVANTHIKA|01:694:313:01|4.75|4.73|4.43|4.73|4.59|4.42|3.91|3.64|4.68|4.18|4.00
GOPALAKRISHNAN      AVANTHIKA|01:694:313:02|4.75|4.73|4.43|4.73|4.59|4.42|3.91|3.64|4.68|4.18
EDERY               ISAAC|01:694:315:00|4.52|4.36|4.06|4.24|4.22|4.15|4.33|4.15|4.27|4.39
GRANT               BARTH|01:694:315:02|4.52|4.36|4.06|4.24|4.22|4.15|4.33|4.15|4.27|4.39|3.00
EDERY               ISSAC|01:694:315:03|4.52|4.36|4.06|4.24|4.22|4.15|4.33|4.15|4.27|4.39
DIMOVA              DESSISLAVA|01:694:315:04|4.52|4.36|4.06|4.24|4.22|4.15|4.33|4.15|4.27|4.39
GUNDERSON           SAM|01:694:408:01|4.49|4.43|4.20|4.41|4.21|4.17|4.20|4.12|4.27|4.19
GABRIEL             ABRAM|01:694:408:01|4.49|4.43|4.20|4.41|4.21|4.17|4.20|4.12|4.27|4.19|5.00
BRILL               STEVE|01:694:408:01|4.49|4.43|4.20|4.41|4.21|4.17|4.20|4.12|4.27|4.19
VERSHON             A|01:694:408:01|4.49|4.43|4.20|4.41|4.21|4.17|4.20|4.12|4.27|4.19|5.00|5.00
ANDERSON            STEPHEN|01:694:412:02|4.72|4.67|4.44|4.83|4.78|4.17|4.56|4.06|4.50|4.56
NEIDERMAN           ROBERT|01:694:484:01|4.67|4.71|4.55|4.80|4.57|4.29|4.48|4.00|4.70|4.50
DRISCOLL            MONICA|01:694:484:01|4.67|4.71|4.55|4.80|4.57|4.29|4.48|4.00|4.70|4.50
IRVINE              KENNETH|01:694:492:01|4.17|4.22|3.83|4.22|4.04|3.78|3.89|4.00|3.86|4.06
