MAZRUI              ALAMIN|01:013:106:01|4.91|5.00|4.95|5.00|4.91|4.95|4.86|4.17|4.91|4.90
ELIBOUZIDY          RACHID|01:013:127:01|4.24|4.16|4.32|4.41|4.29|4.09|4.39|4.53|4.12|4.26|5.00|5.00|5.00|5.00
SOUEID              JOHN|01:013:127:02|4.24|4.16|4.32|4.41|4.29|4.09|4.39|4.53|4.12|4.26|5.00
ALSIADI             MOHAMED|01:013:128:01|4.32|4.52|4.36|4.61|4.56|4.25|4.41|4.65|4.61|4.59
SOUEID              JOHN|01:013:128:02|4.32|4.52|4.36|4.61|4.56|4.25|4.41|4.65|4.61|4.59|3.00|4.00|4.00|3.00|4.00|5.00
MIQDADALLI          NURUDEEN|01:013:134:01|3.42|3.17|3.83|3.50|4.08|3.42|3.83|4.42|3.17|3.42
ENNAJI              MOHA|01:013:228:01|4.79|4.80|4.67|4.93|4.87|4.73|4.67|4.80|4.93|4.60
ALSIADI             M|01:013:228:02|4.79|4.80|4.67|4.93|4.87|4.73|4.67|4.80|4.93|4.60
MIQDADALLI          NURUDEEN|01:013:238:01|3.33|3.50|3.83|3.17|4.40|3.50|3.67|4.33|3.50|3.83
ALIDOU              OUSSEINA|01:013:311:01|4.10|4.32|4.48|4.48|4.57|4.19|4.32|3.86|4.14|4.11
