BUDD                DENISE|01:082:106:00|4.69|4.54|4.49|4.60|4.54|4.40|4.60|4.09|4.48|4.47|4.86|4.89|4.88|4.86|5.00|5.00|5.00|5.00|5.00
PUGLISI             CATHERINE|01:082:106:00|4.70|4.54|4.49|4.60|4.53|4.40|4.60|4.09|4.47|4.46|4.86|4.89|4.88|4.86
BUDD DENISE|01:082:106:00|4.70|4.54|4.49|4.60|4.53|4.40|4.60|4.09|4.47|4.46|4.86|4.89|4.88|4.86|5.00|5.00|5.00|5.00|5.00
BUDD DENISE|01:082:106:00|4.70|4.54|4.49|4.60|4.53|4.40|4.60|4.09|4.47|4.46|4.86|4.89|4.88|4.86|5.00|5.00|5.00|5.00
PUGLISI|01:082:106:00|4.70|4.54|4.49|4.60|4.53|4.40|4.60|4.09|4.47|4.46
PUGLISI|01:082:106:00|4.69|4.54|4.49|4.60|4.54|4.40|4.60|4.09|4.48|4.47
BUDD                DENIRE|01:082:106:00|4.69|4.54|4.49|4.60|4.54|4.40|4.60|4.09|4.48|4.47|4.86|4.89|4.88|4.86|5.00|5.00|5.00|5.00
PUGLISI             CATHERINE|01:082:106:00|4.69|4.54|4.49|4.60|4.54|4.40|4.60|4.09|4.48|4.47|4.86|4.89|4.88|4.86
GUSTAFSON           DONNA|01:082:106:25|4.69|4.54|4.49|4.60|4.54|4.40|4.60|4.09|4.48|4.47|4.86
GUSTAFSON           DONNA|01:082:106:25|4.70|4.54|4.49|4.60|4.53|4.40|4.60|4.09|4.47|4.46|4.86
BUDD DENISE|01:082:106:31|4.70|4.54|4.49|4.60|4.53|4.40|4.60|4.09|4.47|4.46
BUDD                DENISE|01:082:106:31|4.69|4.54|4.49|4.60|4.54|4.40|4.60|4.09|4.48|4.47
PUGLISI             CATHERINE|01:082:112:01|4.83|4.83|4.75|4.92|4.75|4.92|4.75|4.83|4.67|4.83|5.00
PUGLISI             CATHERINE|01:082:112:01|4.83|4.83|4.75|4.92|4.75|4.92|4.75|4.83|4.67|4.83|5.00
BRETTSMITH          SARAH|01:082:250:01|4.25|4.33|4.30|4.37|3.61|3.85|4.04|3.11|3.82|3.86
BRETTSMITH          SARAH|01:082:250:01|4.25|4.33|4.30|4.37|3.61|3.85|4.04|3.11|3.82|3.86
WANG                MICHELLE|01:082:252:01|4.38|3.76|3.34|4.03|3.60|3.26|3.79|3.59|3.55|3.47|3.81|4.20
WANG                MICHELLE|01:082:252:01|4.38|3.76|3.34|4.03|3.60|3.26|3.79|3.59|3.55|3.47|3.81|4.20
TELLINI             UTE|01:082:305:01|4.68|4.40|4.55|4.45|4.18|4.17|4.29|4.30|4.26|4.30
TELLINI             UTE|01:082:305:01|4.68|4.40|4.55|4.45|4.18|4.17|4.29|4.30|4.26|4.30
MCHAM               SARAH|01:082:308:01|4.93|4.69|4.62|4.86|4.42|4.52|4.55|4.31|4.62|4.63|5.00
MCHAM               SARAH|01:082:308:01|4.93|4.69|4.62|4.86|4.42|4.52|4.55|4.31|4.62|4.63|5.00
MCHAM               SARAH|01:082:308:01|4.93|4.69|4.62|4.86|4.42|4.52|4.55|4.31|4.62|4.63|5.00
HALLAM              JENNIFER|01:082:313:01|4.53|4.15|4.37|4.15|3.70|3.95|4.32|4.40|4.00|3.90
HALLAM              JENNIFER|01:082:313:01|4.53|4.15|4.37|4.15|3.70|3.95|4.32|4.40|4.00|3.90
SARDAR              MARIKA|01:082:320:01|4.40|4.12|3.63|4.25|4.38|3.71|3.96|3.42|3.83|3.67
SARDAR              MARIKA|01:082:320:01|4.40|4.12|3.63|4.25|4.38|3.71|3.96|3.42|3.83|3.67
HOWARD              ANGELA|01:082:326:01|4.13|3.44|3.56|3.94|3.44|3.50|4.31|3.25|3.50|3.75
HOWARD              ANGELA|01:082:326:01|4.13|3.44|3.56|3.94|3.44|3.50|4.31|3.25|3.50|3.75
BRETTSMITH          SARAH|01:082:333:01|3.75|4.26|3.63|4.26|3.81|3.55|3.89|3.16|3.85|3.84
BRETTSMITH          SARAH|01:082:333:01|3.75|4.26|3.63|4.26|3.81|3.55|3.89|3.16|3.85|3.84
KENFIELD            JOHN|01:082:342:01|4.73|4.66|4.67|4.69|4.07|4.47|4.57|3.83|4.59|4.41
KENFIELD            JOHN|01:082:342:01|4.73|4.66|4.67|4.69|4.07|4.47|4.57|3.83|4.59|4.41
MARDER              TOD|01:082:363:01|4.48|4.79|4.77|4.77|4.62|4.54|4.87|4.59|4.54|4.55|5.00
MARDER              TOD|01:082:363:01|4.48|4.79|4.77|4.77|4.62|4.54|4.87|4.59|4.54|4.55|5.00
THUNO               ERIK|01:082:379:01|4.78|4.49|4.56|4.63|4.34|4.16|4.54|4.14|4.30|4.21|5.00
THUNO               ERIK|01:082:379:01|4.78|4.49|4.56|4.63|4.34|4.16|4.54|4.14|4.30|4.21|5.00
BARBERIE            PETER|01:082:383:01|4.67|4.42|4.46|4.25|4.25|4.14|4.54|4.50|4.33|4.30
BARBERIE            PETER|01:082:383:01|4.67|4.42|4.46|4.25|4.25|4.14|4.54|4.50|4.33|4.30
KURCHANOVA          NATASHA|01:082:390:01|4.60|4.60|3.60|4.50|4.80|3.80|4.10|4.70|4.20|4.20
KURCHANOVA          NATASHA|01:082:390:01|4.60|4.60|3.60|4.50|4.80|3.80|4.10|4.70|4.20|4.20
BELLOW              JULIET|01:082:396:01|4.62|4.26|4.44|4.35|4.35|4.09|4.15|4.32|4.29|4.06
BELLOW              JULIET|01:082:396:01|4.62|4.26|4.44|4.35|4.35|4.09|4.15|4.32|4.29|4.06
PUGLISI             CATHERINE|01:082:492:01|4.87|4.68|4.61|4.63|4.50|4.55|4.52|4.19|4.60|4.52
PUGLISI             CATHERINE|01:082:492:01|4.87|4.68|4.61|4.63|4.50|4.55|4.52|4.19|4.60|4.52
ZALAMEA             PATRICIA|01:082:492:02|4.87|4.68|4.61|4.63|4.50|4.55|4.52|4.19|4.60|4.52
ZALAMEA             PATRICIA|01:082:492:02|4.87|4.68|4.61|4.63|4.50|4.55|4.52|4.19|4.60|4.52
BELLOW              JULIET|01:082:492:03|4.87|4.68|4.61|4.63|4.50|4.55|4.52|4.19|4.60|4.52
BELLOW              JULIET|01:082:492:03|4.87|4.68|4.61|4.63|4.50|4.55|4.52|4.19|4.60|4.52
OHARE               MARYKATE|01:082:492:04|4.87|4.68|4.61|4.63|4.50|4.55|4.52|4.19|4.60|4.52
OHARE               MARYKATE|01:082:492:04|4.87|4.68|4.61|4.63|4.50|4.55|4.52|4.19|4.60|4.52
KENFIELD            JOHN|01:082:492:05|4.87|4.68|4.61|4.63|4.50|4.55|4.52|4.19|4.60|4.52
KENFIELD            JOHN|01:082:492:05|4.87|4.68|4.61|4.63|4.50|4.55|4.52|4.19|4.60|4.52
