ZHU                 LIHUI|01:165:102:01|4.83|4.75|4.71|4.83|4.76|4.63|4.79|4.61|4.76|4.71
ZHU                 LIHUI|01:165:102:02|4.83|4.75|4.71|4.83|4.76|4.63|4.79|4.61|4.76|4.71
NING                JING|01:165:102:03|4.83|4.75|4.71|4.83|4.76|4.63|4.79|4.61|4.76|4.71|5.00
SIMMONS             RICHARD|01:165:102:70|4.83|4.75|4.71|4.83|4.76|4.63|4.79|4.61|4.76|4.71
WU                  YURU|01:165:111:01|4.67|4.51|4.60|4.61|4.55|4.50|4.54|4.12|4.59|4.63
NING                JING|01:165:202:01|4.96|4.69|4.64|4.87|4.76|4.57|4.74|4.73|4.69|4.64
WU                  YURU|01:165:202:02|4.96|4.69|4.64|4.87|4.76|4.57|4.74|4.73|4.69|4.64
SHEN GLORIA|01:165:220:01|3.51|3.80|3.87|4.40|4.37|3.51|3.62|3.83|3.46|3.60
CHANG               PETER|01:165:222:01|4.73|4.87|4.80|5.00|4.60|4.40|4.40|4.53|4.60|4.80
CHIANG              MAGGIE|01:165:242:01|4.60|4.47|4.00|4.36|4.25|3.81|4.25|3.94|4.13|4.13
WU                  YURU|01:165:302:01|4.79|4.68|4.43|4.61|4.72|4.58|4.56|4.62|4.66|4.57
WU                  YURU|01:165:322:01|4.83|4.83|4.72|4.94|4.94|4.72|4.89|4.44|4.94|4.78
QI                  YUNFANG|01:165:362:01|4.41|4.24|4.24|4.52|4.36|4.00|4.10|4.27|4.18|4.23|5.00|5.00|5.00|5.00|5.00|5.00
TU                  CHINGI|01:165:419:01|4.18|4.09|4.00|4.09|3.82|3.64|4.09|4.00|4.00|3.80
SIMMONS             RICHARD|01:165:425:01|4.46|4.38|4.08|4.54|4.13|3.83|4.13|3.88|4.00|4.04|5.00
