DENIS               MILAGROS|01:595:100:01|4.54|4.54|4.43|4.60|4.62|4.22|4.53|4.30|4.46|4.39|4.33|3.00|3.00|3.00|3.00|3.00|3.00|3.00|3.00
RIVERACOLON         EDGAR|01:595:101:01|4.74|4.82|4.73|4.73|4.53|4.67|4.82|4.29|4.71|4.68
DENIS               MILAGROS|01:595:205:01|4.91|4.77|4.91|4.91|4.90|4.73|4.82|4.41|4.77|4.68|5.00
CASTROPONCE         CLARA|01:595:266:01|4.88|4.76|4.29|4.65|4.59|4.41|4.29|4.25|4.24|4.29
RIVERACOLON         EDGAR|01:595:299:01|4.62|4.92|5.00|4.92|4.92|4.85|5.00|4.33|5.00|4.83
RAMOSZAYAS          ANA|01:595:312:02|4.56|4.50|4.44|4.78|4.38|4.15|4.41|4.12|4.38|4.13
CANDELARIO          SHEILA|01:595:312:06|4.56|4.50|4.44|4.78|4.38|4.15|4.41|4.12|4.38|4.13
ROSADO              ANAMARIA|01:595:312:07|4.56|4.50|4.44|4.78|4.38|4.15|4.41|4.12|4.38|4.13
RIVERACOLON         EDGAR|01:595:327:01|4.88|5.00|5.00|5.00|4.71|4.87|4.88|4.50|4.86|4.80
DEFRANCESCOSOTO     VICTORIA|01:595:329:01|4.88|4.63|4.88|4.38|3.75|4.00|4.38|4.50|4.38|4.13
DENIS               MILAGROS|01:595:371:01|4.88|4.94|4.94|4.94|4.94|4.88|4.88|4.82|4.94|4.94
