LEATH               PAUL|01:750:106:01|4.15|3.65|3.57|3.91|3.37|3.22|3.24|3.25|3.57|3.37|4.76|3.84|3.42|3.27|4.53|3.47|3.00
LEATH               PAUL|01:750:106:71|4.15|3.65|3.57|3.91|3.37|3.22|3.24|3.25|3.57|3.37|4.76|3.84|3.42|3.27|4.53|3.47
WILLIAMS THEODORE|01:750:109:01|4.63|4.33|3.63|4.14|4.24|3.27|3.60|3.57|3.72|3.59|4.77|3.96|3.65|3.96|4.04|3.25|5.00
PIATEK              SLAWOMIR|01:750:110:01|4.51|4.35|4.18|4.14|4.34|3.82|4.10|3.80|4.12|4.02|3.81|4.07|3.95|4.24|4.33|3.55|5.00
PIATEK              SLAWOMIR|01:750:110:02|4.51|4.35|4.18|4.14|4.34|3.82|4.10|3.80|4.12|4.02|3.81|4.07|3.95|4.24|4.33|3.55|5.00
BRAHMIA             SUZANNE|01:750:116:00|4.82|4.61|4.82|4.69|4.64|4.73|4.71|4.55|4.79|4.69|4.96|3.93|4.09|3.85|4.83|3.89|5.00|5.00|5.00
KIRYUKIN            VALERY|01:750:124:00|4.73|4.35|4.51|4.37|4.27|4.22|4.17|3.86|4.46|4.31|4.38|3.78|4.04|4.03|4.61|3.90|4.67|5.00|3.67
KIRYUKHIN           VALERY|01:750:124:00|4.73|4.35|4.51|4.37|4.27|4.22|4.17|3.86|4.46|4.31|4.38|3.78|4.04|4.03|4.61|3.90|4.67
GILMAN              RONALD|01:750:124:01|4.33|4.27|3.97|4.44|4.25|3.94|4.05|3.88|4.13|4.09|4.45|3.76|4.00|5.00|5.00|5.00|5.00|5.00|5.00
MALESTIC            DUSAN|01:750:124:03|4.33|4.27|3.97|4.44|4.25|3.94|4.05|3.88|4.13|4.09|4.45|3.76|4.00
KOLLER              NOEMIE|01:750:124:04|4.33|4.27|3.97|4.44|4.25|3.94|4.05|3.88|4.13|4.09|4.45|3.76
LUDIDO              JOSEPH|01:750:124:05|4.33|4.27|3.97|4.44|4.25|3.94|4.05|3.88|4.13|4.09|4.45|3.76
CARRIULO            MATTHEW|01:750:124:08|4.33|4.27|3.97|4.44|4.25|3.94|4.05|3.88|4.13|4.09|4.45|3.76
KOLLER              NOEMIE|01:750:124:10|4.33|4.27|3.97|4.44|4.25|3.94|4.05|3.88|4.13|4.09|4.45|3.76
KOLLER              NOEMIE|01:750:124:11|4.33|4.27|3.97|4.44|4.25|3.94|4.05|3.88|4.13|4.09|4.45|3.76
LANGRETH            DAVID|01:750:124:12|4.33|4.27|3.97|4.44|4.25|3.94|4.05|3.88|4.13|4.09|4.45|3.76
LUCIDO              JOSEPH|01:750:124:13|4.33|4.27|3.97|4.44|4.25|3.94|4.05|3.88|4.13|4.09|4.45|3.76
SLUSKY              SUSAN|01:750:124:14|4.33|4.27|3.97|4.44|4.25|3.94|4.05|3.88|4.13|4.09|4.45|3.76
LANGRETH            DAVID|01:750:124:16|4.33|4.27|3.97|4.44|4.25|3.94|4.05|3.88|4.13|4.09|4.45|3.76
LUCIDO              JOSEPH|01:750:124:18|4.33|4.27|3.97|4.44|4.25|3.94|4.05|3.88|4.13|4.09|4.45|3.76
CARRIULO|01:750:124:19|4.33|4.27|3.97|4.44|4.25|3.94|4.05|3.88|4.13|4.09|4.45|3.76
RABE                KAREN|01:750:140:01|4.30|4.33|4.30|4.66|4.15|3.67|3.85|3.67|3.98|3.89|4.80|3.13|4.15|4.32|4.00|3.29
VANHEUVELEN         ALAN|01:750:194:00|4.15|3.91|3.80|4.32|4.24|3.56|3.78|3.14|3.82|3.66|4.55|3.71|4.14|4.04|3.81|3.32|2.50
GOODMAN             KATY|01:750:194:01|4.22|4.11|3.91|4.33|4.57|3.96|3.87|3.22|4.07|3.89|4.46|3.71
PAX                 CHARLES|01:750:194:03|4.22|4.11|3.91|4.33|4.57|3.96|3.87|3.22|4.07|3.89|4.46|3.71|3.50|5.00|5.00|5.00|5.00|5.00|5.00
PAX                 CHARLES|01:750:194:04|4.22|4.11|3.91|4.33|4.57|3.96|3.87|3.22|4.07|3.89|4.46|3.71|3.50
MORGAN              MORINA|01:750:194:05|4.22|4.11|3.91|4.33|4.57|3.96|3.87|3.22|4.07|3.89|4.46|3.71
GOODMAN             KATY|01:750:194:08|4.22|4.11|3.91|4.33|4.57|3.96|3.87|3.22|4.07|3.89|4.46|3.71|3.50|5.00|5.00|5.00|5.00
MOSCINSKI           ADRIENNE|01:750:194:20|4.26|3.93|3.95|4.02|3.90|3.81|3.75|3.11|3.94|3.68|4.38|3.66|4.07|3.54|2.76|3.70|3.25|3.63|5.00
GENTILE             MICHAEL|01:750:194:22|4.26|3.93|3.95|4.02|3.90|3.81|3.75|3.11|3.94|3.68|4.38|3.66|4.07|3.54|2.76|3.70|3.25
GENTILE             MICHAEL|01:750:194:23|4.26|3.93|3.95|4.02|3.90|3.81|3.75|3.11|3.94|3.68|4.38|3.66|4.07|3.54|2.76|3.70|3.25|3.63|5.00
GENTILE             MICHAEL|01:750:194:24|4.26|3.93|3.95|4.02|3.90|3.81|3.75|3.11|3.94|3.68|4.38|3.66|4.07|3.54|2.76|3.70|3.25
LARGO               LUIS|01:750:194:26|4.26|3.93|3.95|4.02|3.90|3.81|3.75|3.11|3.94|3.68|4.38|3.66|4.07|3.54|2.76|3.70|3.25
LARGO               LUIS|01:750:194:27|4.26|3.93|3.95|4.02|3.90|3.81|3.75|3.11|3.94|3.68|4.38|3.66|4.07|3.54|2.76|3.70|3.25|3.63
LARGO               LUIS|01:750:194:28|4.26|3.93|3.95|4.02|3.90|3.81|3.75|3.11|3.94|3.68|4.38|3.66|4.07|3.54|2.76|3.70|3.25|3.63
GENTILE             MICHAEL|01:750:194:29|4.26|3.93|3.95|4.02|3.90|3.81|3.75|3.11|3.94|3.68|4.38|3.66|4.07|3.54|2.76|3.70|3.25|3.63
BRAHMIA             BAKI|01:750:201:00|4.94|4.86|4.90|4.87|4.80|4.81|4.72|3.79|4.84|4.67|4.81|4.10|4.43|4.37|4.68|4.03|5.00|5.00
CROFT               MARK|01:750:203:00|4.45|4.54|4.66|4.69|4.59|4.35|4.15|3.79|4.40|4.32|4.93|4.11|4.06|4.16|4.64|3.87
VESSELIN            MARINOV|01:750:203:06|4.15|3.76|3.48|3.87|4.02|3.36|3.45|3.35|3.64|3.68|4.26
HORTON GEORGE|01:750:204:00|4.52|4.33|4.38|4.64|4.51|4.13|4.24|3.48|4.24|4.14|4.77|4.01|3.99|3.96|4.49|3.65
HORTON GEORGE|01:750:204:00|4.52|4.33|4.38|4.64|4.51|4.13|4.24|3.48|4.24|4.14|4.77|4.01|3.99|3.96|4.49|3.65|4.00
SHAPIRO             JOEL|01:750:204:01|4.07|3.94|3.80|4.17|3.83|3.61|3.59|3.29|3.75|3.64|4.37
OWUSU               HAILE|01:750:204:12|4.07|3.94|3.80|4.17|3.83|3.61|3.59|3.29|3.75|3.64|4.37
FORTIN              JEAN|01:750:204:14|4.07|3.94|3.80|4.17|3.83|3.61|3.59|3.29|3.75|3.64|4.37
FORTIN              JEAN|01:750:204:15|4.07|3.94|3.80|4.17|3.83|3.61|3.59|3.29|3.75|3.64|4.37
MELINIKOV           DMITRY|01:750:204:16|4.07|3.94|3.80|4.17|3.83|3.61|3.59|3.29|3.75|3.64|4.37
ALBA                GABE|01:750:205:01|4.58|4.40|4.17|4.49|4.58|4.20|4.03|3.48|4.36|4.17|4.46|4.06|4.35|3.65|2.59|3.22|3.37
MIRJI               MADHUR|01:750:205:02|4.58|4.40|4.17|4.49|4.58|4.20|4.03|3.48|4.36|4.17|4.46|4.06|4.35|3.65|2.59|3.22|3.37|4.33|5.00
MIRJI               MADHUR|01:750:205:10|4.58|4.40|4.17|4.49|4.58|4.20|4.03|3.48|4.36|4.17|4.46|4.06|4.35|3.65|2.59|3.22|3.37|4.33|5.00
DATLA               SANDEEP|01:750:206:02|3.93|4.00|3.58|4.09|3.75|3.52|3.37|3.16|3.75|3.43|3.87|3.42|3.45|2.87|2.74|3.39|2.89
KLEVTSOV            SAM|01:750:206:03|3.93|4.00|3.58|4.09|3.75|3.52|3.37|3.16|3.75|3.43|3.87|3.42|3.45|2.87|2.74|3.39|2.89|3.11
GANESH              SAILESH|01:750:206:05|3.93|4.00|3.58|4.09|3.75|3.52|3.37|3.16|3.75|3.43|3.87|3.42|3.45|2.87|2.74|3.39|2.89
GANESH              SALIESH|01:750:206:08|3.93|4.00|3.58|4.09|3.75|3.52|3.37|3.16|3.75|3.43|3.87|3.42|3.45|2.87|2.74|3.39|2.89|3.11
KLEVTSOV            SAM|01:750:206:09|3.93|4.00|3.58|4.09|3.75|3.52|3.37|3.16|3.75|3.43|3.87|3.42|3.45|2.87|2.74|3.39|2.89
KLEVTSOV            SAM|01:750:206:10|3.93|4.00|3.58|4.09|3.75|3.52|3.37|3.16|3.75|3.43|3.87|3.42|3.45|2.87|2.74|3.39|2.89
GANESH              SAILESH|01:750:206:12|3.93|4.00|3.58|4.09|3.75|3.52|3.37|3.16|3.75|3.43|3.87|3.42|3.45|2.87|2.74|3.39|2.89|3.11|2.50
RADHAKRISHNAN       RAHUL|01:750:206:13|3.93|4.00|3.58|4.09|3.75|3.52|3.37|3.16|3.75|3.43|3.87|3.42|3.45|2.87|2.74|3.39|2.89|3.11
DALTA               SANDEEP|01:750:206:14|3.93|4.00|3.58|4.09|3.75|3.52|3.37|3.16|3.75|3.43|3.87|3.42|3.45|2.87|2.74|3.39|2.89
JAGIRDAR            ADITYA|01:750:206:19|3.93|4.00|3.58|4.09|3.75|3.52|3.37|3.16|3.75|3.43|3.87|3.42|3.45|2.87|2.74|3.39|2.89
JAGIRDAR            ADITYA|01:750:206:20|3.93|4.00|3.58|4.09|3.75|3.52|3.37|3.16|3.75|3.43|3.87|3.42|3.45|2.87|2.74|3.39|2.89|3.11
RADHAKRISHNAN       RAHUL|01:750:206:21|3.93|4.00|3.58|4.09|3.75|3.52|3.37|3.16|3.75|3.43|3.87|3.42|3.45|2.87|2.74|3.39|2.89
RADHAKRISHNAN       RAHUL|01:750:206:22|3.93|4.00|3.58|4.09|3.75|3.52|3.37|3.16|3.75|3.43|3.87|3.42|3.45|2.87|2.74|3.39|2.89
JAGIRDAR            ADITYA|01:750:206:23|3.93|4.00|3.58|4.09|3.75|3.52|3.37|3.16|3.75|3.43|3.87|3.42|3.45|2.87|2.74|3.39|2.89|3.11|2.50
COLEMAN             PIERS|01:750:228:00|4.59|4.38|4.27|4.28|4.37|4.07|4.25|4.14|4.29|4.08|4.83|4.15|4.14|3.46|4.06|3.73|3.67|3.00
COLEMAN             PIERS|01:750:228:00|4.59|4.38|4.27|4.28|4.37|4.07|4.25|4.14|4.29|4.08|4.83|4.15|4.14|3.46|4.06|3.73|3.67
ZAMOLODCHIKOV       ALEXANDER|01:750:228:06|4.54|4.51|4.29|4.56|4.34|4.22|4.24|3.97|4.43|4.14|4.55
GUSTAFSSON          TORGNY|01:750:228:14|4.54|4.51|4.29|4.56|4.34|4.22|4.24|3.97|4.43|4.14|4.55
GUSTAFSSON          TORGNY|01:750:228:15|4.54|4.51|4.29|4.56|4.34|4.22|4.24|3.97|4.43|4.14|4.55
ZIMMERMAN           FRANK|01:750:228:16|4.54|4.51|4.29|4.56|4.34|4.22|4.24|3.97|4.43|4.14|4.55|4.50|5.00|5.00|5.00|5.00|5.00|5.00
GUSTAFSSON          TORGNY|01:750:228:17|4.54|4.51|4.29|4.56|4.34|4.22|4.24|3.97|4.43|4.14|4.55
ZAMOLODCHIKOV       ALEXANDER|01:750:228:20|4.54|4.51|4.29|4.56|4.34|4.22|4.24|3.97|4.43|4.14|4.55
ZAMOLODCHIKOV       ALEXANDER|01:750:228:21|4.54|4.51|4.29|4.56|4.34|4.22|4.24|3.97|4.43|4.14|4.55|4.50|5.00|5.00|5.00
DATLA               SANDEEP|01:750:230:18|4.18|3.95|3.85|4.11|4.21|3.79|3.58|3.77|3.85|3.68|3.37|3.56|3.77|3.42|2.58|3.29|3.02|4.58|4.50
BERGMAN             DOUGLASS|01:750:272:00|4.09|3.89|3.58|4.28|4.44|3.44|4.00|3.71|3.43|3.63|4.63|4.23|3.74|3.51|4.37|3.97
THOMSON             GORDON|01:750:276:01|4.66|4.23|3.92|4.39|4.59|4.11|3.95|3.67|4.19|4.08|3.59|4.00|4.25|3.67|2.09|3.08|3.46
ZIYATDINOV          ISKANDER|01:750:276:04|4.66|4.23|3.92|4.39|4.59|4.11|3.95|3.67|4.19|4.08|3.59|4.00|4.25|3.67|2.09|3.08|3.46
ZIYATDINOV          ISKANDER|01:750:276:05|4.66|4.23|3.92|4.39|4.59|4.11|3.95|3.67|4.19|4.08|3.59|4.00|4.25|3.67|2.09|3.08|3.46|5.00
ZIYATDINOV          ISKANDER|01:750:276:06|4.66|4.23|3.92|4.39|4.59|4.11|3.95|3.67|4.19|4.08|3.59|4.00|4.25|3.67|2.09|3.08|3.46|5.00
MEKJIAN             ARAM|01:750:301:01|4.44|4.33|4.30|5.00|4.60|4.30|4.22|4.30|4.33|4.33|4.30|3.70|4.30|4.70|3.50
ZAMICK              LARRY|01:750:323:01|3.43|4.71|3.86|4.71|5.00|4.29|4.43|4.14|3.86|3.88|4.57|4.14|3.29|4.33|5.00|3.80|5.00
ZAMICK              LARRY|01:750:323:02|3.43|4.71|3.86|4.71|5.00|4.29|4.43|4.14|3.86|3.88|4.57|4.14|3.29|4.33|3.80
ZAMICK              LARRY|01:750:324:02|4.00|4.22|4.00|4.00|4.20|3.25|3.78|4.00|3.78|3.44|4.33
CHEONG              SANGWOOK|01:750:327:00|4.24|3.55|3.24|3.67|3.30|2.98|3.20|3.26|3.17|3.07|3.38|2.79|2.80|2.17|4.00|3.40|3.00|3.00|3.00
CHEONG      SANG-WOOK|01:750:327:02|4.36|4.15|3.79|4.26|3.95|3.61|3.74|3.67|3.87|3.45|3.97|3.95|3.15|3.28|3.03|3.62|3.21|3.75
KEETON              CHARLES|01:750:342:01|5.00|4.86|4.76|4.97|4.50|4.66|4.62|4.39|4.86|4.72|5.00|3.56|4.25|4.41|3.48|3.00
GERSHENSON          MICHAEL|01:750:351:01|4.63|4.42|3.88|4.58|4.00|3.71|3.67|3.54|4.04|3.73|4.35|2.50|3.35|3.95|3.94
ZAPOLSKY            HAROLD|01:750:382:01|4.14|3.41|3.45|3.27|3.68|3.32|3.95|4.19|3.23|3.55|4.86|4.24|4.10|3.95|3.85|3.00
BARTYNSKI           ROBERT|01:750:386:01|4.89|4.89|4.74|4.95|4.74|4.53|4.74|4.26|4.63|4.68|4.94|4.61|4.61|4.82|3.71|3.00
KOJIMA              HARUO|01:750:388:01|3.50|4.13|3.25|4.50|4.50|3.13|3.88|3.88|4.13|3.50|4.88|2.83|3.33|3.00|3.50
KOJIMA              HARUO|01:750:389:01|3.00|3.33|2.67|4.00|4.00|3.00|3.67|3.67|2.67|3.00|4.33|3.00|4.00|3.00|3.50
HALKIADAKIS         EVA|01:750:397:01|4.53|4.24|4.35|4.65|4.59|3.88|4.12|4.53|4.24|4.12|5.00|2.69|4.00|4.44|3.00
CHANDRA PREMALA|01:750:406:01|5.00|5.00|4.89|5.00|4.89|4.89|4.67|4.56|4.89|4.78|5.00|3.56|4.44|5.00|3.00
SOMALWAR            SUNIL|01:750:418:01|4.71|3.57|4.43|4.14|4.71|3.86|4.29|4.29|3.86|3.71|5.00|2.86|4.57|4.86|3.83
SELLWOOD            JEREMY|01:750:443:01|4.67|4.50|4.17|4.33|3.80|4.33|4.17|4.33|4.33|4.17|4.83|3.83|4.00|4.83|3.83
DOUGLASS            MICHAEL|01:750:494:01|4.67|4.67|4.67|4.67|4.33|3.67|4.33|4.33|4.00|4.67|5.00|3.00|3.00
