OKEEFE              MICHAEL|01:615:101:01|4.66|4.55|4.51|4.69|4.49|4.31|4.26|3.33|4.41|4.30
LEE JUYEON|01:615:101:02|4.66|4.55|4.51|4.69|4.49|4.31|4.26|3.33|4.41|4.30|5.00
BITTNER             MARIA|01:615:201:01|4.54|4.31|4.25|4.44|4.50|4.13|4.31|3.75|4.33|4.27|5.00|4.00
AKINLABI            AKINBIYI|01:615:201:02|4.54|4.31|4.25|4.44|4.50|4.13|4.31|3.75|4.33|4.27
DELACY PAUL|01:615:201:70|4.54|4.31|4.25|4.44|4.50|4.13|4.31|3.75|4.33|4.27
SCHWARZSCHILD       ROGER|01:615:325:01|4.22|3.78|3.85|4.11|4.22|3.85|3.89|3.41|3.81|3.81
SCHWEITZER          SUSAN|01:615:350:01|4.67|4.72|4.67|4.89|4.82|4.50|4.67|4.22|4.78|4.72
KSTROMSWOLD         KARIN|01:615:373:01|4.58|4.67|4.17|4.75|4.75|4.08|4.17|4.25|4.42|4.50
BAKER MARK|01:615:421:01|4.73|4.47|4.07|4.33|3.80|4.00|4.50|4.00|4.13|4.19
PRINCE              ALAN|01:615:471:01|4.87|4.47|4.67|4.73|4.33|4.40|4.80|4.13|4.53|4.67
