TRANSUE             GREGG|01:119:100:00|4.01|3.95|3.88|3.87|3.61|3.60|3.76|3.72|3.71|3.55|4.33|4.33|4.00|4.00|3.00|4.50|4.00|4.00|4.50
JACQUES             KATHRYN|01:119:101:23|4.50|4.36|4.14|4.45|4.19|4.08|3.98|3.66|4.25|3.86
KORNBLUE            ANDREA|01:119:101:24|4.50|4.36|4.14|4.45|4.19|4.08|3.98|3.66|4.25|3.86
WALZCAK             ALEXENDRA|01:119:101:26|4.50|4.36|4.14|4.45|4.19|4.08|3.98|3.66|4.25|3.86|4.62
MATUS               RODRIGO|01:119:101:34|4.50|4.36|4.14|4.45|4.19|4.08|3.98|3.66|4.25|3.86|4.62|4.80
HAN                 RAY|01:119:101:51|4.50|4.36|4.14|4.45|4.19|4.08|3.98|3.66|4.25|3.86
SHAFIE              YASSAMAN|01:119:101:54|4.50|4.36|4.14|4.45|4.19|4.08|3.98|3.66|4.25|3.86
SUKHDEO             S|01:119:103:00|4.78|4.77|4.69|4.81|4.71|4.63|4.43|3.46|4.79|4.47|4.75|5.00|5.00|4.50|5.00|5.00|4.50|5.00|5.00
LETTINI             STACEY|01:119:103:03|4.78|4.77|4.69|4.81|4.71|4.63|4.43|3.46|4.79|4.47
LETTINI             STACEY|01:119:103:04|4.78|4.77|4.69|4.81|4.71|4.63|4.43|3.46|4.79|4.47|4.75
SKELLY              SUSAN|01:119:131:01|4.52|4.37|4.42|4.40|4.37|4.11|4.33|3.42|4.21|4.12
DEVANAS MONICA|01:119:152:01|4.84|4.97|5.00|5.00|4.87|4.84|4.88|4.19|4.94|4.87
SCHJOTT             JESSICA|01:119:195:71|4.60|4.73|4.47|4.87|4.80|4.40|4.67|3.93|4.47|4.67
