RODRIGUEZ           ROBYN|01:920:101:00|4.23|4.22|4.08|4.27|4.37|3.92|3.89|3.63|4.05|4.02|4.40|4.13|4.29|4.33|4.17|4.50|4.33|4.50|4.33
RODRIGUEZ           ROBYN|01:920:101:00|4.23|4.22|4.08|4.27|4.37|3.92|3.89|3.63|4.05|4.02|4.40
MCDOWELL            DOUGLAS|01:920:101:00|4.23|4.22|4.08|4.27|4.37|3.92|3.89|3.63|4.05|4.02|4.40|4.13
SINGH               SOURABH|01:920:101:07|4.23|4.22|4.08|4.27|4.37|3.92|3.89|3.63|4.05|4.02
SINGH               SOURABH|01:920:101:09|4.23|4.22|4.08|4.27|4.37|3.92|3.89|3.63|4.05|4.02
SINGH               SOURABH|01:920:101:11|4.23|4.22|4.08|4.27|4.37|3.92|3.89|3.63|4.05|4.02
BUTTS               ANGELA|01:920:101:25|4.23|4.22|4.08|4.27|4.37|3.92|3.89|3.63|4.05|4.02
COHEN               LAURIE|01:920:101:71|4.23|4.22|4.08|4.27|4.37|3.92|3.89|3.63|4.05|4.02
DOWD                JEFFREY|01:920:103:01|4.65|4.69|4.64|4.74|4.60|4.45|4.54|3.87|4.56|4.53|4.60|4.00
HARVEY              DAINA|01:920:103:03|4.65|4.69|4.64|4.74|4.60|4.45|4.54|3.87|4.56|4.53|4.60|4.00|5.00|5.00|5.00|5.00|5.00|5.00|5.00
LEE                 CATHERINE|01:920:108:01|4.42|4.15|4.15|3.97|4.18|3.83|3.91|3.49|4.06|4.03|5.00|5.00|5.00|5.00|5.00|5.00|5.00|5.00|5.00
WINEBERG            HOWARD|01:920:108:71|4.42|4.15|4.15|3.97|4.18|3.83|3.91|3.49|4.06|4.03
CHEN                YIFAN|01:920:205:02|4.52|4.30|3.96|4.52|4.64|3.92|3.88|3.52|4.08|4.04|5.00
HANSELL             STEPHEN|01:920:210:01|4.85|4.59|4.75|4.75|4.58|4.41|4.57|4.01|4.59|4.61|4.80|5.00|5.00|5.00|5.00|5.00|5.00|5.00
LORENZEN            JANET|01:920:216:01|4.70|4.49|4.28|4.59|4.60|4.23|4.24|3.53|4.50|4.37
PHILLIPS            JULIE|01:920:222:01|3.88|3.82|3.77|3.86|4.02|3.52|3.64|3.94|3.61|3.68
WINEBERG            HOWARD|01:920:222:02|3.88|3.82|3.77|3.86|4.02|3.52|3.64|3.94|3.61|3.68|4.50
COVINGTON           JEANETTE|01:920:222:03|3.88|3.82|3.77|3.86|4.02|3.52|3.64|3.94|3.61|3.68
SMITH               DORANDALL|01:920:248:02|4.13|4.03|3.51|4.09|3.75|3.12|3.47|3.99|3.47|3.34|4.50|5.00|4.00|5.00|4.00|5.00|4.00|5.00|5.00
MCLEAN              PAUL|01:920:290:01|4.30|4.46|4.18|4.40|4.10|3.80|3.90|3.58|4.17|4.02
STEIN               ARLENE|01:920:291:01|4.42|4.20|4.11|4.19|3.75|3.55|3.93|3.75|4.00|3.89
VIGGIANO            THERESA|01:920:303:01|4.63|4.73|4.35|4.62|4.75|4.20|4.43|3.82|4.48|4.28
CERULO              KAREN|01:920:304:04|4.13|4.18|4.10|4.34|4.37|3.85|3.86|3.86|3.96|3.97|4.00
MUCEN               BARIS|01:920:304:08|4.13|4.18|4.10|4.34|4.37|3.85|3.86|3.86|3.96|3.97|4.00|3.00|3.00|3.00|3.00|3.00
SINGH               SOURABH|01:920:304:09|4.13|4.18|4.10|4.34|4.37|3.85|3.86|3.86|3.96|3.97
MITCHELL            ELIZABETH|01:920:306:01|4.29|4.05|3.99|4.11|4.10|3.72|3.98|3.80|3.92|3.85
RECK                PAUL|01:920:306:03|4.29|4.05|3.99|4.11|4.10|3.72|3.98|3.80|3.92|3.85|4.67|3.00|4.00|2.00|3.00|3.00|3.00|3.00|3.00
CARELLI             LINDA|01:920:307:01|4.35|4.52|4.33|4.58|4.47|4.09|4.24|3.98|4.32|4.23
SMITH               DENA|01:920:307:03|4.35|4.52|4.33|4.58|4.47|4.09|4.24|3.98|4.32|4.23
VIGGIANO            THERESA|01:920:307:80|4.35|4.52|4.33|4.58|4.47|4.09|4.24|3.98|4.32|4.23|5.00
PHILLIPS            JULIE|01:920:311:00|4.38|4.30|4.08|4.45|4.21|3.91|3.81|3.21|4.06|3.83
ROOS                PATRICIA|01:920:311:00|4.38|4.30|4.08|4.45|4.21|3.91|3.81|3.21|4.06|3.83
FRIEDMAN            JUDITH|01:920:311:00|4.38|4.30|4.08|4.45|4.21|3.91|3.81|3.21|4.06|3.83
FRIEDMAN            JUDITH|01:920:311:08|4.38|4.30|4.08|4.45|4.21|3.91|3.81|3.21|4.06|3.83
HOWELLWHITE         SANDRA|01:920:312:01|3.95|4.12|3.90|4.12|4.33|3.79|3.70|2.81|3.88|3.82|5.00|5.00|5.00|5.00|5.00
MCLEAN              PAUL|01:920:313:00|4.13|4.26|3.97|4.37|3.95|3.80|3.85|3.41|4.06|3.85
MITCHELL            ELIZABETH|01:920:313:00|4.13|4.26|3.97|4.37|3.95|3.80|3.85|3.41|4.06|3.85
MITCHELL            ELIZABETH|01:920:314:00|4.46|4.51|4.20|4.62|4.42|4.05|4.13|3.42|4.29|4.15|3.67|3.33|3.33|3.33|3.67|3.33|3.50|3.50|3.00
MISCHE              ANN|01:920:314:00|4.46|4.51|4.20|4.62|4.42|4.05|4.13|3.42|4.29|4.15
LAPOINTE            ELEANOR|01:920:314:07|4.46|4.51|4.20|4.62|4.42|4.05|4.13|3.42|4.29|4.15|3.67|3.33|3.33|3.33|3.67|3.33|3.50|3.50
WINEBERG            HOWARD|01:920:321:01|3.38|3.69|3.69|3.83|4.08|3.38|3.23|3.43|3.43|3.21
KOVACS              MARY|01:920:324:01|3.73|3.78|3.48|3.95|3.18|3.26|3.36|3.70|3.18|3.27|5.00
WILLIAMS            RICHARD|01:920:326:01|4.16|4.32|4.64|4.28|4.54|4.32|4.19|3.85|4.23|4.30|5.00
BODNARDEREN         SUSAN|01:920:345:01|4.71|4.76|4.71|4.82|4.88|4.59|4.71|3.82|4.65|4.56
MCDOWELL            DOUGLAS|01:920:349:01|4.55|4.61|4.36|4.56|4.30|4.09|4.09|3.72|4.24|4.15
SCHUSTER            SHERRIL|01:920:354:01|4.15|3.46|4.00|4.00|3.92|3.69|4.23|3.92|3.92|4.00
COVINGTON           JEANETTE|01:920:361:01|4.20|3.70|3.37|3.47|3.03|2.72|3.73|4.10|3.21|3.34
BOROCZ              JOZSEF|01:920:393:01|5.00|5.00|5.00|5.00|5.00|5.00|5.00|4.40|5.00|5.00
ROOS                PATRICIA|01:920:421:01|4.32|4.44|4.09|4.52|4.31|3.99|4.27|3.96|4.24|4.05
RODRIGUEZ           ROBYN|01:920:421:02|4.32|4.44|4.09|4.52|4.31|3.99|4.27|3.96|4.24|4.05
SMITH               DRANDALL|01:920:421:03|4.32|4.44|4.09|4.52|4.31|3.99|4.27|3.96|4.24|4.05
ZERUBAVEL           EVIATAR|01:920:421:04|4.32|4.44|4.09|4.52|4.31|3.99|4.27|3.96|4.24|4.05
FRIEDMAN            JUDITH|01:920:421:05|4.32|4.44|4.09|4.52|4.31|3.99|4.27|3.96|4.24|4.05|3.59
