ZBAIDA              SHMUEL|01:160:128:01|4.12|3.79|3.49|3.89|3.98|3.39|3.49|3.09|3.56|3.43|4.00|5.00|5.00
HALL                GENE|01:160:160:00|4.56|4.49|3.99|4.48|4.23|4.02|3.85|3.07|4.30|3.53
MARVASTI            SETAREH|01:160:160:00|4.56|4.49|3.99|4.48|4.23|4.02|3.85|3.07|4.30|3.53|4.34|4.35
ROYCHOWDHURY        LIPIKA|01:160:160:01|4.56|4.49|3.99|4.48|4.23|4.02|3.85|3.07|4.30|3.53|4.34
HALL                GENE|01:160:160:01|4.56|4.49|3.99|4.48|4.23|4.02|3.85|3.07|4.30|3.53
MARVASTI            SETAREH|01:160:160:03|4.56|4.49|3.99|4.48|4.23|4.02|3.85|3.07|4.30|3.53|4.34
ROYCHOWDHURY        LIPIKA|01:160:160:04|4.56|4.49|3.99|4.48|4.23|4.02|3.85|3.07|4.30|3.53
ROYCHOWDHURY        LIPIKA|01:160:160:08|4.56|4.49|3.99|4.48|4.23|4.02|3.85|3.07|4.30|3.53
PETRONE             LOUIS|01:160:160:12|4.56|4.49|3.99|4.48|4.23|4.02|3.85|3.07|4.30|3.53
PETRONE             LOUIS|01:160:160:14|4.56|4.49|3.99|4.48|4.23|4.02|3.85|3.07|4.30|3.53|4.34|4.35|4.00|4.00
MARVASTI            SETAREH|01:160:160:15|4.56|4.49|3.99|4.48|4.23|4.02|3.85|3.07|4.30|3.53|4.34
ROYCHOWDHURY        LIPIKA|01:160:160:16|4.56|4.49|3.99|4.48|4.23|4.02|3.85|3.07|4.30|3.53
ROYCHOWDHURY        LIPIKA|01:160:160:18|4.56|4.49|3.99|4.48|4.23|4.02|3.85|3.07|4.30|3.53
VASSILIAN           ASBED|01:160:161:00|4.36|4.15|4.08|4.19|4.06|3.89|3.84|3.33|3.96|3.64|3.75|3.00|4.00|3.00|3.00|4.00|3.00|3.00
WAIDLICH            JUDY|01:160:161:01|4.36|4.15|4.08|4.19|4.06|3.89|3.84|3.33|3.96|3.64
PORCJA              ROBERT|01:160:161:02|4.36|4.15|4.08|4.19|4.06|3.89|3.84|3.33|3.96|3.64
WAIDLICH            JUDY|01:160:161:07|4.36|4.15|4.08|4.19|4.06|3.89|3.84|3.33|3.96|3.64
PORCJA              ROBERT|01:160:161:08|4.36|4.15|4.08|4.19|4.06|3.89|3.84|3.33|3.96|3.64
WAIDLICH            JUDY|01:160:161:10|4.36|4.15|4.08|4.19|4.06|3.89|3.84|3.33|3.96|3.64
PORCJA              ROBERT|01:160:161:11|4.36|4.15|4.08|4.19|4.06|3.89|3.84|3.33|3.96|3.64
WAIDLICH            JUDITH|01:160:161:13|4.36|4.15|4.08|4.19|4.06|3.89|3.84|3.33|3.96|3.64
PORCJA              ROBERT|01:160:161:14|4.36|4.15|4.08|4.19|4.06|3.89|3.84|3.33|3.96|3.64
RABEONY             MANESE|01:160:162:00|4.34|4.17|4.03|4.26|4.25|3.91|3.93|3.48|4.11|3.69
VASSILIAN           ASBED|01:160:162:00|4.34|4.17|4.03|4.26|4.25|3.91|3.93|3.48|4.11|3.69
KIMMEL              PAUL|01:160:162:00|4.34|4.17|4.03|4.26|4.25|3.91|3.93|3.48|4.11|3.69|4.63
KROGHJESPERSEN      KARSTEN|01:160:162:00|4.34|4.17|4.03|4.26|4.25|3.91|3.93|3.48|4.11|3.69|4.63
AGARWAL             RANESHWAR|01:160:162:01|4.34|4.17|4.03|4.26|4.25|3.91|3.93|3.48|4.11|3.69
AGARWAL             RAMESHWAR|01:160:162:03|4.34|4.17|4.03|4.26|4.25|3.91|3.93|3.48|4.11|3.69|4.63
RABEONY             MANESE|01:160:162:04|4.34|4.17|4.03|4.26|4.25|3.91|3.93|3.48|4.11|3.69|4.63|4.50|4.33|4.33|4.33|4.33|4.33|4.33|4.00
SIEGEL              DONALD|01:160:162:06|4.34|4.17|4.03|4.26|4.25|3.91|3.93|3.48|4.11|3.69
PETRONE             LOUIS|01:160:162:07|4.34|4.17|4.03|4.26|4.25|3.91|3.93|3.48|4.11|3.69|4.63|4.50|4.33|4.33|4.33|4.33|4.33|4.33|4.00
PETRONE             LOUIS|01:160:162:08|4.34|4.17|4.03|4.26|4.25|3.91|3.93|3.48|4.11|3.69
SANGARI             HARPAL|01:160:162:11|4.34|4.17|4.03|4.26|4.25|3.91|3.93|3.48|4.11|3.69
RABEONY             MANESE|01:160:162:17|4.34|4.17|4.03|4.26|4.25|3.91|3.93|3.48|4.11|3.69
MARKY               NANCY|01:160:162:19|4.34|4.17|4.03|4.26|4.25|3.91|3.93|3.48|4.11|3.69
SIEGEL              DONALD|01:160:162:20|4.34|4.17|4.03|4.26|4.25|3.91|3.93|3.48|4.11|3.69
TAVIS               EDWARD|01:160:162:23|4.34|4.17|4.03|4.26|4.25|3.91|3.93|3.48|4.11|3.69
TAVSS               EDWARD|01:160:162:25|4.34|4.17|4.03|4.26|4.25|3.91|3.93|3.48|4.11|3.69
MARKY               NANCY|01:160:162:26|4.34|4.17|4.03|4.26|4.25|3.91|3.93|3.48|4.11|3.69
MARKY               NANCY|01:160:162:30|4.34|4.17|4.03|4.26|4.25|3.91|3.93|3.48|4.11|3.69
TAVSS               EDWARD|01:160:162:31|4.34|4.17|4.03|4.26|4.25|3.91|3.93|3.48|4.11|3.69|4.63|4.50|4.33|4.33|4.33|4.33|4.33|4.33
AGARWAL             RAMESHWAR|01:160:162:33|4.34|4.17|4.03|4.26|4.25|3.91|3.93|3.48|4.11|3.69
MARKY               NANCY|01:160:162:34|4.34|4.17|4.03|4.26|4.25|3.91|3.93|3.48|4.11|3.69|4.63|4.50
SANGARI             HARPAL|01:160:162:36|4.34|4.17|4.03|4.26|4.25|3.91|3.93|3.48|4.11|3.69
MARKY               NANCY|01:160:162:37|4.34|4.17|4.03|4.26|4.25|3.91|3.93|3.48|4.11|3.69
SANGARI             HARPAL|01:160:162:39|4.34|4.17|4.03|4.26|4.25|3.91|3.93|3.48|4.11|3.69
RABEONY             MANESE|01:160:162:71|4.34|4.17|4.03|4.26|4.25|3.91|3.93|3.48|4.11|3.69
RABEONY             MANESE|01:160:162:72|4.34|4.17|4.03|4.26|4.25|3.91|3.93|3.48|4.11|3.69
MARKY               NANCY|01:160:162:73|4.34|4.17|4.03|4.26|4.25|3.91|3.93|3.48|4.11|3.69
MARKY               NANCY|01:160:162:74|4.34|4.17|4.03|4.26|4.25|3.91|3.93|3.48|4.11|3.69
HERZOG              GREG|01:160:164:01|4.68|4.66|4.57|4.79|4.61|4.48|4.55|4.47|4.61|4.61
POTENZA             JOSEPH|01:160:164:02|4.68|4.66|4.57|4.79|4.61|4.48|4.55|4.47|4.61|4.61|5.00|5.00
HERZOG              GREGORY|01:160:164:02|4.68|4.66|4.57|4.79|4.61|4.48|4.55|4.47|4.61|4.61
MARVASTI            SETAREH|01:160:251:00|4.36|4.21|3.82|4.28|4.03|3.87|3.95|3.59|4.03|3.97|4.67|4.47
KIMMEL              JANE|01:160:251:02|4.36|4.21|3.82|4.28|4.03|3.87|3.95|3.59|4.03|3.97|4.67|4.47
JIMENEZ LESLIE|01:160:308:00|4.33|4.29|3.96|4.36|4.14|3.91|3.99|3.38|4.11|3.76
JIMENEZ LESLIE|01:160:308:00|4.33|4.29|3.96|4.36|4.14|3.91|3.99|3.38|4.11|3.76
OCONNOR             PATRICK|01:160:308:00|4.33|4.29|3.96|4.36|4.14|3.91|3.99|3.38|4.11|3.76|4.86|4.67|4.67|3.20|4.67|4.67|4.67|4.67|5.00
HAUBENSTOCK         HERB|01:160:308:01|4.33|4.29|3.96|4.36|4.14|3.91|3.99|3.38|4.11|3.76
OCONNOR             PATRICK|01:160:308:05|4.33|4.29|3.96|4.36|4.14|3.91|3.99|3.38|4.11|3.76
ZHANG               HONGMEI|01:160:308:06|4.33|4.29|3.96|4.36|4.14|3.91|3.99|3.38|4.11|3.76
OCONNOR             PATRICK|01:160:308:08|4.33|4.29|3.96|4.36|4.14|3.91|3.99|3.38|4.11|3.76
ROMSTED LAURENCE|01:160:308:10|4.33|4.29|3.96|4.36|4.14|3.91|3.99|3.38|4.11|3.76|4.86
ZHANG               HONGMEI|01:160:308:11|4.33|4.29|3.96|4.36|4.14|3.91|3.99|3.38|4.11|3.76
ZHANG               HONGMEI|01:160:308:13|4.33|4.29|3.96|4.36|4.14|3.91|3.99|3.38|4.11|3.76
ZBAIDA              SHMUEL|01:160:308:14|4.33|4.29|3.96|4.36|4.14|3.91|3.99|3.38|4.11|3.76
ZBAIDA              SHMUEL|01:160:308:15|4.33|4.29|3.96|4.36|4.14|3.91|3.99|3.38|4.11|3.76
ZHANG               HONGMEI|01:160:308:18|4.33|4.29|3.96|4.36|4.14|3.91|3.99|3.38|4.11|3.76
ZBAIDA              SHMUEL|01:160:308:19|4.33|4.29|3.96|4.36|4.14|3.91|3.99|3.38|4.11|3.76
ZHANG               HONGMEI|01:160:308:20|4.33|4.29|3.96|4.36|4.14|3.91|3.99|3.38|4.11|3.76
HAUBENSTOCK         HOWARD|01:160:308:22|4.33|4.29|3.96|4.36|4.14|3.91|3.99|3.38|4.11|3.76
OCONNOR             PATRICK|01:160:308:24|4.33|4.29|3.96|4.36|4.14|3.91|3.99|3.38|4.11|3.76
ZBAIDA              SHMUEL|01:160:308:25|4.33|4.29|3.96|4.36|4.14|3.91|3.99|3.38|4.11|3.76
ZBAIDA              SHMUEL|01:160:308:29|4.33|4.29|3.96|4.36|4.14|3.91|3.99|3.38|4.11|3.76
TAYLOR              JOHN|01:160:309:00|4.71|4.66|4.46|4.69|4.32|4.35|4.52|4.07|4.58|4.31|3.00|4.00|4.00|3.00|4.00|4.00
TAYLOR              JOHN|01:160:309:03|4.71|4.66|4.46|4.69|4.32|4.35|4.52|4.07|4.58|4.31
GOVINDARAJOO        GITA|01:160:311:01|4.60|4.33|4.02|4.35|4.08|4.00|4.00|3.32|4.29|3.87
GOVINDARAJOO        GEETA|01:160:311:02|4.60|4.33|4.02|4.35|4.08|4.00|4.00|3.32|4.29|3.87|4.25
GOVINDERAJOO        G|01:160:311:05|4.60|4.33|4.02|4.35|4.08|4.00|4.00|3.32|4.29|3.87
ZHANG               HONGMEI|01:160:311:05|4.60|4.33|4.02|4.35|4.08|4.00|4.00|3.32|4.29|3.87
GOVINDARAJOO        GEETA|01:160:311:06|4.60|4.33|4.02|4.35|4.08|4.00|4.00|3.32|4.29|3.87
GOVINDARAJOO        GITA|01:160:311:08|4.60|4.33|4.02|4.35|4.08|4.00|4.00|3.32|4.29|3.87
GOVINDARAJOO        GEETA|01:160:311:09|4.60|4.33|4.02|4.35|4.08|4.00|4.00|3.32|4.29|3.87
GOVINDARAJOO        GITA|01:160:311:10|4.60|4.33|4.02|4.35|4.08|4.00|4.00|3.32|4.29|3.87|4.25
GOVINDARAJOO        GITA|01:160:311:11|4.60|4.33|4.02|4.35|4.08|4.00|4.00|3.32|4.29|3.87
GOVINDARAJOO        GEETA|01:160:311:14|4.60|4.33|4.02|4.35|4.08|4.00|4.00|3.32|4.29|3.87
GOVINDARAJOO        GEETA|01:160:311:15|4.60|4.33|4.02|4.35|4.08|4.00|4.00|3.32|4.29|3.87
GOVINDARAJOO        GEETA|01:160:311:16|4.60|4.33|4.02|4.35|4.08|4.00|4.00|3.32|4.29|3.87
ZHANG               HONGMEI|01:160:311:16|4.60|4.33|4.02|4.35|4.08|4.00|4.00|3.32|4.29|3.87|4.25
GOVINDARAJOO        GEETA|01:160:311:17|4.60|4.33|4.02|4.35|4.08|4.00|4.00|3.32|4.29|3.87
GOVINDARAJOO        GITA|01:160:311:18|4.60|4.33|4.02|4.35|4.08|4.00|4.00|3.32|4.29|3.87|4.25
GOVINDARAJOO        GITA|01:160:311:18|4.60|4.33|4.02|4.35|4.08|4.00|4.00|3.32|4.29|3.87|4.25
GOVINDARAJOO        GITA|01:160:311:19|4.60|4.33|4.02|4.35|4.08|4.00|4.00|3.32|4.29|3.87
GOVINDARAJOO        GITA|01:160:311:19|4.60|4.33|4.02|4.35|4.08|4.00|4.00|3.32|4.29|3.87
GOVINDARAJOO        GITA|01:160:311:20|4.60|4.33|4.02|4.35|4.08|4.00|4.00|3.32|4.29|3.87
GOVINDARAJOO        GITA|01:160:311:20|4.60|4.33|4.02|4.35|4.08|4.00|4.00|3.32|4.29|3.87
TINGTING            LIU|01:160:311:21|4.60|4.33|4.02|4.35|4.08|4.00|4.00|3.32|4.29|3.87
TINGTING            LIU|01:160:311:21|4.60|4.33|4.02|4.35|4.08|4.00|4.00|3.32|4.29|3.87
GOVINDARAJOO        GITA|01:160:311:21|4.60|4.33|4.02|4.35|4.08|4.00|4.00|3.32|4.29|3.87
GOVINDARAJOO        GITA|01:160:311:21|4.60|4.33|4.02|4.35|4.08|4.00|4.00|3.32|4.29|3.87
GOVINDARAJOO        GITA|01:160:311:22|4.60|4.33|4.02|4.35|4.08|4.00|4.00|3.32|4.29|3.87
GOVINDARAJOO        GITA|01:160:311:23|4.60|4.33|4.02|4.35|4.08|4.00|4.00|3.32|4.29|3.87|4.25|4.00|5.00|5.00|4.00
DESMIRDIREK         BANAR|01:160:311:23|4.60|4.33|4.02|4.35|4.08|4.00|4.00|3.32|4.29|3.87
KANTADE             CHANDRA|01:160:311:24|4.60|4.33|4.02|4.35|4.08|4.00|4.00|3.32|4.29|3.87
GOVINDARAJOO        GITA|01:160:311:24|4.60|4.33|4.02|4.35|4.08|4.00|4.00|3.32|4.29|3.87
GOVINDARAJOO        GEETA|01:160:311:26|4.60|4.33|4.02|4.35|4.08|4.00|4.00|3.32|4.29|3.87
GOVINDARAJOO        GEETA|01:160:311:27|4.60|4.33|4.02|4.35|4.08|4.00|4.00|3.32|4.29|3.87
CHEN                ZHANG|01:160:311:28|4.60|4.33|4.02|4.35|4.08|4.00|4.00|3.32|4.29|3.87
GOVINDARJOO         GEETA|01:160:311:28|4.60|4.33|4.02|4.35|4.08|4.00|4.00|3.32|4.29|3.87
GOVINDARAJOO        GEETA|01:160:311:31|4.60|4.33|4.02|4.35|4.08|4.00|4.00|3.32|4.29|3.87
COTTER              M|01:160:328:01|4.16|4.02|3.59|4.05|4.10|3.44|3.68|3.31|3.80|3.69
HINCH               BARBARA|01:160:328:02|4.16|4.02|3.59|4.05|4.10|3.44|3.68|3.31|3.80|3.69
MARKY               N|01:160:342:01|4.05|3.91|3.44|4.00|3.61|3.27|3.40|3.02|3.57|3.34
BAUM                J|01:160:344:01|3.13|4.00|3.13|3.88|3.67|3.63|4.13|4.00|3.29|3.38|5.00
ISIED               S|01:160:361:01|3.49|3.74|3.44|4.06|3.43|3.26|3.26|3.56|3.29|3.13|5.00
BRENNAN             J|01:160:371:01|4.50|4.45|4.34|4.52|4.55|4.24|4.34|4.03|4.50|4.29
ROMSTED LAURENCE|01:160:492:01|4.65|4.80|4.70|4.90|4.90|4.85|4.65|4.31|4.84|4.79|5.00|5.00
ARNOLD              E|01:160:492:02|4.65|4.80|4.70|4.90|4.90|4.85|4.65|4.31|4.84|4.79
LI                  J|01:160:492:03|4.65|4.80|4.70|4.90|4.90|4.85|4.65|4.31|4.84|4.79
