FELDER              SIDNEY|01:730:101:01|4.55|4.69|4.59|4.86|4.91|4.57|4.41|4.03|4.79|4.69|5.00
BODANSZKY           EVA|01:730:103:03|4.03|3.93|4.07|4.16|3.95|3.83|3.85|3.35|4.01|3.99
BUNZL               MARTIN|01:730:103:09|4.03|3.93|4.07|4.16|3.95|3.83|3.85|3.35|4.01|3.99|4.20|3.50|3.50|3.50|3.00|3.00|3.00|3.00|3.00
EGAN                MARY|01:730:103:71|4.03|3.93|4.07|4.16|3.95|3.83|3.85|3.35|4.01|3.99|4.20
WYKSTER             STEPHANIE|01:730:104:03|4.74|4.75|4.57|4.88|4.62|4.46|4.46|3.78|4.61|4.42
TYCHONIEVISH        CRYSTAL|01:730:104:05|4.74|4.75|4.57|4.88|4.62|4.46|4.46|3.78|4.61|4.42
MCCROSSIN            DWARD|01:730:105:01|4.31|4.48|4.45|4.63|4.43|4.25|4.15|3.55|4.26|4.15
CHANG               RUTH|01:730:108:00|4.47|4.35|4.14|4.43|4.18|4.06|4.20|3.78|4.29|4.17|3.67|3.58|2.24|3.00|3.67|4.00|3.00|3.00|3.00
CHANG               RUTH|01:730:108:71|4.47|4.35|4.14|4.43|4.18|4.06|4.20|3.78|4.29|4.17
NADO                JENNIFER|01:730:201:01|4.51|4.69|4.56|4.86|4.68|4.50|4.45|3.39|4.63|4.50
SIDER               TED|01:730:201:04|4.51|4.69|4.56|4.86|4.68|4.50|4.45|3.39|4.63|4.50
MAUDLIN             TIM|01:730:205:01|4.37|4.63|4.33|4.63|4.19|4.07|4.22|4.19|4.37|4.11
POWERS              NATHAN|01:730:208:01|4.88|4.69|4.63|4.94|4.94|4.38|4.56|4.06|4.63|4.60|5.00
STANLEY             JASON|01:730:220:01|4.23|4.32|4.57|4.38|4.02|4.20|4.40|3.67|4.38|4.29|5.00
KLEIN               PETER|01:730:220:03|4.23|4.32|4.57|4.38|4.02|4.20|4.40|3.67|4.38|4.29
WILSHIRE            BRUDE|01:730:260:01|4.24|4.48|4.64|4.52|4.67|4.42|4.06|3.88|4.33|4.12
ARNTZENIUS          FRANK|01:730:261:01|4.19|4.33|4.33|4.52|4.35|4.07|4.30|4.48|4.26|4.33
COLBY               MARK|01:730:265:01|4.50|4.50|4.39|4.68|4.64|4.17|4.17|3.83|4.48|4.35
COLBY               MARK|01:730:268:01|4.40|4.38|4.13|4.30|4.38|4.07|4.03|4.03|4.30|4.23
MATTHEWS            BOBERT|01:730:297:01|4.27|4.09|3.64|4.18|4.27|3.73|3.82|3.18|3.70|3.90
ASHBAUGH            ANNE|01:730:301:01|4.56|4.29|4.32|4.26|4.20|4.39|4.34|3.80|4.46|4.42|5.00|5.00|5.00|5.00|5.00
MATTHEWS            ROBERT|01:730:310:01|4.70|4.57|4.26|4.50|4.10|4.00|4.32|3.77|4.39|4.29
REDL                NINA|01:730:312:01|4.80|4.80|4.70|4.80|4.70|4.60|4.20|4.00|4.70|4.50
COLBY               MARK|01:730:341:01|4.64|4.88|4.18|4.76|4.38|4.15|4.18|3.58|4.55|4.38
DOUARD              JOHN|01:730:345:01|4.53|4.88|4.75|4.69|4.53|4.56|4.69|4.31|4.71|4.76
ASHBAUGH            ANNE|01:730:401:01|4.31|4.58|4.82|4.64|4.60|4.58|4.67|4.33|4.58|4.69
FELDMAN             SEYMOUR|01:730:404:01|4.83|4.25|4.42|4.33|3.75|4.25|4.58|3.42|4.33|4.08
MCCROSSIN           EDWARD|01:730:405:01|4.50|4.80|4.84|4.96|4.88|4.73|4.65|3.91|4.64|4.58
MCLAUGHLIN          BRIAN|01:730:418:01|4.35|4.42|4.19|4.04|4.43|4.23|4.35|4.04|4.38|4.29
ARNTZENIUS          FRANK|01:730:424:01|4.27|4.36|4.32|4.48|4.35|4.09|4.05|4.05|4.23|4.33
BUNZL               MARTIN|01:730:429:01|4.50|4.63|4.75|4.75|4.38|4.50|4.63|4.43|4.75|4.50
MCGARY              HOWARD|01:730:445:01|4.56|4.61|4.50|4.94|4.06|4.28|4.67|4.44|4.65|4.41
TEMKIN              LARRY|01:730:459:01|4.82|4.64|4.65|4.91|4.69|4.56|4.38|4.82|4.68|4.65
PARFIT              DEREK|01:730:459:01|4.82|4.64|4.65|4.91|4.69|4.56|4.38|4.82|4.68|4.65
WILSHIRE            BRUCE|01:730:465:01|3.64|3.87|4.17|4.40|4.34|3.79|3.90|4.35|3.83|3.76
WHITCOMB            DENNIS|01:730:492:01|4.67|5.00|4.40|4.89|4.33|4.78|4.67|4.71|4.67|4.78|1.00
SIMMONS             JAMES|01:730:492:01|4.67|5.00|4.40|4.89|4.33|4.78|4.67|4.71|4.67|4.78
WINTERBOTTOM        JONATHAN|01:730:492:01|4.67|5.00|4.40|4.89|4.33|4.78|4.67|4.71|4.67|4.78
