BELLOMO             ELENA|01:510:101:01|4.68|4.54|4.45|4.67|4.66|4.37|4.39|3.83|4.57|4.38|5.00
BELLOMO             ELENA|01:510:101:03|4.68|4.54|4.45|4.67|4.66|4.37|4.39|3.83|4.57|4.38
JONES               JENNIFER|01:510:102:01|4.30|4.35|4.17|4.51|4.25|3.92|4.06|3.99|4.13|4.03|4.67|4.50|4.50|4.50|4.50|5.00|5.00|4.50
HANEBRINK           PAUL|01:510:102:05|4.30|4.35|4.17|4.51|4.25|3.92|4.06|3.99|4.13|4.03
TANNOUS JACK|01:510:205:01|4.88|4.90|4.92|4.98|4.88|4.80|4.90|4.21|4.90|4.89|5.00|5.00|5.00|5.00|5.00
DIBATTISTA          ANTHONY|01:510:211:01|4.96|4.81|4.81|4.88|4.65|4.68|4.69|3.96|4.81|4.73
BELLOMO|01:510:213:01|4.67|4.44|4.44|4.61|4.72|4.41|4.78|3.71|4.61|4.33
HYDE                ELIZABETH|01:510:253:01|3.80|3.49|3.45|3.50|3.34|3.09|3.20|4.09|3.28|3.16
HANEBRINK           PAUL|01:510:261:01|4.68|4.40|4.51|4.53|4.35|4.09|4.55|4.31|4.56|4.55
CARGILL             JACK|01:510:303:01|4.44|4.35|4.36|4.38|4.24|4.15|4.47|4.00|4.29|4.21|5.00|5.00
DAVIS               BELINDA|01:510:327:01|4.21|4.50|4.33|4.33|4.25|3.88|4.00|4.17|4.04|3.83
BROWN               CHRISTOPHE|01:510:347:01|4.86|4.83|4.86|4.85|4.75|4.59|4.72|3.89|4.78|4.74|5.00|5.00|5.00|5.00|5.00|5.00|5.00|5.00
FIGUIERA            THOMAS|01:510:350:01|4.69|4.69|4.69|4.69|4.63|4.44|4.63|3.87|4.50|4.44
MORRISON            KARL|01:510:357:01|4.52|4.56|4.23|4.69|4.35|4.19|4.35|3.96|4.41|4.37
HELLBECK            JOCHEN|01:510:375:01|4.41|4.48|4.23|4.63|4.33|4.04|4.12|4.04|4.20|4.20|5.00
HYDE                ELIZABETH|01:510:392:01|4.66|4.67|4.64|4.70|4.46|4.40|4.64|4.16|4.57|4.46|5.00|5.00|5.00|4.50|5.00|5.00|5.00|5.00|5.00
MULSOW              MARTIN|01:510:392:02|4.66|4.67|4.64|4.70|4.46|4.40|4.64|4.16|4.57|4.46|5.00|5.00|5.00|4.50
HOWEY               CATHERINE|01:510:392:03|4.66|4.67|4.64|4.70|4.46|4.40|4.64|4.16|4.57|4.46
