HAMILTON            LEN|01:830:101:02|4.72|4.55|4.50|4.63|4.52|4.37|4.40|3.97|4.51|4.41|4.44|4.33|4.50|4.57|4.54
OGILVIE             DAN|01:830:101:02|4.72|4.55|4.50|4.63|4.52|4.37|4.40|3.97|4.51|4.41|4.44|4.33|4.50|4.57|4.54
BRILL               GARY|01:830:101:04|4.72|4.55|4.50|4.63|4.52|4.37|4.40|3.97|4.51|4.41|4.44|4.33|4.50|4.57|4.54|4.29|4.43|4.33|4.00
BRILL               GARY|01:830:101:05|4.72|4.55|4.50|4.63|4.52|4.37|4.40|3.97|4.51|4.41
WEST                MARK|01:830:101:15|4.72|4.55|4.50|4.63|4.52|4.37|4.40|3.97|4.51|4.41
KARLIN              ROBERT|01:830:200:00|4.52|4.38|3.78|4.46|4.42|3.84|3.91|2.61|4.16|3.69
LEYTON              MICHAEL|01:830:201:02|4.92|4.83|4.69|4.92|4.68|4.79|4.48|3.98|4.80|4.68|5.00
SINGH               MANISH|01:830:301:01|4.83|4.70|4.53|4.69|4.56|4.34|4.32|3.54|4.59|4.40
SINGH               MANISH|01:830:301:02|4.83|4.70|4.53|4.69|4.56|4.34|4.32|3.54|4.59|4.40
GERSCH              TIM|01:830:301:06|4.83|4.70|4.53|4.69|4.56|4.34|4.32|3.54|4.59|4.40|5.00|5.00|5.00|5.00
MCGOWAN             JAMES|01:830:301:08|4.83|4.70|4.53|4.69|4.56|4.34|4.32|3.54|4.59|4.40
SHALIN              SHAH|01:830:302:08|4.62|4.54|4.04|4.67|4.63|4.19|4.00|3.63|4.47|4.18
ACKROFF             JOHN|01:830:305:01|4.39|4.17|3.84|4.18|3.93|3.70|3.74|3.36|3.86|3.69
INGATE              MARGARET|01:830:305:03|4.39|4.17|3.84|4.18|3.93|3.70|3.74|3.36|3.86|3.69|5.00
INGATE              MARGARET|01:830:305:10|4.39|4.17|3.84|4.18|3.93|3.70|3.74|3.36|3.86|3.69
DESINOVA            KRISTINA|01:830:306:07|4.70|4.67|4.37|4.76|4.63|4.19|3.93|3.64|4.47|4.12
CHAPMAN             GHAPMAN|01:830:308:01|4.31|4.06|3.51|4.07|3.89|3.34|3.39|3.24|3.53|3.34
KUSNECOV            ALEX|01:830:310:01|4.46|4.29|4.38|4.35|3.88|4.02|4.37|4.20|4.14|4.04
TOMIE               ART|01:830:311:01|4.48|4.16|3.92|4.18|4.27|3.79|3.82|3.23|4.06|3.90|5.00|5.00|5.00
MATZEL              LOUIS|01:830:311:03|4.48|4.16|3.92|4.18|4.27|3.79|3.82|3.23|4.06|3.90
ROVEECOLLIER        CAROLYN|01:830:311:71|4.48|4.16|3.92|4.18|4.27|3.79|3.82|3.23|4.06|3.90
OTTO                TIMOTHY|01:830:313:02|3.83|4.17|3.98|4.13|3.89|3.41|4.01|3.66|3.73|3.77|5.00
ROSSIGEORGE         ALBA|01:830:313:05|3.83|4.17|3.98|4.13|3.89|3.41|4.01|3.66|3.73|3.77
JUSSIM              LEE|01:830:321:01|4.62|4.35|4.44|4.49|4.46|4.19|4.26|4.09|4.35|4.32
SANCHEZ             DIANA|01:830:321:02|4.62|4.35|4.44|4.49|4.46|4.19|4.26|4.09|4.35|4.32
SANCHEZ             DIANA|01:830:321:03|4.62|4.35|4.44|4.49|4.46|4.19|4.26|4.09|4.35|4.32|4.75|4.67|4.50|4.33
KILIANSKI           STEPHEN|01:830:321:08|4.62|4.35|4.44|4.49|4.46|4.19|4.26|4.09|4.35|4.32|4.67|4.33|5.00
KILIANSKI           STEPHEN|01:830:323:01|4.86|4.67|4.47|4.73|4.80|4.60|4.36|3.53|4.60|4.53
GOLDMAN             BINYAMIN|01:830:331:01|3.81|3.71|3.77|4.06|4.14|3.32|3.61|3.96|3.40|3.53|5.00|5.00
DOBROVDIMARCO       ILYSE|01:830:332:03|4.72|4.74|4.55|4.76|4.74|4.49|4.48|4.13|4.64|4.52
KNIGHT              JUWIETTE|01:830:333:05|4.33|4.59|4.48|4.72|4.39|4.23|4.16|4.05|4.32|4.30|4.80|4.50|4.50|4.50|4.50|4.00|4.00|4.00|4.00
KRAMER              DEIRDRE|01:830:335:01|4.32|4.32|3.85|4.40|4.17|3.72|3.71|3.56|3.83|3.72
ATWOOD              GEORGE|01:830:338:01|4.75|4.67|4.82|4.83|4.81|4.66|4.60|4.35|4.78|4.70|5.00
ATWOOD              GEORGE|01:830:338:02|4.75|4.67|4.82|4.83|4.81|4.66|4.60|4.35|4.78|4.70|5.00|5.00|5.00|5.00|5.00
FRIEDMAN            MICHAEL|01:830:340:01|4.65|4.73|4.70|4.73|4.61|4.47|4.56|4.26|4.59|4.60
FRIEDMAN            MICHAEL|01:830:340:02|4.65|4.73|4.70|4.73|4.61|4.47|4.56|4.26|4.59|4.60|5.00|5.00
ACKROFF             JOHN|01:830:340:07|4.65|4.73|4.70|4.73|4.61|4.47|4.56|4.26|4.59|4.60|5.00|5.00|5.00|5.00|5.00|5.00|5.00|5.00
STROMSWOLD          KARIN|01:830:353:01|4.63|4.78|4.39|4.91|4.42|4.22|4.34|3.69|4.44|4.34
AIELLO              JOHN|01:830:373:01|4.67|4.45|4.76|4.73|4.58|4.55|4.69|3.58|4.76|4.75
MCCARTHY            DANIELLE|01:830:377:01|4.72|4.67|4.18|4.70|4.57|4.11|4.14|3.73|4.28|4.18
CONTRADA            RICHARD|01:830:377:02|4.72|4.67|4.18|4.70|4.57|4.11|4.14|3.73|4.28|4.18|4.10|2.31|1.85|2.53|3.04|3.19|4.33
JAMES               CARLTON|01:830:393:01|4.47|4.67|4.50|4.69|4.62|4.38|4.51|4.57|4.39|4.42
KRAMER              DEIRDRE|01:830:393:71|4.47|4.67|4.50|4.69|4.62|4.38|4.51|4.57|4.39|4.42
ELIAS               MAURICE|01:830:394:01|4.51|4.76|4.71|4.83|4.59|4.47|4.41|3.88|4.63|4.50
KRAMER              DEIRDRE|01:830:396:02|4.60|4.48|4.47|4.52|4.36|4.21|4.55|4.46|4.26|4.43
HARRIS              SANDRA|01:830:396:04|4.60|4.48|4.47|4.52|4.36|4.21|4.55|4.46|4.26|4.43
HUDSON              JUDITH|01:830:396:07|4.60|4.48|4.47|4.52|4.36|4.21|4.55|4.46|4.26|4.43
KRAMER              DEIRDRE|01:830:397:02|4.56|4.67|4.78|4.78|5.00|4.78|4.75|4.89|4.67|4.78
HARRIS              SANDRA|01:830:397:04|4.56|4.67|4.78|4.78|5.00|4.78|4.75|4.89|4.67|4.78
LEYTON              MICHAEL|01:830:401:02|4.84|4.81|4.72|4.95|4.93|4.78|4.59|4.33|4.81|4.75|5.00|5.00|5.00|5.00|5.00
GLASS               ARNOLD|01:830:401:71|4.84|4.81|4.72|4.95|4.93|4.78|4.59|4.33|4.81|4.75
SCHUSTER            MARK|01:830:421:01|4.92|4.92|4.86|4.96|4.86|4.74|4.78|3.98|4.88|4.82
ELIAS               MAURICE|01:830:493:01|4.91|4.91|4.91|4.91|4.90|4.82|4.91|5.00|4.80|4.80
