MOSHENBERG          ORLY|01:563:101:01|4.00|3.55|3.60|3.50|3.90|3.68|3.77|4.18|3.64|3.62
BRYNNOIMAN          EDNA|01:563:101:02|4.00|3.55|3.60|3.50|3.90|3.68|3.77|4.18|3.64|3.62
LEVY                LILY|01:563:102:01|4.62|4.76|4.72|4.86|4.66|4.62|4.69|4.59|4.55|4.69
MOSHENBERG          ORLY|01:563:102:02|4.62|4.76|4.72|4.86|4.66|4.62|4.69|4.59|4.55|4.69
BRYNNOIMAN          EDNA|01:563:131:01|4.63|4.38|4.75|4.25|4.50|3.88|4.38|4.38|4.25|4.13
LEVY                LILY|01:563:132:01|5.00|5.00|4.95|4.95|4.89|4.89|4.79|4.89|4.89|4.84|5.00
DAVID               YOSSI|01:563:201:01|3.22|3.06|3.16|3.59|3.73|2.74|3.03|3.50|2.91|2.97
SINKOFF             NANCY|01:563:202:01|4.55|4.18|4.23|4.23|4.05|3.95|4.27|3.64|4.19|4.10
HANEBRINK           PAUL|01:563:261:01|4.90|4.57|4.76|4.70|4.52|4.43|4.76|4.30|4.64|4.64
MENDILOW            JONATHAN|01:563:300:01|4.02|3.85|4.15|4.00|3.94|3.81|4.22|4.35|3.83|3.91|5.00|5.00|5.00|5.00|5.00|5.00|5.00|5.00|5.00
YADGAR              YAACOV|01:563:310:01|4.09|4.36|4.09|4.40|3.40|3.36|3.64|3.64|3.82|3.82
REDL                NINA|01:563:312:01|4.75|4.75|4.50|4.83|4.83|4.33|4.17|3.75|4.42|4.08
YADGAR              YAACOV|01:563:352:01|4.53|4.72|4.11|4.74|3.89|3.89|4.11|4.00|4.16|3.89
LEVINE M|01:563:365:01|4.27|4.60|4.53|4.67|4.53|4.33|4.27|4.73|4.21|4.36
MOSHENBERG          ORLY|01:563:371:01|4.83|4.50|4.67|4.33|4.33|4.50|4.17|4.50|4.33|4.20
YADIN               AZZAN|01:563:394:01|4.67|4.56|4.67|4.44|4.56|4.56|4.89|4.78|4.67|4.78
SCHWARTZ            MARCUS|01:563:395:01|4.69|4.44|4.38|4.33|4.11|3.94|4.38|4.07|4.13|4.33
ZERUBAVEL           YAEL|01:563:395:02|4.69|4.44|4.38|4.33|4.11|3.94|4.38|4.07|4.13|4.33
WILHELM             CORNELIA|01:563:396:01|3.93|4.07|3.80|4.21|4.21|3.79|4.13|3.80|3.86|4.00
SPRACHMAN           PAUL|01:563:397:01|3.00|5.00|5.00|5.00|5.00|4.00|3.00|4.00|4.00|4.00
RENDSBURG           GARY|01:563:434:01|5.00|5.00|5.00|5.00|5.00|5.00|5.00|4.60|5.00|5.00
YADIN               AZZAN|01:563:464:01|4.50|4.00|4.17|3.67|4.00|3.67|4.00|4.14|3.86|3.71
