IWATANI             FUMIYO|01:565:101:01|4.68|4.30|4.53|4.38|4.41|4.25|4.57|4.62|4.45|4.44
SAKAGAMI            SHIZUKA|01:565:101:01|4.68|4.30|4.53|4.38|4.41|4.25|4.57|4.62|4.45|4.44
OHNISHI             KYOKO|01:565:101:02|4.68|4.30|4.53|4.38|4.41|4.25|4.57|4.62|4.45|4.44
OHNISHI             KYOKO|01:565:101:03|4.68|4.30|4.53|4.38|4.41|4.25|4.57|4.62|4.45|4.44
IWATANI             FUMIYO|01:565:101:04|4.68|4.30|4.53|4.38|4.41|4.25|4.57|4.62|4.45|4.44
HAWALKA             YASUKO|01:565:101:05|4.68|4.30|4.53|4.38|4.41|4.25|4.57|4.62|4.45|4.44
SAKAGAMI            SHIZUKA|01:565:101:06|4.68|4.30|4.53|4.38|4.41|4.25|4.57|4.62|4.45|4.44
SAKAGAMI            SHIZUKA|01:565:101:70|4.68|4.30|4.53|4.38|4.41|4.25|4.57|4.62|4.45|4.44
SAKAGAMI            SHIZUKA|01:565:201:01|4.85|4.65|4.62|4.66|4.73|4.65|4.76|4.75|4.59|4.62
HAWALKA             YASUKO|01:565:201:02|4.85|4.65|4.62|4.66|4.73|4.65|4.76|4.75|4.59|4.62
HAWALKA             YASUKO|01:565:201:03|4.85|4.65|4.62|4.66|4.73|4.65|4.76|4.75|4.59|4.62
BAXER               HARUMI|01:565:213:01|4.25|4.20|4.60|4.85|4.63|4.16|4.15|4.70|4.35|4.26
BAXER               HARUMI|01:565:301:01|4.02|4.12|4.31|4.42|4.14|4.14|4.33|4.77|4.12|4.07
KOJIMA              TSUNEKO|01:565:301:02|4.02|4.12|4.31|4.42|4.14|4.14|4.33|4.77|4.12|4.07
SAITO               SATORU|01:565:350:01|5.00|4.80|4.65|4.90|4.45|4.65|4.50|4.40|4.81|4.85
SCHALOW             PAUL|01:565:360:01|4.88|4.94|4.81|5.00|5.00|4.71|4.76|4.06|4.82|4.69
SAITO               SATORU|01:565:361:01|4.84|4.87|4.84|4.87|4.84|4.71|4.71|4.60|4.83|4.73
MAYNARD             SENKO|01:565:401:01|4.68|4.59|4.36|4.64|4.59|4.09|3.91|4.43|4.43|4.14
