PAPALI              GILBERT|01:640:001:20|4.13|3.26|3.71|3.75|4.08|3.58|3.65|2.42|3.75|3.71
REITMANN            JOHN|01:640:024:01|4.53|4.41|4.12|4.53|4.59|4.29|4.35|3.27|4.25|4.00|4.00|4.00|3.00|3.00|5.00|4.00|5.00|5.00|5.00
EVANS               JUDITH|01:640:025:01|4.31|4.09|3.91|3.94|4.36|3.86|4.11|2.53|4.15|3.85
REITMANN            JOHN|01:640:025:08|4.31|4.09|3.91|3.94|4.36|3.86|4.11|2.53|4.15|3.85
PAPALI              GILBERT|01:640:025:20|4.31|4.09|3.91|3.94|4.36|3.86|4.11|2.53|4.15|3.85
KINKHABWALA         RITA|01:640:026:01|4.57|4.29|4.18|4.32|4.27|4.02|3.95|2.69|4.21|3.94
ZADERMAN            YURI|01:640:026:02|4.57|4.29|4.18|4.32|4.27|4.02|3.95|2.69|4.21|3.94
ZADERMAN            YURI|01:640:026:04|4.57|4.29|4.18|4.32|4.27|4.02|3.95|2.69|4.21|3.94
DACOSTA|01:640:026:07|4.57|4.29|4.18|4.32|4.27|4.02|3.95|2.69|4.21|3.94
SAFRAN              STEVEN|01:640:026:08|4.57|4.29|4.18|4.32|4.27|4.02|3.95|2.69|4.21|3.94|4.86|4.83|4.83|4.83|4.83|4.83|4.83|4.80|4.80
SAFRAN              STEVEN|01:640:026:09|4.57|4.29|4.18|4.32|4.27|4.02|3.95|2.69|4.21|3.94|4.86
HIRSCH              LEWIS|01:640:026:10|4.57|4.29|4.18|4.32|4.27|4.02|3.95|2.69|4.21|3.94
HIRSCH              LEWIS|01:640:026:11|4.57|4.29|4.18|4.32|4.27|4.02|3.95|2.69|4.21|3.94
YACHES              EDGAR|01:640:026:12|4.57|4.29|4.18|4.32|4.27|4.02|3.95|2.69|4.21|3.94
WILLIAMS DAVID|01:640:026:15|4.57|4.29|4.18|4.32|4.27|4.02|3.95|2.69|4.21|3.94
PAPALI              GILBERT|01:640:026:16|4.57|4.29|4.18|4.32|4.27|4.02|3.95|2.69|4.21|3.94
AMODIO              JAMES|01:640:026:17|4.57|4.29|4.18|4.32|4.27|4.02|3.95|2.69|4.21|3.94|4.86|4.83|4.83|4.83|4.83|4.83|4.83
ARSZULOWICZ         STANLEY|01:640:026:19|4.57|4.29|4.18|4.32|4.27|4.02|3.95|2.69|4.21|3.94
MUKHERJEE           ARUN|01:640:026:22|4.57|4.29|4.18|4.32|4.27|4.02|3.95|2.69|4.21|3.94
FISHER              RANDOLPHA|01:640:026:23|4.57|4.29|4.18|4.32|4.27|4.02|3.95|2.69|4.21|3.94
COLLINS             ELIOT|01:640:026:24|4.57|4.29|4.18|4.32|4.27|4.02|3.95|2.69|4.21|3.94|4.86|4.83|4.83|4.83|4.83|4.83|4.83|4.80|4.80
DODD                JENNIFER|01:640:026:25|4.57|4.29|4.18|4.32|4.27|4.02|3.95|2.69|4.21|3.94|4.86|4.83|4.83|4.83|4.83|4.83|4.83|4.80|4.80
KLEIN               RICHARD|01:640:026:30|4.57|4.29|4.18|4.32|4.27|4.02|3.95|2.69|4.21|3.94|4.86|4.83|4.83|4.83|4.83|4.83|4.83|4.80|4.80
HOROWITZ|01:640:027:01|4.62|4.48|4.12|4.40|4.51|4.12|4.01|2.51|4.28|3.90|3.00
HOROWITZ            DIANA|01:640:027:02|4.62|4.48|4.12|4.40|4.51|4.12|4.01|2.51|4.28|3.90
JONES               MARGARET|01:640:027:04|4.62|4.48|4.12|4.40|4.51|4.12|4.01|2.51|4.28|3.90
JONES               MARGARET|01:640:027:05|4.62|4.48|4.12|4.40|4.51|4.12|4.01|2.51|4.28|3.90
COLLINS             ELIOT|01:640:027:07|4.62|4.48|4.12|4.40|4.51|4.12|4.01|2.51|4.28|3.90
MARVIN              MARY|01:640:103:01|4.48|4.26|4.06|4.43|4.41|4.12|3.74|2.42|4.24|3.86
BERKOWITZ           JERRY|01:640:103:02|4.48|4.26|4.06|4.43|4.41|4.12|3.74|2.42|4.24|3.86
SANDERSON           YASMINE|01:640:103:03|4.48|4.26|4.06|4.43|4.41|4.12|3.74|2.42|4.24|3.86|4.50
SANDERSON           YASMINE|01:640:103:04|4.48|4.26|4.06|4.43|4.41|4.12|3.74|2.42|4.24|3.86
NOONE               KEVIN|01:640:103:05|4.48|4.26|4.06|4.43|4.41|4.12|3.74|2.42|4.24|3.86
BERKOWITZ           JERRY|01:640:103:07|4.48|4.26|4.06|4.43|4.41|4.12|3.74|2.42|4.24|3.86
CORWIN              NATHAN|01:640:103:08|4.48|4.26|4.06|4.43|4.41|4.12|3.74|2.42|4.24|3.86
MARVIN              MARY|01:640:103:10|4.48|4.26|4.06|4.43|4.41|4.12|3.74|2.42|4.24|3.86
RAINSFORD           AUGUSTA|01:640:103:11|4.48|4.26|4.06|4.43|4.41|4.12|3.74|2.42|4.24|3.86|4.50
TEIXEIRA            KATIUSCIA|01:640:103:13|4.48|4.26|4.06|4.43|4.41|4.12|3.74|2.42|4.24|3.86
NOONE               KEVIN|01:640:103:14|4.48|4.26|4.06|4.43|4.41|4.12|3.74|2.42|4.24|3.86
ZADERMAN            YURI|01:640:111:00|4.48|4.41|4.21|4.49|4.37|4.15|4.03|3.00|4.28|4.05
SCHEIMAN            DAVID|01:640:111:00|4.48|4.41|4.21|4.49|4.37|4.15|4.03|3.00|4.28|4.05|4.50
ZADERMAN            YURI|01:640:111:00|4.48|4.41|4.21|4.49|4.37|4.15|4.03|3.00|4.28|4.05|4.50
SAFRAN              STEVEN|01:640:111:00|4.48|4.41|4.21|4.49|4.37|4.15|4.03|3.00|4.28|4.05|4.50
THRELFALL           SHAWN|01:640:111:06|4.48|4.41|4.21|4.49|4.37|4.15|4.03|3.00|4.28|4.05
KOTHARI             MAWGALA|01:640:111:07|4.48|4.41|4.21|4.49|4.37|4.15|4.03|3.00|4.28|4.05
CHEN                JESSICA|01:640:111:10|4.48|4.41|4.21|4.49|4.37|4.15|4.03|3.00|4.28|4.05|4.50|3.75|3.75|3.75|3.75|3.00|3.00|3.00|3.00
DEVLETIAN           DANIELLE|01:640:111:12|4.48|4.41|4.21|4.49|4.37|4.15|4.03|3.00|4.28|4.05
SOSA                JOSE|01:640:111:13|4.48|4.41|4.21|4.49|4.37|4.15|4.03|3.00|4.28|4.05|4.50|3.75|3.75|3.75|3.75|3.00|3.00|3.00|3.00
SOSA                JOSE|01:640:111:14|4.48|4.41|4.21|4.49|4.37|4.15|4.03|3.00|4.28|4.05|4.50
SOSA                JOSE|01:640:111:15|4.48|4.41|4.21|4.49|4.37|4.15|4.03|3.00|4.28|4.05
SCHEIMAN            DAVID|01:640:111:17|4.48|4.41|4.21|4.49|4.37|4.15|4.03|3.00|4.28|4.05
SCHEIMAN            DAVID|01:640:111:18|4.48|4.41|4.21|4.49|4.37|4.15|4.03|3.00|4.28|4.05|4.50
SCHEIMAN            DAVID|01:640:111:19|4.48|4.41|4.21|4.49|4.37|4.15|4.03|3.00|4.28|4.05|4.50
HOROWITZ            DIANA|01:640:112:00|4.34|4.22|3.90|4.31|4.03|3.85|3.91|2.88|4.11|3.87|4.38|4.00
PARKS               JOHN|01:640:112:00|4.34|4.22|3.90|4.31|4.03|3.85|3.91|2.88|4.11|3.87
PARKS               JOHN|01:640:112:00|4.34|4.22|3.90|4.31|4.03|3.85|3.91|2.88|4.11|3.87|4.38|4.00
SAFRAN              STEVEN|01:640:112:00|4.34|4.22|3.90|4.31|4.03|3.85|3.91|2.88|4.11|3.87
HOROWITZ            DIANA|01:640:112:00|4.34|4.22|3.90|4.31|4.03|3.85|3.91|2.88|4.11|3.87|4.38|4.00|3.00|3.00|3.00|3.00|3.00|3.00|4.00
KOTHARI             MANGALA|01:640:112:05|4.34|4.22|3.90|4.31|4.03|3.85|3.91|2.88|4.11|3.87
KOTHARI             MANGALA|01:640:112:06|4.34|4.22|3.90|4.31|4.03|3.85|3.91|2.88|4.11|3.87
KOTHARI             MANGALA|01:640:112:07|4.34|4.22|3.90|4.31|4.03|3.85|3.91|2.88|4.11|3.87
KOTHARI             MANGALA|01:640:112:08|4.34|4.22|3.90|4.31|4.03|3.85|3.91|2.88|4.11|3.87|4.38
KOTHARI             MANGALA|01:640:112:11|4.34|4.22|3.90|4.31|4.03|3.85|3.91|2.88|4.11|3.87
KOTHARI             MANGALA|01:640:112:12|4.34|4.22|3.90|4.31|4.03|3.85|3.91|2.88|4.11|3.87
KOTHARI             MANGALA|01:640:112:13|4.34|4.22|3.90|4.31|4.03|3.85|3.91|2.88|4.11|3.87
MATEESCU            VINCENT|01:640:112:14|4.34|4.22|3.90|4.31|4.03|3.85|3.91|2.88|4.11|3.87
MATEESCU            VINCENT|01:640:112:15|4.34|4.22|3.90|4.31|4.03|3.85|3.91|2.88|4.11|3.87
MATEESCU            VINCENT|01:640:112:16|4.34|4.22|3.90|4.31|4.03|3.85|3.91|2.88|4.11|3.87|4.38
YAN                 AMANDA|01:640:112:21|4.34|4.22|3.90|4.31|4.03|3.85|3.91|2.88|4.11|3.87|4.38
MATEESCU            VINCENT|01:640:112:23|4.34|4.22|3.90|4.31|4.03|3.85|3.91|2.88|4.11|3.87
MATEESCU            VINCENT|01:640:112:24|4.34|4.22|3.90|4.31|4.03|3.85|3.91|2.88|4.11|3.87|4.38
MATEESCU            VINCENT|01:640:112:25|4.34|4.22|3.90|4.31|4.03|3.85|3.91|2.88|4.11|3.87
LINDBOE             THERESA|01:640:115:00|4.40|4.27|4.09|4.36|4.25|3.93|3.94|2.88|4.16|3.80
KLEIN               RICHARD|01:640:115:00|4.40|4.27|4.09|4.36|4.25|3.93|3.94|2.88|4.16|3.80
KINKHABWALA         RITA|01:640:115:00|4.40|4.27|4.09|4.36|4.25|3.93|3.94|2.88|4.16|3.80
BRAVERMAN           HARVEY|01:640:115:00|4.40|4.27|4.09|4.36|4.25|3.93|3.94|2.88|4.16|3.80
URBANSKI            ROBERT|01:640:115:00|4.40|4.27|4.09|4.36|4.25|3.93|3.94|2.88|4.16|3.80|3.00
TAKHTOVICH          ANDREY|01:640:115:01|4.40|4.27|4.09|4.36|4.25|3.93|3.94|2.88|4.16|3.80
BRITZ               DAVID|01:640:115:02|4.40|4.27|4.09|4.36|4.25|3.93|3.94|2.88|4.16|3.80
BRITZ               DAVID|01:640:115:03|4.40|4.27|4.09|4.36|4.25|3.93|3.94|2.88|4.16|3.80
ZHAI                MO|01:640:115:09|4.40|4.27|4.09|4.36|4.25|3.93|3.94|2.88|4.16|3.80
BRITZ               DAVID|01:640:115:10|4.40|4.27|4.09|4.36|4.25|3.93|3.94|2.88|4.16|3.80
BRITZ               DAVID|01:640:115:11|4.40|4.27|4.09|4.36|4.25|3.93|3.94|2.88|4.16|3.80
MATEESCU            VINCENT|01:640:115:18|4.40|4.27|4.09|4.36|4.25|3.93|3.94|2.88|4.16|3.80
MATEESCU            VINCENT|01:640:115:19|4.40|4.27|4.09|4.36|4.25|3.93|3.94|2.88|4.16|3.80
MATEESCU            VINCENT|01:640:115:20|4.40|4.27|4.09|4.36|4.25|3.93|3.94|2.88|4.16|3.80
KABUS               IRWIN|01:640:135:00|4.50|4.37|4.16|4.46|4.37|4.11|4.09|3.20|4.31|4.02
NOONE               KEVIN|01:640:135:00|4.50|4.37|4.16|4.46|4.37|4.11|4.09|3.20|4.31|4.02
URBANSKI            ROBERT|01:640:135:00|4.50|4.37|4.16|4.46|4.37|4.11|4.09|3.20|4.31|4.02
KABUS               IRWIN|01:640:135:00|4.50|4.37|4.16|4.46|4.37|4.11|4.09|3.20|4.31|4.02
BRAVERMAN           HARVEY|01:640:135:00|4.50|4.37|4.16|4.46|4.37|4.11|4.09|3.20|4.31|4.02
NOONE               KEVIN|01:640:135:00|4.50|4.37|4.16|4.46|4.37|4.11|4.09|3.20|4.31|4.02|4.00|4.33|4.33
BERKOWITZ           JERRY|01:640:135:00|4.50|4.37|4.16|4.46|4.37|4.11|4.09|3.20|4.31|4.02|4.00|4.33|4.33|4.00|4.00|4.00|4.00|4.00|3.00
BERKOWITZ           JERRY|01:640:135:00|4.50|4.37|4.16|4.46|4.37|4.11|4.09|3.20|4.31|4.02
YVA                 YUAN|01:640:135:36|4.50|4.37|4.16|4.46|4.37|4.11|4.09|3.20|4.31|4.02
RAINSFORD           AUGUSTA|01:640:136:00|4.44|4.32|3.97|4.56|4.27|4.07|4.14|3.51|4.29|4.05|5.00
TEIXEIRA            KATIUSEIA|01:640:138:00|4.60|4.38|4.14|4.51|4.51|4.25|4.33|3.61|4.36|4.17|5.00
TEIXEIRA            KATIUSEIA|01:640:138:00|4.60|4.38|4.14|4.51|4.51|4.25|4.33|3.61|4.36|4.17
PETERSON|01:640:151:00|4.46|4.31|4.12|4.41|4.18|3.93|4.05|3.62|4.22|3.95|4.67|5.00|5.00|5.00|5.00|5.00|5.00|5.00|5.00
LIPPER              EDWARD|01:640:151:00|4.46|4.31|4.12|4.41|4.18|3.93|4.05|3.62|4.22|3.95
KNOP                FRIEDRICH|01:640:151:00|4.46|4.31|4.12|4.41|4.18|3.93|4.05|3.62|4.22|3.95
SCHEFFER            VLADIMIR|01:640:152:00|4.02|3.78|3.59|4.02|3.63|3.48|3.64|3.53|3.64|3.54|2.83|5.00|5.00|5.00|5.00|5.00|5.00|5.00|5.00
GREENFIELD STEPHEN|01:640:152:00|4.02|3.78|3.59|4.02|3.63|3.48|3.64|3.53|3.64|3.54
SOSA                JOSE|01:640:152:00|4.02|3.78|3.59|4.02|3.63|3.48|3.64|3.53|3.64|3.54
GREENFIELD STEPHEN|01:640:152:07|4.02|3.78|3.59|4.02|3.63|3.48|3.64|3.53|3.64|3.54
GOLDBERG|01:640:152:39|4.02|3.78|3.59|4.02|3.63|3.48|3.64|3.53|3.64|3.54
SOFFER|01:640:152:72|4.02|3.78|3.59|4.02|3.63|3.48|3.64|3.53|3.64|3.54
ROSENSTEIN          JOSEPH|01:640:197:01|4.56|4.56|3.78|4.78|4.11|4.33|4.50|3.67|4.44|3.89
SPEER|01:640:244:00|4.47|4.42|3.97|4.47|4.32|3.96|4.10|3.55|4.24|3.99
GAMEIRO|01:640:244:00|4.47|4.42|3.97|4.47|4.32|3.96|4.10|3.55|4.24|3.99|5.00|5.00|5.00|4.50|4.00|4.50|5.00|4.50|5.00
COOK|01:640:244:00|4.47|4.42|3.97|4.47|4.32|3.96|4.10|3.55|4.24|3.99|5.00|5.00|5.00|4.50|4.00|4.50|5.00|4.50|5.00
LIPPER|01:640:244:00|4.47|4.42|3.97|4.47|4.32|3.96|4.10|3.55|4.24|3.99
HANSON              DEREK|01:640:244:18|4.47|4.42|3.97|4.47|4.32|3.96|4.10|3.55|4.24|3.99
GONZALEZ|01:640:250:01|4.21|4.17|3.85|4.28|4.11|3.74|3.84|3.38|4.00|3.91
CHAN|01:640:250:02|4.21|4.17|3.85|4.28|4.11|3.74|3.84|3.38|4.00|3.91
SAHI|01:640:250:04|4.21|4.17|3.85|4.28|4.11|3.74|3.84|3.38|4.00|3.91
GONZALEZ|01:640:250:05|4.21|4.17|3.85|4.28|4.11|3.74|3.84|3.38|4.00|3.91
ZARACHNAK|01:640:250:07|4.21|4.17|3.85|4.28|4.11|3.74|3.84|3.38|4.00|3.91
PETRIE|01:640:250:08|4.21|4.17|3.85|4.28|4.11|3.74|3.84|3.38|4.00|3.91|4.67
BUMBY|01:640:250:11|4.21|4.17|3.85|4.28|4.11|3.74|3.84|3.38|4.00|3.91
SILLS|01:640:250:18|4.21|4.17|3.85|4.28|4.11|3.74|3.84|3.38|4.00|3.91|4.67|4.00|3.00|4.00|4.00|3.00|4.00|4.00|3.00
SAHI|01:640:250:21|4.21|4.17|3.85|4.28|4.11|3.74|3.84|3.38|4.00|3.91
COOK|01:640:251:00|4.42|4.43|4.13|4.52|4.29|4.08|4.09|3.71|4.26|4.05|5.00|5.00
IRVINE|01:640:251:00|4.42|4.43|4.13|4.52|4.29|4.08|4.09|3.71|4.26|4.05|5.00
IRVINE              WILLIAM|01:640:251:00|4.42|4.43|4.13|4.52|4.29|4.08|4.09|3.71|4.26|4.05
CORWIN|01:640:251:00|4.42|4.43|4.13|4.52|4.29|4.08|4.09|3.71|4.26|4.05|5.00
THANATIPONANDA|01:640:251:05|4.42|4.43|4.13|4.52|4.29|4.08|4.09|3.71|4.26|4.05
BAWTER              ANDREW|01:640:251:18|4.42|4.43|4.13|4.52|4.29|4.08|4.09|3.71|4.26|4.05
SHTELEN|01:640:252:01|4.56|4.47|3.96|4.53|4.37|4.00|4.11|4.11|4.33|4.07
SHTELEN             VLADIMIR|01:640:252:02|4.56|4.47|3.96|4.53|4.37|4.00|4.11|4.11|4.33|4.07
SHTELEN             VLADIMIR|01:640:252:08|4.56|4.47|3.96|4.53|4.37|4.00|4.11|4.11|4.33|4.07
TEIXEIVA            EDUARDO|01:640:292:01|4.44|4.44|4.44|4.78|4.38|4.00|4.33|4.22|4.22|4.33
ONAN                MICHAEL|01:640:300:02|4.54|4.24|4.07|4.31|4.20|4.07|4.25|4.00|4.30|4.08
BUTLER              TERENCE|01:640:300:04|4.54|4.24|4.07|4.31|4.20|4.07|4.25|4.00|4.30|4.08
CARBONE             LISA|01:640:300:05|4.54|4.24|4.07|4.31|4.20|4.07|4.25|4.00|4.30|4.08
SILLS               ANDREW|01:640:300:06|4.54|4.24|4.07|4.31|4.20|4.07|4.25|4.00|4.30|4.08
CARBONE             LISA|01:640:300:08|4.54|4.24|4.07|4.31|4.20|4.07|4.25|4.00|4.30|4.08
TEIXEIRA            EDUARDO|01:640:311:01|4.19|4.13|4.00|4.69|4.31|3.94|4.13|3.59|4.03|3.77
VASCONCELOS         WOLMER|01:640:311:03|4.19|4.13|4.00|4.69|4.31|3.94|4.13|3.59|4.03|3.77
BUMBY               RICHARD|01:640:311:05|4.19|4.13|4.00|4.69|4.31|3.94|4.13|3.59|4.03|3.77
MUNSHI              RITABRATA|01:640:348:01|4.45|4.36|4.36|4.45|4.64|4.09|4.27|4.36|4.45|4.27
HUANG YIZHI|01:640:350:01|3.94|3.78|3.17|4.28|4.12|3.22|3.72|3.72|3.83|3.72
ONAN                MICHAEL|01:640:351:01|4.93|4.67|4.53|4.60|4.47|4.60|4.67|4.20|4.67|4.60
MILANIC             MARTIN|01:640:354:01|4.42|4.33|4.19|4.45|4.11|3.95|4.04|3.49|4.02|4.04
VOGELIUS            MICHAEL|01:640:354:04|4.42|4.33|4.19|4.45|4.11|3.95|4.04|3.49|4.02|4.04
GOODMAN             ROE|01:640:357:01|5.00|4.88|4.71|4.82|4.76|4.47|4.35|3.53|4.65|4.35
VOGELIAS            MICHAEL|01:640:373:01|4.35|4.35|4.35|4.29|3.88|4.19|4.35|3.35|4.24|4.24
WHEEDEN             RICHARD|01:640:403:01|4.41|4.68|4.23|4.68|4.19|4.05|4.09|3.77|4.09|4.05
CARLEY              HOLLY|01:640:403:02|4.41|4.68|4.23|4.68|4.19|4.05|4.09|3.77|4.09|4.05
BAHRI               ABBAS|01:640:412:01|3.78|4.11|3.89|4.22|4.11|3.56|3.44|4.11|3.88|4.00
IRVINE              WILLIAM|01:640:421:01|4.18|4.19|3.97|4.33|4.18|3.97|4.14|3.74|4.05|3.86
LI                  YANYAN|01:640:421:02|4.18|4.19|3.97|4.33|4.18|3.97|4.14|3.74|4.05|3.86
HAN                 ZHENGCHAO|01:640:421:03|4.18|4.19|3.97|4.33|4.18|3.97|4.14|3.74|4.05|3.86
SOFFER              ARY|01:640:421:05|4.18|4.19|3.97|4.33|4.18|3.97|4.14|3.74|4.05|3.86
BRYAN               KURT|01:640:423:01|4.29|4.35|4.24|4.41|4.29|4.18|4.06|3.76|4.35|4.06
PREKOPA             ANDRAS|01:640:424:01|4.38|4.13|3.88|4.63|4.38|3.75|3.88|4.38|3.86|4.00
RETAKH              VLADIMIR|01:640:436:01|4.42|3.74|3.32|4.11|4.32|3.32|3.63|3.58|3.72|3.56
CHANILLO SAGAN|01:640:441:01|4.44|3.89|4.22|4.22|4.22|4.00|4.33|4.56|4.00|4.00
LEPOWSKY            JAMES|01:640:452:01|4.29|4.43|4.00|4.71|4.71|3.86|4.14|4.17|4.00|3.83
THOMAS SIMON|01:640:461:01|4.91|4.91|4.82|4.91|4.64|4.64|4.73|4.64|4.91|4.73
BUTLER|01:640:477:02|4.05|4.13|3.97|4.36|4.05|3.76|3.95|3.95|4.00|4.08
GUNDY|01:640:477:06|4.05|4.13|3.97|4.36|4.05|3.76|3.95|3.95|4.00|4.08
PETRIE|01:640:478:01|3.29|3.71|3.57|4.00|4.14|3.86|3.71|4.57|3.86|3.33
KIESSLING|01:640:481:01|3.95|3.65|3.25|3.75|3.40|3.05|3.40|3.15|3.26|3.16
WOODWARD|01:640:492:71|4.67|4.00|4.33|5.00|5.00|4.00|4.00|4.67|5.00|4.40
COHEN               AMY|01:640:495:91|4.13|3.80|3.67|4.00|3.80|3.27|3.20|4.47|3.50|3.14
