RODRIGUEZ           ROBYN|01:920:101:00|4.47|4.54|4.49|4.63|4.43|4.24|4.19|3.87|4.39|4.28|5.00|5.00|5.00|5.00|5.00|5.00|5.00|5.00|5.00
MCDOWELL            DOUG|01:920:101:00|4.47|4.54|4.49|4.63|4.43|4.24|4.19|3.87|4.39|4.28
BONDARDEREN         SUSAN|01:920:101:02|4.47|4.54|4.49|4.63|4.43|4.24|4.19|3.87|4.39|4.28
BONDARDEREN         SUSAN|01:920:101:04|4.47|4.54|4.49|4.63|4.43|4.24|4.19|3.87|4.39|4.28
BOODNARDEREN        SUSAN|01:920:101:06|4.47|4.54|4.49|4.63|4.43|4.24|4.19|3.87|4.39|4.28|5.00
SINGH               SOURABH|01:920:101:18|4.47|4.54|4.49|4.63|4.43|4.24|4.19|3.87|4.39|4.28
SINGH               SOURABH|01:920:101:20|4.47|4.54|4.49|4.63|4.43|4.24|4.19|3.87|4.39|4.28|5.00|5.00|5.00|5.00|5.00|5.00|5.00|5.00
SINGH               SOURABH|01:920:101:21|4.47|4.54|4.49|4.63|4.43|4.24|4.19|3.87|4.39|4.28|5.00|5.00|5.00|5.00|5.00|5.00|5.00|5.00|5.00
DEVINEELLER         AUDREY|01:920:101:24|4.47|4.54|4.49|4.63|4.43|4.24|4.19|3.87|4.39|4.28
LANG                JOHN|01:920:101:25|4.47|4.54|4.49|4.63|4.43|4.24|4.19|3.87|4.39|4.28|5.00
POROW               MONIQUE|01:920:101:26|4.47|4.54|4.49|4.63|4.43|4.24|4.19|3.87|4.39|4.28|5.00|5.00|5.00
LEE CATHERINE|01:920:108:01|4.40|4.14|4.13|4.19|4.27|3.86|3.92|3.57|4.12|4.03|3.67|3.67|3.75|3.67|3.67|3.67|3.67
HANSELL             STEPHEN|01:920:210:01|4.87|4.60|4.62|4.72|4.52|4.44|4.62|4.07|4.69|4.60|5.00|5.00
COVINGTON           JEANETTE|01:920:222:01|4.71|4.68|4.63|4.69|4.60|4.47|4.51|4.25|4.62|4.56
RECK                PAUL|01:920:222:04|4.71|4.68|4.63|4.69|4.60|4.47|4.51|4.25|4.62|4.56|4.90|4.83|4.80|4.80|4.80|5.00|5.00|4.67|5.00
VIGGIANO            THERESA|01:920:227:01|4.63|4.58|4.30|4.54|4.54|4.27|4.31|3.79|4.44|4.48|5.00
SPRINGER            KRISTEN|01:920:272:01|4.56|4.57|4.32|4.59|4.51|4.25|4.11|3.80|4.35|4.24
SINGH               SOURABH|01:920:304:06|4.19|4.31|4.16|4.27|4.00|3.82|3.90|4.08|3.94|3.95
KOVACS              MARY|01:920:304:07|4.19|4.31|4.16|4.27|4.00|3.82|3.90|4.08|3.94|3.95|5.00|5.00|5.00|5.00|5.00|5.00|5.00|5.00|5.00
SCHUSTER            SHERRIL|01:920:304:80|4.19|4.31|4.16|4.27|4.00|3.82|3.90|4.08|3.94|3.95
WINEBERG            HOWARD|01:920:306:01|4.23|4.40|4.42|4.34|4.34|4.21|4.17|3.90|4.25|4.23
RECK                PAUL|01:920:306:03|4.23|4.40|4.42|4.34|4.34|4.21|4.17|3.90|4.25|4.23|4.67
POROW               MONIQUE|01:920:306:04|4.23|4.40|4.42|4.34|4.34|4.21|4.17|3.90|4.25|4.23|4.67
CARELLI             LINDA|01:920:307:02|3.56|4.04|4.01|4.14|3.95|3.41|3.51|3.79|3.60|3.66
PHILLIPS            JULIE|01:920:311:00|4.16|4.25|3.94|4.39|4.03|3.75|3.63|3.28|3.95|3.73|4.33|4.67|4.33|4.33|4.00|4.00|4.00
FRIEDMAN            JUDITH|01:920:311:00|4.16|4.25|3.94|4.39|4.03|3.75|3.63|3.28|3.95|3.73
RUDEL               THOMAS|01:920:311:01|4.16|4.25|3.94|4.39|4.03|3.75|3.63|3.28|3.95|3.73
RUDEL               THOMAS|01:920:311:02|4.16|4.25|3.94|4.39|4.03|3.75|3.63|3.28|3.95|3.73
COHEN               LAURIE|01:920:311:03|4.16|4.25|3.94|4.39|4.03|3.75|3.63|3.28|3.95|3.73
COHEN               LAURIE|01:920:311:04|4.16|4.25|3.94|4.39|4.03|3.75|3.63|3.28|3.95|3.73|4.33|4.67|4.33|4.33
HOWELL              SANDRA|01:920:311:08|4.16|4.25|3.94|4.39|4.03|3.75|3.63|3.28|3.95|3.73
HOWELLWHITE         SANDY|01:920:312:00|4.19|4.34|4.21|4.71|4.57|4.10|3.81|3.22|4.09|3.91
LESCHZCHER          VANINA|01:920:313:01|4.27|4.26|3.96|4.35|4.22|3.83|3.86|3.32|4.07|3.90
LAPOINTE            ELEANOR|01:920:313:01|4.27|4.26|3.96|4.35|4.22|3.83|3.86|3.32|4.07|3.90
MITCHELL            ELIZABETH|01:920:313:07|4.27|4.26|3.96|4.35|4.22|3.83|3.86|3.32|4.07|3.90
MITCHELL            ELIZABETH|01:920:313:08|4.27|4.26|3.96|4.35|4.22|3.83|3.86|3.32|4.07|3.90|5.00
WILLIAMS RICHARD|01:920:314:00|4.52|4.49|4.43|4.59|4.47|4.27|4.33|3.80|4.46|4.23
DEGLOMA             THOMAS|01:920:314:01|4.52|4.49|4.43|4.59|4.47|4.27|4.33|3.80|4.46|4.23
MISCHE              ANN|01:920:314:01|4.52|4.49|4.43|4.59|4.47|4.27|4.33|3.80|4.46|4.23
MISCHE              ANN|01:920:314:02|4.52|4.49|4.43|4.59|4.47|4.27|4.33|3.80|4.46|4.23
DEGLOMA             TOM|01:920:314:02|4.52|4.49|4.43|4.59|4.47|4.27|4.33|3.80|4.46|4.23
MITCHELL            ELIZABETH|01:920:314:04|4.52|4.49|4.43|4.59|4.47|4.27|4.33|3.80|4.46|4.23|5.00
MITCHELL            ELIZABETH|01:920:314:05|4.52|4.49|4.43|4.59|4.47|4.27|4.33|3.80|4.46|4.23
VIGGIANO            THERESA|01:920:319:01|4.71|4.73|4.45|4.70|4.78|4.49|4.49|4.21|4.63|4.57
BASHI               VILNA|01:920:332:01|4.44|4.67|4.67|4.78|4.78|4.33|4.56|4.22|4.67|4.67
MCDOWELL|01:920:349:01|4.60|4.60|4.47|4.65|4.52|4.20|4.23|3.91|4.38|4.33|5.00
SCHUSTER            SHERRIL|01:920:354:01|4.40|3.80|4.00|3.87|3.93|3.60|4.07|3.87|3.67|3.60
RUDEL               TOM|01:920:359:01|4.70|4.89|4.78|5.00|4.67|4.78|4.60|3.60|4.80|4.60
COVINGTON|01:920:361:01|4.14|3.00|3.23|3.15|3.18|2.64|3.75|4.04|3.11|3.07
STEIN               ARLENE|01:920:398:71|4.47|4.78|4.58|4.71|4.79|4.61|4.28|3.59|4.50|4.33
WINEBERG            HOWARD|01:920:410:01|4.32|4.28|4.27|4.32|4.13|4.16|4.12|4.13|4.24|4.24
WINEBERG            HOWARD|01:920:410:80|4.32|4.28|4.27|4.32|4.13|4.16|4.12|4.13|4.24|4.24
MITCHELL            ELIZABETH|01:920:422:01|4.48|4.52|4.43|4.46|4.42|4.22|4.24|4.02|4.54|4.40
RODRIGUEZ           ROBIN|01:920:422:02|4.48|4.52|4.43|4.46|4.42|4.22|4.24|4.02|4.54|4.40
WILLIAMS RICHARD|01:920:422:05|4.48|4.52|4.43|4.46|4.42|4.22|4.24|4.02|4.54|4.40|5.00
FRIEDMAN            JUDITH|01:920:428:01|3.90|4.35|3.90|4.42|4.10|3.65|4.05|3.35|3.72|3.56
GERSON              JUDITH|01:920:498:01|5.00|5.00|5.00|5.00|5.00|5.00|5.00|5.00|5.00|5.00
