KOENICK             RUTHANNE|01:988:101:01|4.29|4.29|4.26|4.36|4.14|3.97|3.95|3.38|4.04|3.91
DONALDSON           KAZA|01:988:101:04|4.29|4.29|4.26|4.36|4.14|3.97|3.95|3.38|4.04|3.91
TANER               SASHA|01:988:101:05|4.29|4.29|4.26|4.36|4.14|3.97|3.95|3.38|4.04|3.91|4.69|4.63|3.33
RODGERS             YANA|01:988:101:08|4.29|4.29|4.26|4.36|4.14|3.97|3.95|3.38|4.04|3.91
HALL                MEREDITH|01:988:101:11|4.29|4.29|4.26|4.36|4.14|3.97|3.95|3.38|4.04|3.91|4.69|4.63|3.33|4.33|4.00|4.00
KREISEL             CYNTHIA|01:988:101:12|4.29|4.29|4.26|4.36|4.14|3.97|3.95|3.38|4.04|3.91|4.69|4.63|3.33|4.33|5.00|4.00|4.00|5.00|5.00
BODNARDEREN         SUSAN|01:988:101:13|4.29|4.29|4.26|4.36|4.14|3.97|3.95|3.38|4.04|3.91|4.69|4.63|3.33|4.33|5.00
SHANTZ              DIANE|01:988:130:03|4.42|4.39|4.32|4.58|4.45|4.18|3.94|3.05|4.32|3.82
SCHANTZ             DIANE|01:988:130:05|4.42|4.39|4.32|4.58|4.45|4.18|3.94|3.05|4.32|3.82
SHIN                YOUNGHWA|01:988:130:06|4.42|4.39|4.32|4.58|4.45|4.18|3.94|3.05|4.32|3.82
CATCHING            CHRISTOPHE|01:988:130:08|4.42|4.39|4.32|4.58|4.45|4.18|3.94|3.05|4.32|3.82
REYES               ROSANNA|01:988:130:09|4.42|4.39|4.32|4.58|4.45|4.18|3.94|3.05|4.32|3.82
SHIN                YOUNGHWA|01:988:130:10|4.42|4.39|4.32|4.58|4.45|4.18|3.94|3.05|4.32|3.82
DAVIDSON            HARRIET|01:988:130:12|4.42|4.39|4.32|4.58|4.45|4.18|3.94|3.05|4.32|3.82
AUBERT              DEBORAH|01:988:130:13|4.42|4.39|4.32|4.58|4.45|4.18|3.94|3.05|4.32|3.82|5.00
BALLIET             BARBARA|01:988:130:14|4.42|4.39|4.32|4.58|4.45|4.18|3.94|3.05|4.32|3.82
DAVIS MEREDITH|01:988:130:15|4.42|4.39|4.32|4.58|4.45|4.18|3.94|3.05|4.32|3.82
ADDISONBRITTO       SAUNDRA|01:988:130:22|4.42|4.39|4.32|4.58|4.45|4.18|3.94|3.05|4.32|3.82
RUCHTI              ELIZABETH|01:988:202:01|4.74|4.93|4.93|4.93|4.77|4.76|4.64|3.42|4.79|4.68
RAJAN               JULIE|01:988:202:02|4.74|4.93|4.93|4.93|4.77|4.76|4.64|3.42|4.79|4.68
LORENZEN            JANET|01:988:216:01|4.79|4.36|4.36|4.36|4.79|4.14|4.57|3.50|4.50|4.43
JACKSONBREWER       KARLA|01:988:235:01|4.73|4.97|4.91|4.85|4.85|4.82|4.82|4.06|4.82|4.65
MCORMICK            BRIAN|01:988:272:01|4.36|3.92|3.58|4.08|4.33|3.64|3.67|4.17|3.75|3.83
DECENA              CARLOS|01:988:280:01|4.40|4.57|4.60|4.73|4.47|4.47|4.29|4.14|4.43|4.47
NOWICKA             WANDA|01:988:303:01|3.39|3.21|3.63|4.08|4.17|3.04|3.33|3.58|2.83|2.92
TATE                G|01:988:306:00|5.00|5.00|5.00|4.50|4.50|4.50|4.75|4.00|4.50|4.50
CARTER              ROSLYN|01:988:307:01|4.00|3.86|3.90|3.86|3.27|3.35|3.63|3.69|3.62|3.51
MCKAY               DIANE|01:988:309:02|4.30|4.67|4.70|4.70|4.40|4.20|4.40|4.30|4.40|4.50|5.00|5.00|5.00|5.00|5.00
FIGUEIRA            T|01:988:320:01|4.50|4.50|4.00|4.50|4.50|3.50|4.00|4.00|4.50|4.00
ALEXANDERFLOYD      NICKOL|01:988:329:01|4.42|4.17|4.08|4.00|3.67|3.92|4.00|3.67|4.00|3.92
LUKIC               JASMINA|01:988:330:01|5.00|5.00|5.00|5.00|5.00|5.00|5.00|4.60|4.80|4.80
RUCHTI              ELIZABETH|01:988:341:01|4.67|4.57|4.76|4.86|4.87|4.63|4.60|4.57|4.67|4.74|5.00
HARTMAN             MARY|01:988:344:01|4.75|4.50|4.33|4.42|4.33|4.33|4.25|4.42|4.42|4.58|5.00|5.00|5.00|5.00|5.00|5.00|5.00|5.00
SCHUSTER            SHERRIL|01:988:354:01|4.18|3.45|3.82|3.45|3.73|3.60|4.00|3.91|3.55|3.64
SCHALOW             PAUL|01:988:360:01|4.50|4.50|4.50|5.00|4.75|4.50|4.50|4.00|4.50|4.50
OBRIEN              ROBERT|01:988:378:01|3.33|3.33|3.67|4.33|5.00|3.33|3.67|3.33|3.67|3.33
KING                ANNIE|01:988:383:01|5.00|5.00|5.00|5.00|5.00|5.00|5.00|5.00|5.00|5.00
SMITH               CAROL|01:988:386:01|4.50|4.50|4.14|4.25|4.38|3.63|3.25|3.75|4.00|3.88|4.00|3.00|3.00|5.00|5.00
GROSZ               ELIZABETH|01:988:398:01|4.79|4.74|4.28|4.47|4.00|3.84|4.26|4.00|4.05|4.12
RAJAN               JULIE|01:988:480:01|4.64|4.77|4.59|4.76|4.68|4.36|4.52|4.00|4.78|4.57
KALARAMADAM         VIDYA|01:988:482:01|4.10|4.60|4.20|4.70|4.00|3.80|3.70|4.50|3.80|3.60
BRAMNICK            P|01:988:491:01|4.00|4.00|3.60|4.09|3.90|3.40|3.30|4.20|3.40|3.50
RODGERS             YANA|01:988:497:01|5.00|5.00|5.00|5.00|5.00|5.00|5.00|5.00|5.00|5.00
