WELCH               MICHAEL|01:202:201:01|4.43|4.29|4.35|4.37|4.39|3.93|4.10|4.13|4.10|4.06
PAITAKES            JOHN|01:202:201:02|4.43|4.29|4.35|4.37|4.39|3.93|4.10|4.13|4.10|4.06
SZEJUER             ROBERT|01:202:201:03|4.43|4.29|4.35|4.37|4.39|3.93|4.10|4.13|4.10|4.06|4.00
KOHL                JAMES|01:202:202:01|4.67|4.57|4.38|4.54|4.21|4.04|4.28|4.18|4.25|4.24
WELCH               MICHAEL|01:202:203:01|4.42|4.13|4.39|4.31|4.11|3.99|4.22|4.11|4.18|4.11|5.00
ZGOBA|01:202:203:02|4.42|4.13|4.39|4.31|4.11|3.99|4.22|4.11|4.18|4.11
REISNER             RONALD|01:202:205:01|4.56|4.48|4.46|4.49|4.33|4.22|4.40|3.95|4.51|4.49|4.00
EMANUEL             MICHAEL|01:202:305:80|4.50|4.30|4.50|4.10|4.11|4.00|4.00|4.50|4.22|4.44
HINDS               LENNOX|01:202:309:01|4.95|4.90|5.00|5.00|4.90|4.90|4.85|4.55|5.00|4.89
SZEJNER             ROBERT|01:202:310:01|4.44|4.64|4.62|4.77|4.74|4.33|4.51|4.31|4.67|4.59|5.00|4.00|5.00|4.00|5.00|4.00|5.00|4.00|5.00
HINDS               LENNOX|01:202:311:01|4.81|4.77|4.77|4.77|4.73|4.67|4.77|4.43|4.80|4.79|5.00|5.00|5.00|5.00|5.00|5.00|5.00|5.00|5.00
CARR                PATRICK|01:202:322:01|4.68|4.68|4.32|4.45|4.49|4.15|4.43|4.28|4.38|4.32
DESIRE              MARK|01:202:327:01|4.81|4.68|4.89|4.86|4.74|4.64|4.66|4.55|4.75|4.71|5.00|5.00|5.00|5.00|5.00|5.00|5.00|5.00
DESIRE              MARK|01:202:405:01|4.89|4.82|4.92|4.90|4.88|4.87|4.90|4.76|4.94|4.89
FIELDS              ERICA|01:202:408:01|4.77|4.96|4.92|4.92|4.90|4.69|4.69|4.65|4.76|4.68|1.00|1.00|1.00
LISCHICK            CYNTHIA|01:202:422:80|4.61|4.72|4.61|4.61|4.33|4.39|4.33|3.56|4.28|4.28
MILLER LISA|01:202:425:01|4.75|4.75|4.69|4.88|4.50|4.31|4.38|3.80|4.44|4.44|5.00
ROBERTS             SZEJNER|01:202:496:01|4.58|4.52|4.52|4.70|4.45|4.32|4.32|4.07|4.61|4.39
