BELL                RUDY|01:506:113:01|4.51|4.36|4.30|4.44|4.22|4.09|4.09|3.66|4.29|4.17|2.50|2.50|4.00
RODEN               DON|01:506:113:01|4.51|4.36|4.30|4.44|4.22|4.09|4.09|3.66|4.29|4.17|2.50|2.50|4.00
ADAS                MICHAEL|01:506:202:01|4.03|4.49|4.32|4.55|4.18|3.95|4.07|4.05|3.96|4.01|5.00
SINKOFF             NANCY|01:506:272:01|4.70|4.70|4.30|4.20|4.10|3.70|3.90|3.22|4.10|3.50
IANNINI             CHRISTOPHE|01:506:328:01|4.44|4.75|4.22|4.56|4.67|4.44|4.00|3.22|4.33|3.89|4.75|3.00|3.00|3.50|3.75|4.75
CLEMENS             PAUL|01:506:329:01|4.84|4.84|4.66|4.82|4.61|4.50|4.54|4.24|4.78|4.30
TOWNSEND CAMILLA|01:506:329:02|4.84|4.84|4.66|4.82|4.61|4.50|4.54|4.24|4.78|4.30
MARKOWITZ           NORMAN|01:506:361:01|3.23|3.84|3.75|4.09|4.05|3.48|3.55|3.84|3.52|3.62|5.00
VARDALAS            JOHN|01:506:392:01|4.47|4.61|4.49|4.69|4.33|4.16|4.38|3.95|4.46|4.40
ADAS                MICHAEL|01:506:392:02|4.47|4.61|4.49|4.69|4.33|4.16|4.38|3.95|4.46|4.40|3.00|3.00|3.00|3.00|3.00|3.00|3.00|3.00
MATSUDA             MATT|01:506:402:02|4.74|4.76|4.63|4.79|4.64|4.49|4.51|3.94|4.69|4.52
NAPPI               CARLA|01:506:402:03|4.74|4.76|4.63|4.79|4.64|4.49|4.51|3.94|4.69|4.52
MORRISON            KARL|01:506:402:04|4.74|4.76|4.63|4.79|4.64|4.49|4.51|3.94|4.69|4.52
CHAMBERS JOHN|01:506:402:05|4.74|4.76|4.63|4.79|4.64|4.49|4.51|3.94|4.69|4.52
BELL                RUDOLPH|01:506:402:07|4.74|4.76|4.63|4.79|4.64|4.49|4.51|3.94|4.69|4.52
REED                JAMES|01:506:402:08|4.74|4.76|4.63|4.79|4.64|4.49|4.51|3.94|4.69|4.52
LIU                 XUN|01:506:402:11|4.74|4.76|4.63|4.79|4.64|4.49|4.51|3.94|4.69|4.52
KHALEK              NANCY|01:506:402:11|4.74|4.76|4.63|4.79|4.64|4.49|4.51|3.94|4.69|4.52
MULSOW              MARTIN|01:506:402:12|4.74|4.76|4.63|4.79|4.64|4.49|4.51|3.94|4.69|4.52
MATSUDA             MATT|01:506:496:01|4.83|4.83|4.58|4.83|4.57|4.63|4.87|4.96|4.78|4.61|5.00
MATSUDA             MATT|01:506:496:02|4.83|4.83|4.58|4.83|4.57|4.63|4.87|4.96|4.78|4.61
