KIM                 MIA|01:574:102:01|4.78|4.77|4.59|4.76|4.70|4.56|4.54|4.64|4.56|4.54
SUH KUMSIL|01:574:102:02|4.78|4.77|4.59|4.76|4.70|4.56|4.54|4.64|4.56|4.54|5.00|5.00|5.00|5.00|5.00|5.00|5.00|5.00|5.00
CHO                 JEONGSOOK|01:574:102:70|4.58|4.66|4.59|4.73|4.40|4.42|4.50|4.43|4.53|4.50
KANG                MINJI|01:574:202:01|4.58|4.66|4.59|4.73|4.40|4.42|4.50|4.43|4.53|4.50
CHOI ANN|01:574:221:01|4.31|4.67|3.94|4.56|4.67|3.87|4.13|3.81|3.93|4.07
CHO                 YOUNGMEE|01:574:250:01|4.37|4.37|4.68|4.50|3.89|4.26|4.37|4.11|4.28|4.06
KANG                MINJI|01:574:302:01|3.63|3.53|3.75|3.47|3.20|3.53|3.40|3.67|3.33|3.33
LEE MIHYE|01:574:402:01|4.71|4.93|4.71|4.86|4.93|4.71|4.79|4.71|4.86|4.64|5.00|5.00|5.00
CHOI ANN|01:574:411:01|4.36|4.73|4.67|4.88|4.56|4.50|4.47|3.81|4.73|4.53
CHO                 YOUNGMEE|01:574:496:01|4.36|4.73|4.67|4.88|4.56|4.50|4.47|3.81|4.73|4.53
