OBAYASHI HIROSHI|01:840:112:01|3.69|3.41|3.64|3.72|3.71|3.15|3.36|3.27|3.36|3.31|3.80|2.50|1.00|2.50|2.50|2.33|2.00|4.00
ROBERTSON           WARREN|01:840:201:02|4.15|3.88|4.10|4.46|4.21|3.83|3.77|4.05|3.90|3.88
HUFFMON             H|01:840:201:03|4.15|3.88|4.10|4.46|4.21|3.83|3.77|4.05|3.90|3.88
KOLBABA             TIA|01:840:202:01|4.76|4.49|4.52|4.52|4.30|4.29|4.50|4.22|4.54|4.34|5.00
GIBSON              L|01:840:202:02|4.76|4.49|4.52|4.52|4.30|4.29|4.50|4.22|4.54|4.34
GIBSON              L|01:840:202:03|4.76|4.49|4.52|4.52|4.30|4.29|4.50|4.22|4.54|4.34
PAVLIN              JAMES|01:840:203:01|4.66|4.68|4.14|4.59|4.52|4.17|4.36|4.45|4.45|4.50
MYLADIL             T|01:840:211:01|4.02|3.94|4.03|4.31|3.74|3.63|3.83|3.65|3.85|3.73|4.50|4.00|4.00|3.00|3.00|3.00|3.00|3.00|3.00
DEHGHANI            P|01:840:211:02|4.02|3.94|4.03|4.31|3.74|3.63|3.83|3.65|3.85|3.73
MYLADIL             T|01:840:211:03|4.02|3.94|4.03|4.31|3.74|3.63|3.83|3.65|3.85|3.73|4.50|4.00|4.00
DEHGHANI            P|01:840:211:04|4.02|3.94|4.03|4.31|3.74|3.63|3.83|3.65|3.85|3.73
ZAMANI              A|01:840:212:01|4.64|4.61|4.36|4.62|4.47|4.30|4.41|4.06|4.36|4.39|3.50|4.00|4.00
PAVLIN              J|01:840:212:02|4.64|4.61|4.36|4.62|4.47|4.30|4.41|4.06|4.36|4.39|3.50
BOWDEN              H|01:840:212:03|4.64|4.61|4.36|4.62|4.47|4.30|4.41|4.06|4.36|4.39
JONES               J|01:840:222:01|4.45|4.14|3.95|4.44|4.27|3.68|4.05|3.91|4.05|3.95
JOHNSON             J|01:840:240:01|4.57|4.60|4.11|4.58|4.47|3.91|4.08|3.97|4.35|4.17
HUFFMON             H|01:840:303:01|4.50|4.50|4.17|4.83|5.00|4.17|4.33|4.50|4.33|4.33
KOLBABA             T|01:840:312:01|4.69|4.82|4.65|4.76|4.41|4.47|4.59|4.13|4.71|4.47
BOWDEN              H|01:840:320:01|4.84|4.81|4.58|4.92|4.29|4.17|4.58|3.58|4.46|4.38
JIANG               T|01:840:323:01|4.65|4.50|4.47|4.74|4.56|4.11|4.33|4.00|4.47|4.50|3.00
MOJADDEDI JAWID|01:840:325:01|4.41|4.44|4.26|4.63|4.41|4.11|4.33|4.41|4.22|4.35|5.00
ZAMANI              A|01:840:326:01|4.24|4.14|3.97|4.23|4.00|3.77|4.03|4.20|3.83|3.71
MOJADDEDI JAWID|01:840:326:02|4.24|4.14|3.97|4.23|4.00|3.77|4.03|4.20|3.83|3.71
BRYANT              E|01:840:358:01|4.53|4.59|4.34|4.58|4.47|4.24|4.37|4.41|4.42|4.37
BRYANT              E|01:840:368:01|4.33|4.48|4.43|4.52|4.31|4.14|4.41|3.98|4.56|4.55
JIANG               T|01:840:423:01|4.88|4.88|4.78|5.00|5.00|4.89|4.67|4.56|5.00|4.63
JONES               JAMES|01:840:424:01|4.29|4.14|4.43|4.43|4.67|4.29|4.43|3.86|4.86|4.57
