BALM                ROGER|01:450:100:01|4.73|4.65|4.29|4.60|4.25|4.21|4.12|3.49|4.45|4.22
CRAGHAN             MICHAEL|01:450:101:01|4.18|3.92|3.87|4.05|3.91|3.53|3.57|3.10|3.66|3.55|3.00|3.00|3.00
HORDON              ROBERT|01:450:211:01|4.33|4.42|4.43|4.72|4.25|4.06|4.16|3.58|4.39|4.16
MITCHELL            JAMES|01:450:262:01|4.63|4.19|3.69|4.44|4.38|3.38|3.75|3.38|3.60|3.63
LEICHENKO           ROBIN|01:450:309:01|4.55|4.55|4.41|4.64|4.71|4.41|4.45|4.19|4.37|4.39|5.00
HORDON              ROBERT|01:450:320:01|4.32|4.32|4.00|4.63|4.68|4.05|3.68|3.05|3.94|3.83|4.00
MITCHELL            JAMES|01:450:334:01|4.80|4.55|4.30|4.35|4.35|4.05|4.35|4.30|4.25|4.21
SCHROEDER           RICHARD|01:450:338:01|4.79|4.82|4.64|4.74|4.27|4.46|4.54|3.85|4.64|4.50
SCHROEDER           RICHARD|01:450:419:01|4.90|4.60|4.60|4.80|4.78|4.50|4.60|4.10|4.67|4.33
SCHNEIDER           LAURA|01:450:421:01|4.60|4.60|5.00|4.60|4.67|4.80|4.60|4.60|4.60|4.33
STMARTIN KEVIN|01:450:470:01|4.76|4.52|4.48|4.48|4.45|4.38|4.57|3.76|4.70|4.35
