DEPRINCE CATHERINE|01:560:101:01|4.68|4.74|4.79|4.85|4.81|4.63|4.71|4.45|4.61|4.59
BELLORIO            GABRIELLA|01:560:101:02|4.68|4.74|4.79|4.85|4.81|4.63|4.71|4.45|4.61|4.59
COSTANZO            SAMANTHA|01:560:101:03|4.68|4.74|4.79|4.85|4.81|4.63|4.71|4.45|4.61|4.59|5.00|5.00|5.00|5.00|5.00
BELLORIO            GABRIELLA|01:560:101:04|4.68|4.74|4.79|4.85|4.81|4.63|4.71|4.45|4.61|4.59
DEBEVOISE           DAVID|01:560:101:22|4.68|4.74|4.79|4.85|4.81|4.63|4.71|4.45|4.61|4.59|5.00|5.00|5.00|5.00|5.00
LAPENTA             KATHLEEN|01:560:102:01|4.57|4.63|4.62|4.73|4.69|4.43|4.51|4.37|4.47|4.36
DEBEVOISE           DAVID|01:560:102:02|4.57|4.63|4.62|4.73|4.69|4.43|4.51|4.37|4.47|4.36
RUSNAK              MATTHEW|01:560:102:22|4.57|4.63|4.62|4.73|4.69|4.43|4.51|4.37|4.47|4.36
METALLO             CLAUDINE|01:560:102:23|4.57|4.63|4.62|4.73|4.69|4.43|4.51|4.37|4.47|4.36
COSTANZO            SAMANTHA|01:560:102:24|4.57|4.63|4.62|4.73|4.69|4.43|4.51|4.37|4.47|4.36|5.00|5.00|5.00|5.00|5.00
DEFEO               DANIELE|01:560:132:01|4.78|4.92|4.70|4.79|4.45|4.57|4.71|4.78|4.70|4.59
DEFEO               DANIELE|01:560:132:22|4.78|4.92|4.70|4.79|4.45|4.57|4.71|4.78|4.70|4.59
MARSH               DAVID|01:560:232:01|4.44|4.48|4.55|4.53|4.45|4.40|4.30|4.47|4.64|4.63|5.00
BALENA              OTTAVIO|01:560:305:22|4.50|4.64|4.86|4.79|4.86|4.50|4.57|4.29|4.33|4.33
MARIANI             ANNACHIARA|01:560:306:01|5.00|5.00|4.67|5.00|4.88|4.67|4.78|4.67|4.89|4.78
BELLORIO            GABRIELLA|01:560:322:01|4.57|4.76|4.48|4.71|4.76|4.48|4.48|4.67|4.43|4.40
RAUCCI              FERNANDO|01:560:336:01|4.56|4.56|4.83|4.79|4.72|4.53|4.63|4.37|4.37|4.53
LABATE              ADDOLORATA|01:560:339:01|3.13|3.80|3.60|4.20|4.33|3.13|3.27|4.07|3.50|3.47
WATERS              SANDY|01:560:346:02|4.87|4.76|4.81|4.90|4.76|4.73|4.63|4.12|4.77|4.63|4.64|3.60|4.27|4.18|4.50|4.27|4.70|3.50|3.00
WATERS              SANDY|01:560:346:03|4.87|4.76|4.81|4.90|4.76|4.73|4.63|4.12|4.77|4.63|4.64|3.60|4.27|4.18|4.50|4.27|4.70|3.50|3.00
LEAKE|01:560:348:01|5.00|5.00|5.00|5.00|5.00|4.83|5.00|4.67|5.00|5.00
