MONTEVERDE          DONALD|01:460:100:02|4.52|4.25|4.03|4.44|4.33|3.89|3.79|2.81|4.14|3.95|3.37|2.67
SCHLISCHE           ROY|01:460:100:03|4.52|4.25|4.03|4.44|4.33|3.89|3.79|2.81|4.14|3.95
FEIGENSON           MARK|01:460:100:04|4.52|4.25|4.03|4.44|4.33|3.89|3.79|2.81|4.14|3.95|3.37|2.67|2.64|2.01|4.00|4.00|4.33|4.00|4.00
BROWNING            JAMES|01:460:100:05|4.52|4.25|4.03|4.44|4.33|3.89|3.79|2.81|4.14|3.95|4.33
BEMIS               KAREN|01:460:100:07|4.52|4.25|4.03|4.44|4.33|3.89|3.79|2.81|4.14|3.95|3.37|2.67|2.64|2.01|4.00|4.00|4.33|4.00|4.00
SWISHER             CARL|01:460:101:03|4.63|4.68|4.29|4.59|4.55|4.22|4.29|3.41|4.43|4.32
RONA                PETER|01:460:120:01|4.63|4.58|4.25|4.83|4.71|3.58|3.63|3.21|4.21|3.92
SUGARMAN            PETER|01:460:202:01|4.63|4.44|4.13|4.54|4.45|4.04|3.99|3.30|4.33|4.19
MCGHEE              GEORGE|01:460:206:01|4.75|3.84|3.94|4.07|4.14|3.57|3.83|3.40|4.00|3.79
KENT                DENNIS|01:460:212:01|4.62|4.31|4.13|4.49|4.49|4.16|4.18|3.38|4.36|4.26
DELANEY             JERRY|01:460:301:01|3.75|4.17|3.09|4.42|4.00|3.50|3.75|3.00|3.58|3.50
MCGHEE              GEORGE|01:460:303:01|4.56|4.44|4.18|4.25|4.38|4.18|4.50|3.81|4.33|4.47
AUBRY               MARIEP|01:460:305:01|4.75|5.00|5.00|5.00|4.71|4.75|4.75|4.25|4.88|4.75
FEIBEL              CRAIG|01:460:330:01|4.75|4.75|4.56|4.81|4.81|4.69|4.63|4.00|4.67|4.60
ASHLEY              GAIL|01:460:340:01|4.00|4.28|3.94|4.39|4.33|3.78|4.06|4.00|4.06|4.17
WITHJACK            MARTHA|01:460:410:01|3.67|2.73|3.07|2.73|2.87|2.47|3.00|3.80|2.73|1.93
SCHLISCHE           ROY|01:460:410:01|3.67|2.73|3.07|2.73|2.87|2.47|3.00|3.80|2.73|1.93
MOUNTAIN            GREGORY|01:460:412:01|4.67|4.45|4.25|5.00|4.58|3.73|4.27|3.55|4.27|4.18|3.43|2.57|4.43|4.14|2.71
