KAPLOWITZ           SUSAN|01:377:140:01|4.29|4.26|4.37|4.20|4.11|4.09|4.00|4.35|4.13|4.08
KAPLOWITZ           SUSAN|01:377:140:02|4.29|4.26|4.37|4.20|4.11|4.09|4.00|4.35|4.13|4.08
HUNT                JOANNE|01:377:140:03|4.29|4.26|4.37|4.20|4.11|4.09|4.00|4.35|4.13|4.08
HUNT                JOANNE|01:377:140:04|4.29|4.26|4.37|4.20|4.11|4.09|4.00|4.35|4.13|4.08
DIFABIO             DAVE|01:377:170:01|4.79|4.88|4.75|4.88|4.79|4.78|4.75|4.82|4.75|4.77|5.00|5.00|5.00|5.00|5.00|5.00
GLADIS              KATHLEEN|01:377:191:01|4.74|4.69|4.78|4.76|4.68|4.74|4.66|4.33|4.85|4.81
GLADIS              KATHLEEN|01:377:191:02|4.74|4.69|4.78|4.76|4.68|4.74|4.66|4.33|4.85|4.81
BYRDVAUGHN          MIKYLE|01:377:213:00|4.74|4.82|4.66|4.85|4.65|4.46|4.75|4.69|4.60|4.67
DIVINE              ADAM|01:377:213:01|4.74|4.82|4.66|4.85|4.65|4.46|4.75|4.69|4.60|4.67
DIVINE              ADAM|01:377:213:02|4.74|4.82|4.66|4.85|4.65|4.46|4.75|4.69|4.60|4.67
DIVINE              ADAM|01:377:213:03|4.74|4.82|4.66|4.85|4.65|4.46|4.75|4.69|4.60|4.67
DYETT               ANDELL|01:377:213:04|4.74|4.82|4.66|4.85|4.65|4.46|4.75|4.69|4.60|4.67
DYETT               ANDELL|01:377:213:05|4.74|4.82|4.66|4.85|4.65|4.46|4.75|4.69|4.60|4.67
DIVINE              ADAM|01:377:213:06|4.74|4.82|4.66|4.85|4.65|4.46|4.75|4.69|4.60|4.67
DIVINE              ADAM|01:377:213:07|4.74|4.82|4.66|4.85|4.65|4.46|4.75|4.69|4.60|4.67
FEIGLEY             DAVID|01:377:275:01|4.71|4.68|4.45|4.70|4.53|4.16|4.41|3.08|4.32|4.14|4.00
DOEMLAND            JULIA|01:377:301:01|4.71|4.67|4.40|4.59|4.45|4.24|4.15|3.90|4.31|4.22
DANDREA             CHRIS|01:377:303:01|4.30|4.16|4.28|4.49|4.16|3.82|3.93|4.00|3.89|3.84
KAPLOWITZ           SUSAN|01:377:304:01|3.93|4.00|4.10|4.07|3.74|3.69|3.76|3.62|3.71|3.59
DOEMLAND            JULIA|01:377:305:01|4.49|4.13|4.15|4.15|4.07|4.16|3.89|3.70|4.04|3.91
DOEMLAND            JULIA|01:377:305:02|4.49|4.13|4.15|4.15|4.07|4.16|3.89|3.70|4.04|3.91
KAPLOWITZ           SUSAN|01:377:310:01|3.81|3.76|3.51|3.95|3.65|3.27|3.56|3.71|3.25|3.20|5.00|5.00|5.00|5.00
FINKELSTEIN         MYRON|01:377:311:01|4.71|4.81|4.67|4.90|4.81|4.48|4.67|4.57|4.58|4.63
SHARKEY             LINDA|01:377:312:01|4.65|4.59|4.47|4.71|4.60|4.19|3.94|3.65|4.35|4.06
ROSENWASSER         MARIAN|01:377:317:01|4.91|4.82|4.86|4.95|4.95|4.91|4.77|4.40|4.91|4.95
DOUGHERTY           NEIL|01:377:320:01|4.61|4.36|4.22|4.04|4.02|3.91|4.13|3.52|4.17|4.11
DOUGHERTY           NEIL|01:377:320:02|4.61|4.36|4.22|4.04|4.02|3.91|4.13|3.52|4.17|4.11
DOUGHERTY           NEIL|01:377:323:01|4.80|4.24|4.30|3.86|3.55|3.98|4.18|3.86|4.13|4.20
DOUGHERTY           NEIL|01:377:323:02|4.80|4.24|4.30|3.86|3.55|3.98|4.18|3.86|4.13|4.20
SHARKEY             LINDA|01:377:324:01|4.25|4.53|4.48|4.74|4.47|4.16|4.29|3.79|4.21|4.05
SHARKEY             LINDA|01:377:324:02|4.25|4.53|4.48|4.74|4.47|4.16|4.29|3.79|4.21|4.05
SHARKEY             LINDA|01:377:327:01|4.17|4.40|4.83|4.50|4.00|4.60|4.50|4.40|4.80|4.60
ROSENWASSER         MARIAN|01:377:330:01|4.88|4.84|4.80|4.90|4.92|4.76|4.65|4.14|4.81|4.79
ROSENWASSER         MARIAN|01:377:330:02|4.88|4.84|4.80|4.90|4.92|4.76|4.65|4.14|4.81|4.79
ROSENWASSER         MARIAN|01:377:331:01|4.95|4.95|4.90|5.00|4.90|4.81|4.67|4.48|4.90|4.90
ADAMSKI             M I ELE|01:377:346:01|4.52|4.73|4.74|4.78|4.57|4.55|4.52|4.35|4.55|4.62
MANFREDONIA         EMIL|01:377:350:01|4.35|4.53|4.41|4.71|4.71|4.29|4.29|4.29|4.24|4.12
ARENT               SHAWN|01:377:370:01|4.92|4.76|4.80|4.76|4.45|4.57|4.67|4.57|4.77|4.68|5.00
PELLEGRINO          JOSEPH|01:377:371:01|4.41|4.60|4.56|4.74|4.21|4.32|4.55|4.44|4.39|4.34
PELLEGRINO          JOSEPH|01:377:371:02|4.41|4.60|4.56|4.74|4.21|4.32|4.55|4.44|4.39|4.34
EPSTEIN             MERYL|01:377:371:03|4.41|4.60|4.56|4.74|4.21|4.32|4.55|4.44|4.39|4.34
PELLEGRINO          JOSEPH|01:377:371:04|4.41|4.60|4.56|4.74|4.21|4.32|4.55|4.44|4.39|4.34
EPSTEIN             MERYL|01:377:371:05|4.41|4.60|4.56|4.74|4.21|4.32|4.55|4.44|4.39|4.34
EPSTEIN             MERYL|01:377:371:06|4.41|4.60|4.56|4.74|4.21|4.32|4.55|4.44|4.39|4.34
FINKELSTEIN         MYRON|01:377:406:02|4.62|4.64|4.57|4.67|4.66|4.40|4.37|4.17|4.54|4.47
COLLINCINI          GERRY|01:377:406:03|4.62|4.64|4.57|4.67|4.66|4.40|4.37|4.17|4.54|4.47
FINKELSTEIN         MYRON|01:377:412:01|5.00|5.00|5.00|5.00|5.00|5.00|5.00|4.89|5.00|5.00
FEIGLEY             D|01:377:413:01|5.00|5.00|5.00|5.00|5.00|5.00|5.00|3.25|5.00|5.00
ARENT               S|01:377:480:01|5.00|4.83|5.00|5.00|4.83|4.83|4.83|4.33|5.00|5.00
SADLEY              CAROL|01:377:496:01|5.00|5.00|4.94|5.00|5.00|4.94|4.94|4.00|5.00|4.94
