DIEHL               EMILY|01:860:101:01|4.92|4.83|4.96|4.96|4.92|4.79|4.79|4.92|4.83|4.78|3.71|3.71|3.14|3.47|4.00
DIEHL               EMILY|01:860:101:02|4.92|4.83|4.96|4.96|4.92|4.79|4.79|4.92|4.83|4.78|3.71|3.71|3.14|3.47
MEDVEDEVA           NATALIE|01:860:107:01|4.47|4.26|4.39|4.71|4.38|4.21|4.42|4.40|4.41|4.28
MEDVEDEVA           NATALIE|01:860:107:02|4.47|4.26|4.39|4.71|4.38|4.21|4.42|4.40|4.41|4.28
RUSANOVAMCCOY       SVETLANA|01:860:201:01|4.29|4.19|4.14|4.19|4.43|4.05|4.19|4.57|4.10|4.11
RUSANOVAMCCOY       SVETLANA|01:860:201:02|4.29|4.19|4.14|4.19|4.43|4.05|4.19|4.57|4.10|4.11
MCCOYRUSANOVA       SVETLANA|01:860:203:01|4.38|4.63|4.25|4.63|4.80|4.25|4.13|4.13|4.50|4.43
PIROG               GERALD|01:860:205:01|4.89|5.00|4.56|5.00|4.67|4.11|4.56|4.33|4.56|4.56
MCCOYRUSANOVA       SVETLANA|01:860:301:01|3.67|4.78|4.22|4.89|4.78|4.11|3.67|4.56|4.11|4.11
AVINS               CAROL|01:860:320:01|5.00|4.67|4.67|5.00|5.00|5.00|5.00|4.67|5.00|5.00
PIROG               GERALD|01:860:335:01|4.85|4.85|4.85|4.77|4.92|4.62|4.69|4.15|4.82|4.73
BOGOMOLNY           SVETLANA|01:860:401:01|5.00|4.75|4.63|4.88|5.00|4.63|4.75|4.88|4.75|4.63
