SELLWOOD            JEREMY|01:750:109:01|4.73|4.19|4.38|4.39|4.53|4.03|4.25|3.69|4.35|4.31|4.40|3.89|4.24|4.40|4.61|3.59|4.45|4.51|4.55
PIATEK              SLAWOMIR|01:750:109:02|4.73|4.19|4.38|4.39|4.53|4.03|4.25|3.69|4.35|4.31|4.40|3.89|4.24|4.40|4.61|3.59
GAWISER             ERIC|01:750:110:01|4.75|4.77|4.57|4.78|4.55|4.29|4.31|3.68|4.47|4.37|4.95|4.25|4.40|4.49|4.63|3.78|5.00|5.00|5.00
BRAHMIA             SUZANNE|01:750:115:00|4.77|4.69|4.63|4.59|4.46|4.40|4.54|4.38|4.63|4.56|4.98|3.97|4.15|3.78|4.55|3.98|4.67|5.00|5.00
FORTIN              JEANFRANCI|01:750:115:73|4.56|4.55|4.49|4.59|4.73|4.47|4.50|4.23|4.61|4.57|4.75|4.31
APRATIM             MANJUL|01:750:115:78|4.56|4.55|4.49|4.59|4.73|4.47|4.50|4.23|4.61|4.57|4.75|4.31
MADEY               THEODORE|01:750:123:00|4.80|4.52|4.66|4.66|4.48|4.52|4.22|4.14|4.64|4.47|4.97|3.70|4.29|4.00|4.66|3.78
MADEY               THEODORE|01:750:123:00|4.80|4.52|4.66|4.66|4.48|4.52|4.22|4.14|4.64|4.47|4.97|3.70|4.29|4.00|4.66|3.78|3.00|5.00|5.00
LANGRETH            DAVID|01:750:123:01|3.98|3.68|3.59|3.98|4.08|3.45|3.57|3.72|3.60|3.77|3.58|3.37|4.00|3.50|3.40|3.20|3.40|3.20|3.67
KOLLER              NOEMIE|01:750:123:02|3.98|3.68|3.59|3.98|4.08|3.45|3.57|3.72|3.60|3.77|3.58|3.37|4.00|3.50|3.40|3.20|3.40|3.20|3.67
LANGRETH            DAVID|01:750:123:03|3.98|3.68|3.59|3.98|4.08|3.45|3.57|3.72|3.60|3.77|3.58|3.37
KOLLER              NOEMIE|01:750:123:17|3.98|3.68|3.59|3.98|4.08|3.45|3.57|3.72|3.60|3.77|3.58|3.37|4.00|3.50|3.40|3.20|3.40|3.20|3.67
KOLLER               NOEMIE|01:750:123:21|3.98|3.68|3.59|3.98|4.08|3.45|3.57|3.72|3.60|3.77|3.58|3.37
LEATH               PAUL|01:750:161:00|3.97|3.84|3.39|4.11|4.08|3.11|3.05|2.76|3.29|3.08|4.82|3.55|3.45|3.58|3.95|4.20
KLOET               WILLEM|01:750:161:07|4.47|4.34|4.04|4.63|4.66|4.20|3.71|2.66|4.30|3.59|4.52|3.55|5.00
GENTILE             MICHAEL|01:750:193:00|4.47|4.68|4.31|4.65|4.47|4.08|3.83|3.05|4.29|3.94|4.92|3.12|3.61|3.48|3.63|3.51
FLAKKER             JAMES|01:750:193:01|4.52|4.51|4.33|4.62|4.29|4.19|4.02|3.12|4.40|3.96|4.77|3.96|4.14
BLACKMAN            MATTHEW|01:750:193:03|4.37|4.41|3.99|4.50|4.37|4.01|3.81|3.11|4.19|3.88|4.25|3.43
BUGGE               DANIELLE|01:750:193:04|4.37|4.41|3.99|4.50|4.37|4.01|3.81|3.11|4.19|3.88|4.25|3.43
MIRJI               MADHUR|01:750:193:08|4.37|4.41|3.99|4.50|4.37|4.01|3.81|3.11|4.19|3.88|4.25|3.43
MIRJI               MADHUR|01:750:193:09|4.37|4.41|3.99|4.50|4.37|4.01|3.81|3.11|4.19|3.88|4.25|3.43
GENTILE             MICHAEL|01:750:193:20|4.52|4.51|4.33|4.62|4.29|4.19|4.02|3.12|4.40|3.96|4.77|3.96|4.14|3.74|2.89|3.63|3.43
LAGUNZAD            LINDA|01:750:193:22|4.52|4.51|4.33|4.62|4.29|4.19|4.02|3.12|4.40|3.96|4.77|3.96|4.14|3.74|2.89|3.63|3.43
FLAKKER             JAMES|01:750:193:23|4.52|4.51|4.33|4.62|4.29|4.19|4.02|3.12|4.40|3.96|4.77|3.96|4.14|3.74|2.89|3.63|3.43|3.86|5.00
OMALLEY             PATRICK|01:750:193:24|4.52|4.51|4.33|4.62|4.29|4.19|4.02|3.12|4.40|3.96|4.77|3.96|4.14|3.74|2.89|3.63|3.43|3.86
GENTILE             MICHAEL|01:750:193:28|4.37|4.41|3.99|4.50|4.37|4.01|3.81|3.11|4.19|3.88|4.25|3.43|3.67|3.33|3.09|3.82|2.91|4.00
LAGUNZAD            LINDA|01:750:193:30|4.52|4.51|4.33|4.62|4.29|4.19|4.02|3.12|4.40|3.96|4.77|3.96|4.14|3.74|2.89|3.63|3.43|3.86
BRAHMIA             A|01:750:202:00|5.00|4.93|4.93|4.91|4.89|4.98|4.89|4.17|4.91|4.87|4.98|4.00|4.50|4.66|4.80|3.88
HORTON              GEORGE|01:750:203:00|4.26|4.02|4.31|4.44|3.96|3.85|3.88|3.50|3.82|3.78|4.66|3.78|3.73|3.86|4.44|3.77
HORTON              GEORGE|01:750:203:00|4.26|4.02|4.31|4.44|3.96|3.85|3.88|3.50|3.82|3.78|4.66|3.78|3.73|3.86|4.44|3.77|3.50
WU                  WEIDA|01:750:203:03|4.46|4.29|4.06|4.39|4.55|4.09|3.98|3.39|4.24|3.90|4.39
ZIMMERMANN          FRANK|01:750:203:07|4.46|4.29|4.06|4.39|4.55|4.09|3.98|3.39|4.24|3.90|4.39
WU                  WEIDA|01:750:203:09|4.46|4.29|4.06|4.39|4.55|4.09|3.98|3.39|4.24|3.90|4.39|4.67|4.67
WU                  WEIDA|01:750:203:12|4.46|4.29|4.06|4.39|4.55|4.09|3.98|3.39|4.24|3.90|4.39|4.67|4.67|4.50
WU                  WEIDA|01:750:203:13|4.46|4.29|4.06|4.39|4.55|4.09|3.98|3.39|4.24|3.90|4.39
SLUSKY              S*SAN|01:750:203:17|4.46|4.29|4.06|4.39|4.55|4.09|3.98|3.39|4.24|3.90|4.39
SLUSKY              SUSAN|01:750:203:18|4.46|4.29|4.06|4.39|4.55|4.09|3.98|3.39|4.24|3.90|4.39
CROFT               MARK|01:750:204:00|4.20|4.18|4.32|4.42|4.45|3.97|3.89|3.34|3.97|3.94|4.88|3.98|3.71|4.34|4.37|3.68|4.00|4.00|4.00
KLEVTSOV            SAM|01:750:204:01|4.46|4.39|4.14|4.43|4.29|4.05|4.07|3.52|4.31|4.10|4.39|4.00|2.00|2.00|1.00|4.00|3.00
KLEVTSOV            SAM|01:750:204:02|4.46|4.39|4.14|4.43|4.29|4.05|4.07|3.52|4.31|4.10|4.39
KLEVTSOV            SAM|01:750:204:05|4.46|4.39|4.14|4.43|4.29|4.05|4.07|3.52|4.31|4.10|4.39
KLEVTSOV            SAM|01:750:204:07|4.46|4.39|4.14|4.43|4.29|4.05|4.07|3.52|4.31|4.10|4.39
DATLA               SANDEEP|01:750:205:01|4.20|4.07|3.77|4.29|4.15|3.79|3.62|3.27|3.93|3.64|3.31|3.70|3.94|3.59|2.67|3.19|3.15|3.89
DAYARIAN            ADEL|01:750:205:07|4.20|4.07|3.77|4.29|4.15|3.79|3.62|3.27|3.93|3.64|3.31|3.70|3.94|3.59|2.67|3.19|3.15
DATLA               SANDEEP|01:750:205:10|4.20|4.07|3.77|4.29|4.15|3.79|3.62|3.27|3.93|3.64|3.31|3.70|3.94|3.59|2.67|3.19|3.15
DATLA               SANDEEP|01:750:205:13|4.20|4.07|3.77|4.29|4.15|3.79|3.62|3.27|3.93|3.64|3.31|3.70|3.94|3.59|2.67|3.19|3.15
TADEPALLI           MAHESH|01:750:205:18|4.20|4.07|3.77|4.29|4.15|3.79|3.62|3.27|3.93|3.64|3.31|3.70|3.94|3.59|2.67|3.19|3.15
SALVADY             SANKARA|01:750:205:20|4.20|4.07|3.77|4.29|4.15|3.79|3.62|3.27|3.93|3.64|3.31|3.70|3.94|3.59|2.67|3.19|3.15
SALVADY             SANKARA|01:750:205:22|4.20|4.07|3.77|4.29|4.15|3.79|3.62|3.27|3.93|3.64|3.31|3.70|3.94|3.59|2.67|3.19|3.15
TADEPALLI           MAHESH|01:750:205:23|4.20|4.07|3.77|4.29|4.15|3.79|3.62|3.27|3.93|3.64|3.31|3.70|3.94|3.59|2.67|3.19|3.15
VISWANATHAN         HARIHARASU|01:750:205:27|4.20|4.07|3.77|4.29|4.15|3.79|3.62|3.27|3.93|3.64|3.31|3.70|3.94|3.59|2.67|3.19|3.15|3.89|4.00
SALVADY             SANKARA|01:750:205:28|4.20|4.07|3.77|4.29|4.15|3.79|3.62|3.27|3.93|3.64|3.31|3.70|3.94|3.59|2.67|3.19|3.15
RAO                 CHAPRA|01:750:206:01|3.90|3.61|3.28|3.61|3.58|3.28|3.24|3.09|3.55|3.34|3.56|3.18|3.52|3.05|2.76|3.31|2.73
MIRJI               MADHUR|01:750:206:02|3.90|3.61|3.28|3.61|3.58|3.28|3.24|3.09|3.55|3.34|3.56|3.18|3.52|3.05|2.76|3.31|2.73
MIRJI               MADHUR|01:750:206:03|3.90|3.61|3.28|3.61|3.58|3.28|3.24|3.09|3.55|3.34|3.56|3.18|3.52|3.05|2.76|3.31|2.73
VARKEY              JOHNPAUL|01:750:206:04|3.90|3.61|3.28|3.61|3.58|3.28|3.24|3.09|3.55|3.34|3.56|3.18|3.52|3.05|2.76|3.31|2.73|3.75|4.00
RAO                 CHAPRA|01:750:206:06|3.90|3.61|3.28|3.61|3.58|3.28|3.24|3.09|3.55|3.34|3.56|3.18|3.52|3.05|2.76|3.31|2.73|3.75|4.00
DUDHERIA            RISHABH|01:750:206:08|3.90|3.61|3.28|3.61|3.58|3.28|3.24|3.09|3.55|3.34|3.56|3.18|3.52|3.05|2.76|3.31|2.73
DUDHERIA            RISHABH|01:750:206:09|3.90|3.61|3.28|3.61|3.58|3.28|3.24|3.09|3.55|3.34|3.56|3.18|3.52|3.05|2.76|3.31|2.73|3.75|4.00
SINGH               PREM|01:750:206:10|3.90|3.61|3.28|3.61|3.58|3.28|3.24|3.09|3.55|3.34|3.56|3.18|3.52|3.05|2.76|3.31|2.73
DUDHERIA            RISHABH|01:750:206:11|3.90|3.61|3.28|3.61|3.58|3.28|3.24|3.09|3.55|3.34|3.56|3.18|3.52|3.05|2.76|3.31|2.73|3.75
COLEMAN             PIERS|01:750:227:00|4.53|4.32|4.22|4.35|4.29|4.01|4.13|3.89|4.23|4.05|4.68|4.03|4.11|3.31|4.19|3.87|3.00
COLEMAN             PIERS|01:750:227:00|4.53|4.32|4.22|4.35|4.29|4.01|4.13|3.89|4.23|4.05|4.68|4.03|4.11|3.31|4.19|3.87|3.00
PARAMANANDAM        JOSHUA|01:750:227:01|4.47|4.45|4.15|4.41|4.48|4.14|4.21|3.73|4.34|4.14|4.61
KIRYUKHIN           VALERY|01:750:227:05|4.47|4.45|4.15|4.41|4.48|4.14|4.21|3.73|4.34|4.14|4.61
KIRYUKHIN           VALERY|01:750:227:06|4.47|4.45|4.15|4.41|4.48|4.14|4.21|3.73|4.34|4.14|4.61
PARAMANANDAM        JOSHUA|01:750:227:11|4.47|4.45|4.15|4.41|4.48|4.14|4.21|3.73|4.34|4.14|4.61|5.00|5.00
KIRYUKHIN           VALERY|01:750:227:12|4.47|4.45|4.15|4.41|4.48|4.14|4.21|3.73|4.34|4.14|4.61
PARAMANANDAM        JOSHUA|01:750:227:14|4.47|4.45|4.15|4.41|4.48|4.14|4.21|3.73|4.34|4.14|4.61
RABE                KARIN|01:750:227:16|4.47|4.45|4.15|4.41|4.48|4.14|4.21|3.73|4.34|4.14|4.61
KIRYUKHIN           VALERY|01:750:227:17|4.47|4.45|4.15|4.41|4.48|4.14|4.21|3.73|4.34|4.14|4.61
RABE                KARIN|01:750:227:18|4.47|4.45|4.15|4.41|4.48|4.14|4.21|3.73|4.34|4.14|4.61
PARAMANANDAM        JOSHUA|01:750:227:21|4.47|4.45|4.15|4.41|4.48|4.14|4.21|3.73|4.34|4.14|4.61
BERDNIKOV           ILYA|01:750:229:02|4.31|4.25|3.96|4.38|4.27|4.00|3.86|3.69|4.11|3.87|3.95|3.82|3.85|3.44|2.64|3.30|3.37
JAIN                SHALINI|01:750:229:13|4.31|4.25|3.96|4.38|4.27|4.00|3.86|3.69|4.11|3.87|3.95|3.82|3.85|3.44|2.64|3.30|3.37|3.00
JAIN                SHALINI|01:750:229:16|4.31|4.25|3.96|4.38|4.27|4.00|3.86|3.69|4.11|3.87|3.95|3.82|3.85|3.44|2.64|3.30|3.37
BERDNIKOV           ILYA|01:750:229:23|4.31|4.25|3.96|4.38|4.27|4.00|3.86|3.69|4.11|3.87|3.95|3.82|3.85|3.44|2.64|3.30|3.37
BERGMAN             DOUGLAS|01:750:271:00|4.02|3.62|3.58|4.04|4.39|3.71|3.58|4.02|3.51|3.70|4.47|3.72|4.15|3.72|4.38|4.00
SCHNETZER           STEVE|01:750:273:00|4.45|4.07|3.78|4.47|4.05|3.63|3.95|3.60|3.89|3.72|4.79|2.71|3.54|4.03|3.45|3.63
THOMSON             GORDON|01:750:275:01|4.44|4.19|3.73|4.33|4.64|4.04|3.69|3.75|4.10|4.01|3.66|4.08|4.58|4.09|1.92|2.89|3.54
THOMSON             GORDON|01:750:275:02|4.44|4.19|3.73|4.33|4.64|4.04|3.69|3.75|4.10|4.01|3.66|4.08|4.58|4.09|1.92|2.89|3.54
ZIYATDINOV          ISKANDER|01:750:275:05|4.44|4.19|3.73|4.33|4.64|4.04|3.69|3.75|4.10|4.01|3.66|4.08|4.58|4.09|1.92|2.89|3.54|5.00|5.00
ZIYATDINOV          ISKANDER|01:750:275:06|4.44|4.19|3.73|4.33|4.64|4.04|3.69|3.75|4.10|4.01|3.66|4.08|4.58|4.09|1.92|2.89|3.54
ZIYATDINOV          ISKANDER|01:750:275:07|4.44|4.19|3.73|4.33|4.64|4.04|3.69|3.75|4.10|4.01|3.66|4.08|4.58|4.09|1.92|2.89|3.54
MEKJIAN             ARAM|01:750:305:01|4.64|4.64|4.33|4.80|4.86|4.57|4.43|4.50|4.71|4.47|5.00|3.54|4.54|4.46|5.00|3.44
CHANDRA             PREMI|01:750:313:01|4.29|4.22|4.41|4.45|4.33|4.07|4.27|4.00|4.48|4.26|4.89|4.04|4.10|4.52|3.44
ZAMICK              LARRY|01:750:323:01|4.27|4.44|4.00|4.56|4.53|3.88|4.06|4.27|4.13|3.94|4.94|3.88|3.38|4.06|4.00|3.00
ZAMICK              LARRY|01:750:324:01|4.00|5.00|3.50|5.00|5.00|4.50|5.00|5.00|4.50|4.50|5.00|4.50|5.00|5.00|3.00
GERSHENSON          MICHAEL|01:750:326:00|4.67|4.67|4.48|4.76|4.74|4.33|4.33|3.86|4.57|4.14|4.62|3.90|4.00|3.35|5.00|3.67|4.00|5.00|5.00
MALASHEVICH         ANDREI|01:750:326:01|4.46|4.19|4.15|4.58|4.24|4.04|3.88|3.54|4.38|3.88|4.38|3.73|3.92|3.31|3.16|3.58|3.36
ROBINSON            SCOTT|01:750:326:02|4.46|4.19|4.15|4.58|4.24|4.04|3.88|3.54|4.38|3.88|4.38|3.73|3.92|3.31|3.16|3.58|3.36
GERSHENSON          MICHAEL|01:750:326:03|4.46|4.19|4.15|4.58|4.24|4.04|3.88|3.54|4.38|3.88|4.38|3.73|3.92|3.31|3.16|3.58|3.36|5.00
KEETON              CHARLES|01:750:341:01|4.91|4.91|4.85|4.94|4.56|4.79|4.85|4.68|4.94|4.76|4.88|3.38|4.48|4.68|3.82|5.00
WILLIAMS            THEODORE|01:750:344:01|4.55|4.73|4.55|4.64|4.45|4.45|4.45|4.91|4.60|4.50|5.00|3.27|4.27|4.45|3.40|4.00
KALELKAR            MOHAN|01:750:361:01|4.83|4.65|4.70|4.74|4.59|4.35|4.39|4.57|4.65|4.52|4.82|3.22|4.30|4.78|3.65
LATH                AMIT|01:750:381:01|4.74|4.70|4.83|4.83|4.91|4.57|4.70|4.32|4.68|4.55|5.00|4.10|4.50|4.20|3.00|3.63
BARTYNSKI           ROBERT|01:750:385:01|4.79|4.88|4.71|4.75|4.83|4.71|4.71|4.29|4.79|4.79|5.00|4.65|4.61|4.52|5.00|3.52
KOJIMA              HARUO|01:750:387:01|3.14|3.64|3.21|3.64|4.31|3.50|3.86|3.93|3.43|3.57|4.36|3.36|3.07|2.57|3.79|3.93|3.21
KOJIMA              HARUO|01:750:389:01|3.00|3.00|2.00|5.00|5.00|4.00|4.00|4.00|3.00|4.00|5.00|3.00|2.00|2.00|5.00|4.00|3.00
SOMALWAR            SUNIL|01:750:417:01|4.75|5.00|4.55|5.00|5.00|4.55|4.82|4.73|4.80|4.80|4.78|4.56|4.56|4.89|4.00|5.00
PRYOR               CARLTON|01:750:442:01|4.56|4.67|4.33|4.67|4.50|4.13|4.22|4.33|4.13|4.00|4.78|2.00|3.89|3.33|3.63
