ALAMI               MYRIAM|01:420:101:02|4.69|4.76|4.77|4.84|4.79|4.73|4.72|4.39|4.81|4.69
HOLM                MELANIE|01:420:102:30|4.06|3.94|4.12|4.18|4.06|4.00|4.29|4.24|3.94|4.12
HASKOVACS           OLIA|01:420:121:20|3.75|3.88|4.14|3.88|3.92|3.47|3.75|4.09|3.49|3.36
MORIN               OLIVIER|01:420:121:30|3.75|3.88|4.14|3.88|3.92|3.47|3.75|4.09|3.49|3.36
ALAMI               MYRIAM|01:420:131:02|4.59|4.65|4.43|4.64|4.63|4.35|4.37|4.77|4.48|4.29
ELSAYED             HANAN|01:420:131:20|4.59|4.65|4.43|4.64|4.63|4.35|4.37|4.77|4.48|4.29
BENSLAMA            INES|01:420:131:30|4.59|4.65|4.43|4.64|4.63|4.35|4.37|4.77|4.48|4.29
ALAMI               MYRIAM|01:420:132:01|4.45|4.27|4.39|4.43|4.24|4.32|4.55|4.73|4.33|4.29|5.00|5.00|5.00|5.00|5.00|5.00|5.00|5.00
CORMAMOND           SOPHIE|01:420:132:30|4.45|4.27|4.39|4.43|4.24|4.32|4.55|4.73|4.33|4.29
PIROUX              LORRAINE|01:420:210:30|4.79|4.86|4.71|4.79|4.64|4.50|4.57|4.79|4.64|4.50
KARMARKAR           MEDHA|01:420:213:01|4.42|4.55|4.33|4.52|4.38|4.09|4.22|4.42|4.24|4.36
AUBERT              ANNE|01:420:213:30|4.42|4.55|4.33|4.52|4.38|4.09|4.22|4.42|4.24|4.36
MERHI               VANESSA|01:420:214:01|4.37|4.47|4.42|5.00|4.84|4.44|4.11|4.44|4.33|4.15
KARMARKAR           MEDHA|01:420:214:02|4.37|4.47|4.42|5.00|4.84|4.44|4.11|4.44|4.33|4.15
CORNILLIAT          FRANCOIS|01:420:215:01|4.84|4.71|4.63|4.76|4.50|4.42|4.52|4.28|4.74|4.61
KARMARKAR           MEDHA|01:420:215:02|4.84|4.71|4.63|4.76|4.50|4.42|4.52|4.28|4.74|4.61
SPEER               MARY|01:420:216:01|5.00|5.00|4.82|4.91|4.77|4.73|4.82|4.32|4.91|4.55
BOMBART             MATHILDE|01:420:216:02|5.00|5.00|4.82|4.91|4.77|4.73|4.82|4.32|4.91|4.55
SHAW                MARY|01:420:217:20|4.50|4.67|4.67|4.83|4.83|4.58|4.67|4.42|4.67|4.58
WILLIAMS            ALAN|01:420:306:01|4.68|4.41|4.32|4.41|4.55|4.14|4.36|4.18|4.41|4.41
WILLIAMS            ALAN|01:420:307:01|4.69|4.53|4.47|4.65|4.41|4.41|4.35|4.06|4.65|4.47
BOMBART             MATHILDE|01:420:315:01|4.68|4.63|4.47|4.74|4.63|4.58|4.58|3.95|4.58|4.53
SHAW                MARY|01:420:317:20|4.60|4.70|4.73|4.82|4.80|4.89|4.64|4.70|4.89|4.89
SPEER               MARY|01:420:415:01|5.00|4.46|4.46|4.46|4.31|4.31|4.54|3.00|4.62|4.46
PIROUX              LORRAINE|01:420:432:01|4.93|4.93|4.79|4.93|4.57|4.71|4.43|4.43|4.79|4.50
EISENZWEIG          URI|01:420:480:01|4.63|4.60|4.89|4.60|4.50|4.67|4.50|4.67|4.63|4.70
LARRIER             RENEE|01:420:481:20|3.94|4.41|4.12|4.76|4.18|3.94|4.00|3.61|4.06|3.81|4.00|4.00|4.00|4.00|4.00
