ARSZULOWICZ         STANLE Y|01:640:001:20|4.50|4.26|4.15|4.33|4.39|4.18|4.01|2.80|4.36|4.07
PAPALI              GILBERT|01:640:001:21|4.50|4.26|4.15|4.33|4.39|4.18|4.01|2.80|4.36|4.07|5.00
PAPALI              GILBERT|01:640:001:22|4.50|4.26|4.15|4.33|4.39|4.18|4.01|2.80|4.36|4.07
REITMANN            JOHN|01:640:023:01|4.83|4.64|4.36|4.73|4.64|4.36|4.36|2.45|4.55|4.10
REITMANN            JOHN|01:640:025:01|4.58|4.40|4.14|4.52|4.37|4.12|3.93|2.63|4.31|4.02
ARSZULOWICZ         STANLEY|01:640:025:02|4.58|4.40|4.14|4.52|4.37|4.12|3.93|2.63|4.31|4.02|3.50|4.50|4.33|4.33|4.33
HOROW               DIANA|01:640:025:03|4.58|4.40|4.14|4.52|4.37|4.12|3.93|2.63|4.31|4.02|3.50|4.50|4.33|4.33|4.33|4.00|4.00|5.00|5.00
SAFRAN              STEVEN|01:640:025:04|4.58|4.40|4.14|4.52|4.37|4.12|3.93|2.63|4.31|4.02
KOTHARI             MANGALA|01:640:025:05|4.58|4.40|4.14|4.52|4.37|4.12|3.93|2.63|4.31|4.02
SAFRAN              STEVEN|01:640:025:06|4.58|4.40|4.14|4.52|4.37|4.12|3.93|2.63|4.31|4.02
SCHWARTZ            SHARON|01:640:025:08|4.58|4.40|4.14|4.52|4.37|4.12|3.93|2.63|4.31|4.02|3.50
DODD                JENNIFER|01:640:025:10|4.58|4.40|4.14|4.52|4.37|4.12|3.93|2.63|4.31|4.02
KUJAWSKI            THOMAS|01:640:025:13|4.58|4.40|4.14|4.52|4.37|4.12|3.93|2.63|4.31|4.02
REITMANN            JOHN|01:640:025:14|4.58|4.40|4.14|4.52|4.37|4.12|3.93|2.63|4.31|4.02|3.50|4.50|4.33|4.33|4.33|4.00|4.00
FISHER              RANDOLPH|01:640:025:16|4.58|4.40|4.14|4.52|4.37|4.12|3.93|2.63|4.31|4.02
FISHER              RANDOLPH|01:640:025:17|4.58|4.40|4.14|4.52|4.37|4.12|3.93|2.63|4.31|4.02
HINTON              MELVIN|01:640:025:19|4.58|4.40|4.14|4.52|4.37|4.12|3.93|2.63|4.31|4.02
PAPALI              GILBERT|01:640:025:21|4.58|4.40|4.14|4.52|4.37|4.12|3.93|2.63|4.31|4.02
PAPALI              GILBERT|01:640:025:22|4.58|4.40|4.14|4.52|4.37|4.12|3.93|2.63|4.31|4.02
MULVEY              SALLY|01:640:025:23|4.58|4.40|4.14|4.52|4.37|4.12|3.93|2.63|4.31|4.02
EVANS               JUDITH|01:640:026:01|4.15|4.12|4.01|4.20|4.26|3.83|3.61|2.64|3.93|3.62
AHLUWAZIA           ANOOP|01:640:026:02|4.15|4.12|4.01|4.20|4.26|3.83|3.61|2.64|3.93|3.62
DACOSTA             LESLIE|01:640:026:03|4.15|4.12|4.01|4.20|4.26|3.83|3.61|2.64|3.93|3.62
SCHWARTZ            SHARON|01:640:026:05|4.15|4.12|4.01|4.20|4.26|3.83|3.61|2.64|3.93|3.62|4.20
MULVEY              SALLY|01:640:026:06|4.15|4.12|4.01|4.20|4.26|3.83|3.61|2.64|3.93|3.62
YACHES              EDGAR|01:640:026:07|4.15|4.12|4.01|4.20|4.26|3.83|3.61|2.64|3.93|3.62
YACHES              EDGAR|01:640:026:08|4.15|4.12|4.01|4.20|4.26|3.83|3.61|2.64|3.93|3.62
SCHWARTZ            SHARON|01:640:026:11|4.15|4.12|4.01|4.20|4.26|3.83|3.61|2.64|3.93|3.62
OROURKE             JEANNETTE|01:640:026:14|4.15|4.12|4.01|4.20|4.26|3.83|3.61|2.64|3.93|3.62|4.20|4.33|4.33|4.00|3.00|3.00|3.00|3.00
KABUS               IRWIN|01:640:026:16|4.15|4.12|4.01|4.20|4.26|3.83|3.61|2.64|3.93|3.62
BRAVERMAN           HARVEY|01:640:026:17|4.15|4.12|4.01|4.20|4.26|3.83|3.61|2.64|3.93|3.62
BROOKS              BONNIE|01:640:026:18|4.15|4.12|4.01|4.20|4.26|3.83|3.61|2.64|3.93|3.62
SCHEIMAN            DAVID|01:640:026:19|4.15|4.12|4.01|4.20|4.26|3.83|3.61|2.64|3.93|3.62
AMODIO              JAMES|01:640:026:21|4.15|4.12|4.01|4.20|4.26|3.83|3.61|2.64|3.93|3.62
AMODIO              JAMES|01:640:026:22|4.15|4.12|4.01|4.20|4.26|3.83|3.61|2.64|3.93|3.62|4.20|4.33|4.33|4.00
KLEIN               BETH|01:640:026:24|4.15|4.12|4.01|4.20|4.26|3.83|3.61|2.64|3.93|3.62
BROOKS              BONNIE|01:640:026:25|4.15|4.12|4.01|4.20|4.26|3.83|3.61|2.64|3.93|3.62|4.20
LINDBOE             THERESEA|01:640:027:01|4.55|4.41|3.96|4.36|4.49|4.00|3.81|2.30|4.26|3.90|4.00|4.00|4.00|4.00|4.00|4.00
ZADERMAN            YURI|01:640:027:02|4.55|4.41|3.96|4.36|4.49|4.00|3.81|2.30|4.26|3.90|4.00|4.00|4.00|4.00|4.00|4.00|3.00|3.00|3.00
HOROWITZ            DIANA|01:640:027:03|4.55|4.41|3.96|4.36|4.49|4.00|3.81|2.30|4.26|3.90
EVANS               JUDITH|01:640:027:04|4.55|4.41|3.96|4.36|4.49|4.00|3.81|2.30|4.26|3.90
DACOSTA             LESLIE|01:640:027:05|4.55|4.41|3.96|4.36|4.49|4.00|3.81|2.30|4.26|3.90
ZADERMAN            YURI|01:640:027:06|4.55|4.41|3.96|4.36|4.49|4.00|3.81|2.30|4.26|3.90
KINKHABAWALA        RITA|01:640:027:07|4.55|4.41|3.96|4.36|4.49|4.00|3.81|2.30|4.26|3.90
COLLINS             ELIOT|01:640:027:08|4.55|4.41|3.96|4.36|4.49|4.00|3.81|2.30|4.26|3.90
COLLINS             ELIOT|01:640:027:09|4.55|4.41|3.96|4.36|4.49|4.00|3.81|2.30|4.26|3.90
JONES               MARGARET|01:640:027:10|4.55|4.41|3.96|4.36|4.49|4.00|3.81|2.30|4.26|3.90
LINDBOE             THERESA|01:640:027:11|4.55|4.41|3.96|4.36|4.49|4.00|3.81|2.30|4.26|3.90
JONES               MARGARET|01:640:027:12|4.55|4.41|3.96|4.36|4.49|4.00|3.81|2.30|4.26|3.90
KLEIN               BETH|01:640:027:13|4.55|4.41|3.96|4.36|4.49|4.00|3.81|2.30|4.26|3.90
NOONE               KEVIN|01:640:103:06|4.68|4.44|4.39|4.58|4.41|4.34|4.02|2.45|4.45|4.12|5.00|5.00|5.00|5.00|5.00|5.00|5.00|5.00|5.00
NOONE               KEVIN|01:640:103:07|4.68|4.44|4.39|4.58|4.41|4.34|4.02|2.45|4.45|4.12
WEINGART            MICHAEL|01:640:103:09|4.68|4.44|4.39|4.58|4.41|4.34|4.02|2.45|4.45|4.12
WEINGART            MICHAEL|01:640:103:10|4.68|4.44|4.39|4.58|4.41|4.34|4.02|2.45|4.45|4.12
BERKOWITZ           JERRY|01:640:103:11|4.68|4.44|4.39|4.58|4.41|4.34|4.02|2.45|4.45|4.12
BERKOWITZ           JERRY|01:640:103:12|4.68|4.44|4.39|4.58|4.41|4.34|4.02|2.45|4.45|4.12
BUMBY               RICHARD|01:640:103:71|4.68|4.44|4.39|4.58|4.41|4.34|4.02|2.45|4.45|4.12
BEALS               MICHAEL|01:640:107:01|4.73|4.90|4.64|4.86|4.91|4.55|4.68|3.68|4.91|4.73
LINDBOE             THERES*|01:640:111:00|4.17|4.15|3.88|4.34|4.13|3.79|3.70|2.82|3.96|3.71|4.55|4.43|4.17|4.17|4.33|4.33|4.50|4.67|4.20
SCHEIMAN            DAVID|01:640:111:00|4.17|4.15|3.88|4.34|4.13|3.79|3.70|2.82|3.96|3.71
SAFRAN              STEVEN|01:640:111:00|4.17|4.15|3.88|4.34|4.13|3.79|3.70|2.82|3.96|3.71|4.55|4.43|4.17|4.17|4.33|4.33|4.50|4.67|4.20
SAFRAN              STEVEN|01:640:111:00|4.17|4.15|3.88|4.34|4.13|3.79|3.70|2.82|3.96|3.71
LINDBOE             THERESA|01:640:111:00|4.17|4.15|3.88|4.34|4.13|3.79|3.70|2.82|3.96|3.71|4.55
ZADERMAN            YURI|01:640:111:00|4.17|4.15|3.88|4.34|4.13|3.79|3.70|2.82|3.96|3.71
TANG                NING|01:640:111:01|4.17|4.15|3.88|4.34|4.13|3.79|3.70|2.82|3.96|3.71
TANG                NING|01:640:111:02|4.17|4.15|3.88|4.34|4.13|3.79|3.70|2.82|3.96|3.71|4.55|4.43|4.17|4.17|4.33|4.33|4.50|4.67|4.20
TANG                NING|01:640:111:03|4.17|4.15|3.88|4.34|4.13|3.79|3.70|2.82|3.96|3.71
CAMMIDGE            KATHLEEN|01:640:111:04|4.17|4.15|3.88|4.34|4.13|3.79|3.70|2.82|3.96|3.71
HO                  VIVIAN|01:640:111:05|4.17|4.15|3.88|4.34|4.13|3.79|3.70|2.82|3.96|3.71
DORAN               ROBERT|01:640:111:09|4.17|4.15|3.88|4.34|4.13|3.79|3.70|2.82|3.96|3.71
WANG                JUE|01:640:111:21|4.17|4.15|3.88|4.34|4.13|3.79|3.70|2.82|3.96|3.71
BROWN               BRIAN|01:640:111:22|4.17|4.15|3.88|4.34|4.13|3.79|3.70|2.82|3.96|3.71
KOTHARI             MANGALA|01:640:111:23|4.17|4.15|3.88|4.34|4.13|3.79|3.70|2.82|3.96|3.71
KOTHARI             MANGALA|01:640:111:24|4.17|4.15|3.88|4.34|4.13|3.79|3.70|2.82|3.96|3.71
KOTHARI             MAWGALA|01:640:111:25|4.17|4.15|3.88|4.34|4.13|3.79|3.70|2.82|3.96|3.71
ZHAI                MO|01:640:111:29|4.17|4.15|3.88|4.34|4.13|3.79|3.70|2.82|3.96|3.71
KOTHARI             MANGALA|01:640:111:30|4.17|4.15|3.88|4.34|4.13|3.79|3.70|2.82|3.96|3.71
KOTHARI             MANGALA|01:640:111:31|4.17|4.15|3.88|4.34|4.13|3.79|3.70|2.82|3.96|3.71
KOTHARI               MANGALA|01:640:111:32|4.17|4.15|3.88|4.34|4.13|3.79|3.70|2.82|3.96|3.71
CHEN                BAOZHI|01:640:111:45|4.17|4.15|3.88|4.34|4.13|3.79|3.70|2.82|3.96|3.71
CHEN                BAOZHI|01:640:111:46|4.17|4.15|3.88|4.34|4.13|3.79|3.70|2.82|3.96|3.71
CHEN                BAOZHI|01:640:111:47|4.17|4.15|3.88|4.34|4.13|3.79|3.70|2.82|3.96|3.71
BRAVERMAN           HARVEY|01:640:112:00|4.33|4.21|3.93|4.30|4.34|3.94|3.97|3.11|4.12|3.81
ZADERMAN            YURI|01:640:112:00|4.33|4.21|3.93|4.30|4.34|3.94|3.97|3.11|4.12|3.81|5.00
DUDHERIA            RISHABH|01:640:112:01|4.33|4.21|3.93|4.30|4.34|3.94|3.97|3.11|4.12|3.81
DUDHERIA            RISHABH|01:640:112:02|4.33|4.21|3.93|4.30|4.34|3.94|3.97|3.11|4.12|3.81
DUDHERIA            RISHABH|01:640:112:03|4.33|4.21|3.93|4.30|4.34|3.94|3.97|3.11|4.12|3.81
DUDHERIA            RISHABH|01:640:112:07|4.33|4.21|3.93|4.30|4.34|3.94|3.97|3.11|4.12|3.81
SOSA                JOSE|01:640:112:08|4.33|4.21|3.93|4.30|4.34|3.94|3.97|3.11|4.12|3.81
SOSA                JOSE|01:640:112:09|4.33|4.21|3.93|4.30|4.34|3.94|3.97|3.11|4.12|3.81
SOSA                JOSE|01:640:112:10|4.33|4.21|3.93|4.30|4.34|3.94|3.97|3.11|4.12|3.81
HAIMOWITZ           STEPHANIE|01:640:112:11|4.33|4.21|3.93|4.30|4.34|3.94|3.97|3.11|4.12|3.81
KLEIN               RICHARD|01:640:115:00|4.24|4.08|3.86|4.10|4.20|3.77|3.72|2.94|3.95|3.71|4.38
PETERSON            STEPHEN|01:640:115:00|4.24|4.08|3.86|4.10|4.20|3.77|3.72|2.94|3.95|3.71|4.38|4.11|4.00|4.14|3.67|3.83|3.60|4.00
KLEIN               RICHARD|01:640:115:00|4.24|4.08|3.86|4.10|4.20|3.77|3.72|2.94|3.95|3.71|4.11|4.00|4.14
HIRSCH              LEWIS|01:640:115:00|4.24|4.08|3.86|4.10|4.20|3.77|3.72|2.94|3.95|3.71
PARKS               JOHN|01:640:115:00|4.24|4.08|3.86|4.10|4.20|3.77|3.72|2.94|3.95|3.71|4.38|4.11
PARKS               JOHN|01:640:115:00|4.24|4.08|3.86|4.10|4.20|3.77|3.72|2.94|3.95|3.71
KABUS               IRWIN|01:640:115:00|4.24|4.08|3.86|4.10|4.20|3.77|3.72|2.94|3.95|3.71
URBANSKI            ROBERT|01:640:115:00|4.24|4.08|3.86|4.10|4.20|3.77|3.72|2.94|3.95|3.71|4.38|4.11|4.00|4.14|3.67|3.83|3.60|4.00|4.20
KINKHABWALA         RITA|01:640:115:00|4.24|4.08|3.86|4.10|4.20|3.77|3.72|2.94|3.95|3.71
DUDHERIA            RISHABH|01:640:115:01|4.24|4.08|3.86|4.10|4.20|3.77|3.72|2.94|3.95|3.71
DUDHERIA            RISHABH|01:640:115:02|4.24|4.08|3.86|4.10|4.20|3.77|3.72|2.94|3.95|3.71
DUDHERIA            RISHABH|01:640:115:03|4.24|4.08|3.86|4.10|4.20|3.77|3.72|2.94|3.95|3.71
BROWN               NOAM|01:640:115:04|4.24|4.08|3.86|4.10|4.20|3.77|3.72|2.94|3.95|3.71
SCOTT               MATTHEW|01:640:115:06|4.24|4.08|3.86|4.10|4.20|3.77|3.72|2.94|3.95|3.71
BRITZ               DAVID|01:640:115:14|4.24|4.08|3.86|4.10|4.20|3.77|3.72|2.94|3.95|3.71
BRITZ               DAVID|01:640:115:15|4.24|4.08|3.86|4.10|4.20|3.77|3.72|2.94|3.95|3.71
BRITZ               DAVID|01:640:115:16|4.24|4.08|3.86|4.10|4.20|3.77|3.72|2.94|3.95|3.71
CHEN                JESSICA|01:640:115:17|4.24|4.08|3.86|4.10|4.20|3.77|3.72|2.94|3.95|3.71|4.38|4.11|4.00|4.14|3.67|3.83|3.60|4.00|4.20
DORAN               ROBERT|01:640:115:18|4.24|4.08|3.86|4.10|4.20|3.77|3.72|2.94|3.95|3.71
DORAN               ROBERT|01:640:115:19|4.24|4.08|3.86|4.10|4.20|3.77|3.72|2.94|3.95|3.71
MATEESCU            VINCENT|01:640:115:26|4.24|4.08|3.86|4.10|4.20|3.77|3.72|2.94|3.95|3.71
MATEESCU            VINCENT|01:640:115:27|4.24|4.08|3.86|4.10|4.20|3.77|3.72|2.94|3.95|3.71|4.38|4.11|4.00|4.14|3.67|3.83|3.60|4.00
MATEESCU            VINCENT|01:640:115:28|4.24|4.08|3.86|4.10|4.20|3.77|3.72|2.94|3.95|3.71|4.38
MATEESCU            VINCENT|01:640:115:29|4.24|4.08|3.86|4.10|4.20|3.77|3.72|2.94|3.95|3.71
MATEESCU            VINCENT|01:640:115:30|4.24|4.08|3.86|4.10|4.20|3.77|3.72|2.94|3.95|3.71|4.38|3.83|4.00|4.20
MATEESCU            VINCENT|01:640:115:31|4.24|4.08|3.86|4.10|4.20|3.77|3.72|2.94|3.95|3.71|4.38|4.11
MATEESCU            VINCENT|01:640:115:32|4.24|4.08|3.86|4.10|4.20|3.77|3.72|2.94|3.95|3.71|4.38|4.11|4.00|4.14|3.67
MATEESCU            VINCENT|01:640:115:33|4.24|4.08|3.86|4.10|4.20|3.77|3.72|2.94|3.95|3.71|4.38
DORAN               ROBERT|01:640:115:35|4.24|4.08|3.86|4.10|4.20|3.77|3.72|2.94|3.95|3.71
DORAN               ROB|01:640:115:36|4.24|4.08|3.86|4.10|4.20|3.77|3.72|2.94|3.95|3.71
CHEN                BAOZHI|01:640:115:39|4.24|4.08|3.86|4.10|4.20|3.77|3.72|2.94|3.95|3.71|4.38|4.11|4.00|4.14|3.67|3.83|3.60|4.20
CHEN                BAOZHI|01:640:115:40|4.24|4.08|3.86|4.10|4.20|3.77|3.72|2.94|3.95|3.71
CHEN                BAOZHI|01:640:115:41|4.24|4.08|3.86|4.10|4.20|3.77|3.72|2.94|3.95|3.71
THRELFALL           SHAWN|01:640:115:42|4.24|4.08|3.86|4.10|4.20|3.77|3.72|2.94|3.95|3.71|4.38
THRELFALL           SHAWN|01:640:115:43|4.24|4.08|3.86|4.10|4.20|3.77|3.72|2.94|3.95|3.71|4.38
THRELFALL           SHAWN|01:640:115:44|4.80|4.63|4.45|4.79|4.95|4.45|4.37|3.68|4.68|4.42|5.00|5.00|5.00|5.00|5.00|5.00|5.00|5.00|5.00
THRELFALL           SHAWN|01:640:115:45|4.24|4.08|3.86|4.10|4.20|3.77|3.72|2.94|3.95|3.71
LIPPER              EDWARD|01:640:135:00|4.20|4.02|3.82|4.21|4.15|3.74|3.71|3.16|3.89|3.68
FERRY               STEVEN|01:640:135:00|4.20|4.02|3.82|4.21|4.15|3.74|3.71|3.16|3.89|3.68
RAINSFORD           AUGUSTA|01:640:135:00|4.20|4.02|3.82|4.21|4.15|3.74|3.71|3.16|3.89|3.68
RASHID              MOHAMMAD|01:640:135:00|4.20|4.02|3.82|4.21|4.15|3.74|3.71|3.16|3.89|3.68
BERKOWITZ           JERRY|01:640:135:00|4.20|4.02|3.82|4.21|4.15|3.74|3.71|3.16|3.89|3.68
URBANSKI            ROBERT|01:640:135:00|4.20|4.02|3.82|4.21|4.15|3.74|3.71|3.16|3.89|3.68|4.20|4.57|4.67
POPEL               GEORGE|01:640:135:00|4.20|4.02|3.82|4.21|4.15|3.74|3.71|3.16|3.89|3.68
RASHID              MOHAMMAD|01:640:135:00|4.20|4.02|3.82|4.21|4.15|3.74|3.71|3.16|3.89|3.68|4.20|4.57|4.67|4.60|4.50|4.60|4.60|4.60|4.67
BERKOWITZ           JERRY|01:640:135:00|4.20|4.02|3.82|4.21|4.15|3.74|3.71|3.16|3.89|3.68|4.20|4.57|4.67|4.60|4.50|4.60|4.60|4.60|4.67
NOONE               KEVIN|01:640:135:00|4.20|4.02|3.82|4.21|4.15|3.74|3.71|3.16|3.89|3.68|4.20
YUSTER              DEBBIE|01:640:135:00|4.20|4.02|3.82|4.21|4.15|3.74|3.71|3.16|3.89|3.68
YUSTER              DEBBIE|01:640:135:00|4.20|4.02|3.82|4.21|4.15|3.74|3.71|3.16|3.89|3.68
SOFFER              SARA|01:640:135:00|4.20|4.02|3.82|4.21|4.15|3.74|3.71|3.16|3.89|3.68|4.20|4.57
HERSCHKORN           STEPHEN|01:640:135:00|4.20|4.02|3.82|4.21|4.15|3.74|3.71|3.16|3.89|3.68
LIPPER              EDWARD|01:640:135:00|4.20|4.02|3.82|4.21|4.15|3.74|3.71|3.16|3.89|3.68
NOONE               KEVIN|01:640:135:00|4.20|4.02|3.82|4.21|4.15|3.74|3.71|3.16|3.89|3.68
SOFFER              SARA|01:640:135:00|4.20|4.02|3.82|4.21|4.15|3.74|3.71|3.16|3.89|3.68|4.20|4.57|4.67|4.60|4.50|4.60|4.60|4.60|4.67
ALMELOR             GLENN|01:640:135:01|4.20|4.02|3.82|4.21|4.15|3.74|3.71|3.16|3.89|3.68
ALMELOR             GLENN|01:640:135:02|4.20|4.02|3.82|4.21|4.15|3.74|3.71|3.16|3.89|3.68
ALMELOR             GLENN|01:640:135:03|4.20|4.02|3.82|4.21|4.15|3.74|3.71|3.16|3.89|3.68
ALMELOR             GLENN|01:640:135:75|4.20|4.02|3.82|4.21|4.15|3.74|3.71|3.16|3.89|3.68
ALMELOR             GLENN|01:640:135:76|4.20|4.02|3.82|4.21|4.15|3.74|3.71|3.16|3.89|3.68
ALMELOR             GLENN|01:640:135:77|4.20|4.02|3.82|4.21|4.15|3.74|3.71|3.16|3.89|3.68
HERSCHKORN          STEPHEN|01:640:136:00|3.97|4.13|3.53|4.32|4.44|3.63|3.30|3.35|3.77|3.41
SHTELEN             VLADIMIR|01:640:151:00|4.45|4.28|4.06|4.41|4.13|4.01|3.96|3.73|4.14|4.01
OCONE               DANIEL|01:640:151:00|4.45|4.28|4.06|4.41|4.13|4.01|3.96|3.73|4.14|4.01
TUNNELL             JERROLD|01:640:151:00|4.45|4.28|4.06|4.41|4.13|4.01|3.96|3.73|4.14|4.01|4.00|4.00|4.20|4.00
TUNNELL             JERROLD|01:640:151:00|4.45|4.28|4.06|4.41|4.13|4.01|3.96|3.73|4.14|4.01
RETAKH              VLADIMIR|01:640:151:00|4.45|4.28|4.06|4.41|4.13|4.01|3.96|3.73|4.14|4.01
GREENFIELD          STEPHEN|01:640:151:00|4.45|4.28|4.06|4.41|4.13|4.01|3.96|3.73|4.14|4.01|4.00|4.00|4.20|4.00|4.25|4.00|4.00|4.00|4.00
SONG                JIAN|01:640:151:00|4.45|4.28|4.06|4.41|4.13|4.01|3.96|3.73|4.14|4.01|4.00|4.20|4.00|4.25
ONAN                MICHAEL|01:640:151:00|4.45|4.28|4.06|4.41|4.13|4.01|3.96|3.73|4.14|4.01
CARRINGTON          ENRIQUETA|01:640:151:72|4.45|4.28|4.06|4.41|4.13|4.01|3.96|3.73|4.14|4.01
SOFFER              SARA|01:640:151:73|4.45|4.28|4.06|4.41|4.13|4.01|3.96|3.73|4.14|4.01
ONOFREI             DANIEL|01:640:152:00|4.43|4.29|4.05|4.44|4.23|3.93|4.03|3.62|4.20|3.87
RAINSFORD           AUGUSTA|01:640:152:00|4.43|4.29|4.05|4.44|4.23|3.93|4.03|3.62|4.20|3.87
BUTLER              TERENCE|01:640:152:00|4.43|4.29|4.05|4.44|4.23|3.93|4.03|3.62|4.20|3.87|4.80|5.00
SCHEFFER            VLADIMIR|01:640:152:00|4.43|4.29|4.05|4.44|4.23|3.93|4.03|3.62|4.20|3.87|4.80|3.00|3.50|5.00
RODNEY              SCOTT|01:640:152:00|4.43|4.29|4.05|4.44|4.23|3.93|4.03|3.62|4.20|3.87|4.80|3.50|5.00
ONOFREI             DANIEL|01:640:152:71|4.43|4.29|4.05|4.44|4.23|3.93|4.03|3.62|4.20|3.87
NUSSBAUM            ROGER|01:640:192:01|4.47|4.07|3.87|4.14|3.60|3.87|4.40|4.21|3.60|4.07
COHENCORWIN         AMY|01:640:197:01|3.92|3.31|2.85|3.15|2.77|3.00|2.69|2.62|3.00|2.92
SHTELEN             VLADIMIR|01:640:244:00|4.55|4.44|3.99|4.47|4.37|4.09|4.21|3.57|4.35|4.10
SHTELEN             VLADIMIR|01:640:244:00|4.55|4.44|3.99|4.47|4.37|4.09|4.21|3.57|4.35|4.10
PETRIE              TED|01:640:250:01|4.50|4.25|3.95|4.36|4.17|3.92|4.19|3.69|4.11|4.08
MUNSHI              RITABRATA|01:640:250:03|4.50|4.25|3.95|4.36|4.17|3.92|4.19|3.69|4.11|4.08|5.00|5.00|5.00|5.00|5.00|5.00|5.00|5.00|5.00
MUNSHI              RITABRATA|01:640:250:04|4.50|4.25|3.95|4.36|4.17|3.92|4.19|3.69|4.11|4.08
DELORO              ADRIEN|01:640:250:05|4.50|4.25|3.95|4.36|4.17|3.92|4.19|3.69|4.11|4.08
HUANG               XIAOJUN|01:640:250:06|4.50|4.25|3.95|4.36|4.17|3.92|4.19|3.69|4.11|4.08
LUO                 FENG|01:640:250:07|4.50|4.25|3.95|4.36|4.17|3.92|4.19|3.69|4.11|4.08
LUO                 FENG|01:640:250:08|4.50|4.25|3.95|4.36|4.17|3.92|4.19|3.69|4.11|4.08
HOELSCHER           COREY|01:640:250:09|4.50|4.25|3.95|4.36|4.17|3.92|4.19|3.69|4.11|4.08
HOELSCHER           COREY|01:640:250:10|4.50|4.25|3.95|4.36|4.17|3.92|4.19|3.69|4.11|4.08
GOODMAN             ROE|01:640:250:21|4.50|4.25|3.95|4.36|4.17|3.92|4.19|3.69|4.11|4.08
IRVINE              WILLIAM|01:640:251:00|4.51|4.42|4.12|4.50|4.23|4.10|4.16|3.83|4.30|4.04|4.67
SHTELEN             VLADIMIR|01:640:251:00|4.51|4.42|4.12|4.50|4.23|4.10|4.16|3.83|4.30|4.04
CHANILLO            SAGUN|01:640:251:00|4.51|4.42|4.12|4.50|4.23|4.10|4.16|3.83|4.30|4.04
SOFFER              AVRAHAM|01:640:251:00|4.51|4.42|4.12|4.50|4.23|4.10|4.16|3.83|4.30|4.04|4.67|3.00|3.00|4.00|3.00|3.00|3.00|3.00|3.00
IRVINE              WILLIAM|01:640:251:00|4.51|4.42|4.12|4.50|4.23|4.10|4.16|3.83|4.30|4.04
COOK                WILLIAM|01:640:251:71|4.51|4.42|4.12|4.50|4.23|4.10|4.16|3.83|4.30|4.04
MONTICELLI          DARIO|01:640:252:01|4.32|4.37|4.18|4.72|4.36|3.92|3.97|3.97|4.13|3.85
MONTICELLI          DARIO|01:640:252:02|4.32|4.37|4.18|4.72|4.36|3.92|3.97|3.97|4.13|3.85
BECK                JOZSEF|01:640:291:01|4.38|4.52|4.71|4.70|4.76|4.33|4.52|4.48|4.57|4.57
ONAN                MICHAEL|01:640:300:01|4.46|4.19|3.99|4.29|4.13|3.84|4.06|3.76|4.05|3.73
WOODWARD            CHRIS|01:640:300:02|4.46|4.19|3.99|4.29|4.13|3.84|4.06|3.76|4.05|3.73
ROSENSTEIN          JOSEPH|01:640:300:04|4.46|4.19|3.99|4.29|4.13|3.84|4.06|3.76|4.05|3.73
SCHEFFER            VLADIMIR|01:640:300:05|4.46|4.19|3.99|4.29|4.13|3.84|4.06|3.76|4.05|3.73
WOODWARD            CHRIS|01:640:300:06|4.46|4.19|3.99|4.29|4.13|3.84|4.06|3.76|4.05|3.73
DELORO              ADRIEN|01:640:300:07|4.46|4.19|3.99|4.29|4.13|3.84|4.06|3.76|4.05|3.73
RODNEY              SCOTT|01:640:300:08|4.46|4.19|3.99|4.29|4.13|3.84|4.06|3.76|4.05|3.73
WHEEDEN             RICHARD|01:640:311:01|4.71|4.62|4.49|4.76|4.43|4.30|4.42|4.20|4.40|4.30
BUTLER              TERRENCE|01:640:311:02|4.71|4.62|4.49|4.76|4.43|4.30|4.42|4.20|4.40|4.30
COHEN               AMY|01:640:311:03|4.71|4.62|4.49|4.76|4.43|4.30|4.42|4.20|4.40|4.30
FALK                RICHARD|01:640:321:01|4.85|4.70|4.65|4.65|4.58|4.35|4.60|3.74|4.70|4.45
MISCHAIKOW          KONSTANTIN|01:640:336:01|4.21|4.07|4.07|3.73|3.86|3.64|3.93|3.73|3.62|3.36
CHANILLO            SAGUN|01:640:350:01|3.88|3.88|3.42|3.73|3.91|3.52|3.76|3.91|3.58|3.56
CARLEN              ERIC|01:640:350:02|3.88|3.88|3.42|3.73|3.91|3.52|3.76|3.91|3.58|3.56
WILSON              ROBERT|01:640:351:01|5.00|4.92|4.50|5.00|4.83|4.75|4.75|4.25|4.92|4.75
SAHI                SIDDHARTHA|01:640:356:01|4.23|4.23|4.00|4.31|4.38|3.85|4.38|4.08|4.23|3.92|5.00|5.00|5.00|5.00|5.00|5.00|5.00|5.00
WEIBIL              CHARLES|01:640:361:01|4.89|4.67|4.56|4.78|4.50|4.44|4.67|3.78|4.56|4.67
LEE                 YOUNGJU|01:640:373:01|4.36|4.30|4.18|4.64|4.36|4.00|3.82|3.73|4.36|4.36
PETRIE              TED|01:640:421:02|3.77|3.74|3.55|4.23|4.05|3.45|3.59|3.71|3.73|3.62
IRVINE              WILLIAM|01:640:421:03|3.77|3.74|3.55|4.23|4.05|3.45|3.59|3.71|3.73|3.62
TUMULKA             RODERICH|01:640:421:04|3.77|3.74|3.55|4.23|4.05|3.45|3.59|3.71|3.73|3.62|3.50|3.00
WHEEDEN             RICHARD|01:640:421:05|3.77|3.74|3.55|4.23|4.05|3.45|3.59|3.71|3.73|3.62|3.50
HUANG               XIAOJUN|01:640:423:01|3.43|3.27|3.21|4.21|3.85|3.07|2.86|3.86|2.92|2.46
OCONE               DANIEL|01:640:428:01|4.25|4.69|4.31|4.88|4.56|4.19|4.31|3.80|4.13|4.07
CARBONE             LISA|01:640:435:01|4.50|4.29|4.21|4.38|4.21|4.21|4.21|4.13|4.26|4.00
GONZALEZ            EDUARDO|01:640:435:02|4.50|4.29|4.21|4.38|4.21|4.21|4.21|4.13|4.26|4.00
BAHRI               ABBAS|01:640:441:01|4.60|4.80|5.00|4.80|4.80|4.80|5.00|5.00|4.80|4.40
COOK                WILLIAM|01:640:451:01|4.40|4.40|4.00|4.60|4.60|4.20|4.40|4.80|3.80|4.00
HALASZ              SYLVIA|01:640:453:01|3.21|3.79|3.64|4.07|3.62|3.43|3.64|3.86|3.36|3.29
BUMBY               RICHARD|01:640:454:01|3.80|3.25|2.88|4.31|4.47|3.25|3.19|3.06|3.00|3.44
SPEER               EUGENE|01:640:477:01|4.50|4.70|4.22|4.60|4.55|4.30|4.41|4.05|4.42|4.40
GOLDSTEIN           SHELDON|01:640:477:02|4.50|4.70|4.22|4.60|4.55|4.30|4.41|4.05|4.42|4.40
ZIEVE               MICHAEL|01:640:481:01|4.56|4.44|4.18|4.71|4.47|4.06|4.29|3.93|4.35|4.12|5.00
RODRIGUEZ           JESUS|01:640:495:01|4.64|4.50|4.43|4.43|4.36|4.08|4.43|4.31|4.43|4.23
