ARENGER             REN|01:940:101:01|4.72|4.80|4.81|4.84|4.85|4.82|4.72|4.27|4.85|4.68|4.64|4.93|4.75|4.64|4.61|4.47|4.80
MILLAN              MARIA|01:940:101:10|4.72|4.80|4.81|4.84|4.85|4.82|4.72|4.27|4.85|4.68|4.64|4.93|4.75|4.64|4.61|4.47|4.80|5.00|5.00
MILLAN              MARIA|01:940:101:11|4.72|4.80|4.81|4.84|4.85|4.82|4.72|4.27|4.85|4.68|4.64|4.93|4.75|4.64|4.61|4.47|4.80|5.00|5.00
ERANJAFALCONI       FANNYA|01:940:102:01|3.84|3.79|3.80|4.16|4.33|3.53|3.29|3.88|3.63|3.35|3.53|4.41|3.43|3.18|3.24|3.00
CLIFFORD            JEREMIAH|01:940:102:10|3.84|3.79|3.80|4.16|4.33|3.53|3.29|3.88|3.63|3.35|3.53|4.41|3.43|3.18|3.24|3.00|5.00|5.00
VIEVA               BEATRIZ|01:940:121:01|4.09|4.53|4.59|4.68|4.64|4.18|3.99|3.81|4.16|4.00|3.84|4.71|4.06|3.89|3.87|3.98|4.75
PENA                SANTIAGO|01:940:121:10|4.09|4.53|4.59|4.68|4.64|4.18|3.99|3.81|4.16|4.00|3.84|4.71|4.06|3.89|3.87|3.98|4.75|5.00
PENA                SANTIAGO|01:940:121:11|4.09|4.53|4.59|4.68|4.64|4.18|3.99|3.81|4.16|4.00|3.84|4.71|4.06|3.89|3.87|3.98|4.75|5.00
PELAEZMARTINEZ      BEATRIZ|01:940:131:01|4.85|4.89|4.85|4.98|4.90|4.83|4.74|4.61|4.85|4.80|4.58|4.97|4.66|4.65|4.65|4.39
CARBAJAL            ALEK ANDRA|01:940:131:02|4.85|4.89|4.85|4.98|4.90|4.83|4.74|4.61|4.85|4.80|4.58|4.97|4.66|4.65|4.65|4.39
CHIVUKULA           LUCRECIA|01:940:131:10|4.85|4.89|4.85|4.98|4.90|4.83|4.74|4.61|4.85|4.80|4.58|4.97|4.66|4.65|4.65|4.39
PINOCHETCOBOS       VIV ANA|01:940:132:01|4.45|4.44|4.44|4.49|4.57|4.21|3.98|4.46|4.36|4.25|4.08|4.83|4.08|3.91|3.91|3.77
NAVA                RAFAEL|01:940:132:10|4.45|4.44|4.44|4.49|4.57|4.21|3.98|4.46|4.36|4.25|4.08|4.83|4.08|3.91|3.91|3.77|5.00|5.00|5.00
MARTINEZQUIROGA     PILAR|01:940:132:11|4.45|4.44|4.44|4.49|4.57|4.21|3.98|4.46|4.36|4.25|4.08|4.83|4.08|3.91|3.91|3.77
MARTINEZ            PALAEZ|01:940:160:01|4.65|4.78|4.76|4.88|4.68|4.53|4.34|3.66|4.59|4.45|4.59|4.80|3.57|3.29|3.47|3.82|5.00
NUNEZ               OLGA|01:940:202:01|4.93|4.86|4.79|4.93|4.77|4.79|4.86|4.79|4.69|4.64|4.67|4.67|4.90|4.55|4.70|5.00
BUTLER              B|01:940:203:01|4.75|4.88|4.68|4.85|4.73|4.56|4.34|4.46|4.60|4.51|4.20|4.75|4.20|4.09|3.98|4.10
BUTLER              BONNIE|01:940:203:02|4.75|4.88|4.68|4.85|4.73|4.56|4.34|4.46|4.60|4.51|4.20|4.75|4.20|4.09|3.98|4.10
ADRIASOLAVELASCO    JUANJOSE|01:940:204:02|4.38|4.48|4.35|4.51|4.43|4.21|3.93|4.41|4.23|4.08|3.67|4.61|3.88|3.70|3.68|3.95
SLINGER             WILLI*|01:940:204:10|4.38|4.48|4.35|4.51|4.43|4.21|3.93|4.41|4.23|4.08|3.67|4.61|3.88|3.70|3.68|3.95
SLINGER             WILLIAM|01:940:205:01|4.40|4.53|4.29|4.36|4.13|3.87|3.67|4.53|4.07|3.71|3.08|4.85|3.92|2.92|3.58|2.80
MARCONE             JORGE|01:940:215:01|4.82|4.82|4.75|4.80|4.58|4.57|4.52|4.24|4.67|4.53|4.72|4.96|4.70|4.65|4.65|4.38
CABRERASERANO       MARTA|01:940:215:02|4.82|4.82|4.75|4.80|4.58|4.57|4.52|4.24|4.67|4.53|4.72|4.96|4.70|4.65|4.65|4.38|5.00|5.00
KIM                 YEONSOO|01:940:215:03|4.82|4.82|4.75|4.80|4.58|4.57|4.52|4.24|4.67|4.53|4.72|4.96|4.70|4.65|4.65|4.38|5.00|5.00
PELAEZMARTINEZ      BEATRIZ|01:940:325:01|4.80|4.84|4.81|4.89|4.84|4.72|4.56|4.56|4.75|4.64|4.66|4.89|4.72|4.62|4.54|4.22
NUNEZ               OLGA|01:940:325:02|4.80|4.84|4.81|4.89|4.84|4.72|4.56|4.56|4.75|4.64|4.66|4.89|4.72|4.62|4.54|4.22
NUNEZ               OLGA|01:940:325:03|4.80|4.84|4.81|4.89|4.84|4.72|4.56|4.56|4.75|4.64|4.66|4.89|4.72|4.62|4.54|4.22
BISHOP              STEPHEN|01:940:325:10|4.80|4.84|4.81|4.89|4.84|4.72|4.56|4.56|4.75|4.64|4.66|4.89|4.72|4.62|4.54|4.22|5.00
PARK                ANA|01:940:326:01|3.89|4.02|3.98|4.47|4.28|3.91|4.07|4.22|3.96|3.93|3.91|4.16|4.03|4.22|4.10|3.89
CHUNG               CARMINA|01:940:326:10|3.89|4.02|3.98|4.47|4.28|3.91|4.07|4.22|3.96|3.93|3.91|4.16|4.03|4.22|4.10|3.89|4.50|5.00|5.00
SLINGER             WILLIAM|01:940:327:01|4.82|4.82|4.76|4.71|4.71|4.53|4.00|4.65|4.53|4.18|3.91|4.58|4.46|3.73|4.27|3.80
NARVAEZ             CARLOS|01:940:332:02|4.89|4.96|4.89|4.96|4.93|4.83|4.71|4.70|4.93|4.81|4.57|5.00|4.73|4.58|4.39|4.60
BUTLER              BONNIE|01:940:333:10|4.71|4.75|4.64|4.74|4.43|4.46|4.44|4.39|4.67|4.54|4.57|4.71|4.41|4.37|4.50|4.42
SELMACOHEN          SELMA|01:940:334:02|4.50|4.60|4.35|4.63|4.45|4.16|4.02|3.95|4.23|4.18|4.44|4.78|3.89|3.86|3.85|4.10|3.50|4.00
SCHWARTZ            MARCY|01:940:334:03|4.50|4.60|4.35|4.63|4.45|4.16|4.02|3.95|4.23|4.18|4.44|4.78|3.89|3.86|3.85|4.10
KIM                 HOON|01:940:336:02|4.74|4.72|4.49|4.53|4.48|4.47|4.48|4.26|4.58|4.47|4.68|4.84|4.24|4.32|4.09|4.38
MARTINMARQUEZ       SUSAN|01:940:336:03|4.74|4.72|4.49|4.53|4.48|4.47|4.48|4.26|4.58|4.47|4.68|4.84|4.24|4.32|4.09|4.38
KIM                 HOON|01:940:348:01|4.47|4.11|3.89|3.84|4.11|3.63|4.21|4.00|4.41|4.39|4.56|4.95|4.50|4.60|4.50|4.40
SANCHEZ             CELSO|01:940:360:01|4.38|4.67|4.43|4.62|4.50|4.29|4.29|4.19|4.19|4.25|3.58|4.68|4.26|4.05|4.11|4.27
LINARES             CARLO|01:940:361:03|4.71|4.50|4.47|4.64|4.72|4.44|4.39|3.83|4.46|4.50|3.91|4.83|4.42|4.23|4.39|4.35
SANCHEZ             LILIANA|01:940:363:01|4.67|4.78|4.67|4.81|4.63|4.29|4.39|3.89|4.42|4.26|4.04|4.77|4.08|3.70|4.12|4.04|5.00|4.00|4.00
CAMACHO             JOSE|01:940:363:02|4.67|4.78|4.67|4.81|4.63|4.29|4.39|3.89|4.42|4.26|4.04|4.77|4.08|3.70|4.12|4.04
CAMACHO             JOSE|01:940:364:01|4.42|4.09|4.00|4.55|4.09|3.91|3.45|4.00|4.09|3.78|4.33|4.36|3.64|3.36|3.58|3.56
SANCHEZ             KAREN|01:940:366:10|4.54|4.75|4.75|4.93|4.60|4.53|4.50|4.63|4.67|4.64|3.94|5.00|4.00|3.31|3.60|3.69
BRICKELL            SUSAN|01:940:401:10|4.61|4.50|4.89|4.78|4.61|4.50|4.56|4.83|4.56|4.50|4.47|4.67|4.56|4.50|4.22|4.31
SMISHKEWYCH         MARGARITA|01:940:402:10|3.92|4.33|4.25|4.67|4.55|4.08|4.08|4.50|4.08|4.25|4.83|4.75|4.08|4.00|3.92|4.00
SANCHEZ             LILIANA|01:940:420:01|4.64|4.73|4.27|4.73|4.48|4.24|4.52|3.77|4.57|4.38|4.42|4.86|4.18|3.71|4.09|4.11
STEPHENS            THOMAS|01:940:460:01|5.00|5.00|5.00|5.00|5.00|4.86|5.00|4.43|5.00|4.86
DALLMANN            HANK|01:940:471:10|4.50|4.50|4.50|4.50|4.22|4.40|4.40|4.20|4.43|4.00|4.70|4.50|4.20|4.33|3.75|4.00
MORENO              AL|01:940:475:10|4.40|4.60|4.60|4.60|4.50|4.40|4.25|3.20|4.40|4.25|4.00|5.00|4.40|4.00|4.00|3.75
KIM                 YEONSOO|01:940:489:01|4.90|4.90|4.80|4.80|4.70|4.50|4.80|4.10|4.67|4.50|4.70|4.90|4.44|4.38|4.25|4.44
OTEROTORRES         DAMARIS|01:940:490:01|4.71|4.43|4.33|4.57|4.33|4.00|4.50|3.50|4.29|4.33|4.80|4.83|3.83|3.40|3.20|4.33
MARCONE             JORGE|01:940:491:01|4.50|4.63|4.63|4.57|4.25|4.38|4.71|3.75|4.63|4.29|4.63|4.88|4.63
