BONADIE             DENNISTON|01:014:103:01|4.79|4.79|4.68|4.73|4.75|4.52|4.69|4.32|4.75|4.72|4.50|4.00|5.00|4.00|5.00|4.00|5.00|5.00
RAMSAMY             EDWARD|01:014:204:01|4.96|4.97|4.93|4.97|4.86|4.96|4.97|4.45|4.94|4.94|5.00|5.00|5.00|5.00|5.00|5.00|5.00|5.00|5.00
JACKSONBREWER       KARLA|01:014:206:01|4.76|4.83|4.89|4.90|4.70|4.60|4.77|4.57|4.76|4.73
JOHNSON             WALTON|01:014:330:01|4.86|4.59|4.71|4.82|4.41|4.59|4.64|3.64|4.64|4.57
KHAN                KAMAL|01:014:347:01|4.24|4.14|4.28|3.89|3.86|3.61|4.29|4.11|4.00|4.04|4.00|4.00|4.00|4.00|4.00|4.00|4.00|4.00|4.00
PAXTON              JOHN|01:014:355:01|4.23|4.33|4.41|4.44|4.05|4.44|4.07|3.89|4.48|4.54|5.00|5.00|5.00|5.00|5.00|5.00|5.00|5.00|5.00
BETHEL              LEONA *|01:014:369:01|4.67|4.67|4.78|4.89|4.89|4.67|4.78|4.11|4.56|4.56
BUTLER              KIM|01:014:410:01|4.33|4.50|4.33|4.50|4.33|4.50|4.50|4.00|4.83|4.83
BETHEL              LEONARD|01:014:423:01|5.00|5.00|5.00|5.00|5.00|5.00|5.00|4.00|5.00|5.00
RAMSAMY             EDWARD|01:014:490:02|5.00|5.00|5.00|5.00|5.00|5.00|5.00|4.79|5.00|5.00
