SOFER               WILLIAM|01:447:380:00|4.21|4.12|3.92|4.21|3.86|3.74|3.76|3.85|3.81|3.73|3.40|4.50|4.50|4.50|4.50|4.50|4.50|4.50|4.50
MCKIM               KIM|01:447:380:00|4.21|4.12|3.92|4.21|3.86|3.74|3.76|3.85|3.81|3.73|3.40|4.50|4.50|4.50|4.50|4.50|4.50|4.50|4.50
GLODOWSKI           DOREEN|01:447:380:00|4.21|4.12|3.92|4.21|3.86|3.74|3.76|3.85|3.81|3.73
HO                  ERIC|01:447:380:08|4.21|4.12|3.92|4.21|3.86|3.74|3.76|3.85|3.81|3.73
KRAMER              LARRY|01:447:380:15|4.21|4.12|3.92|4.21|3.86|3.74|3.76|3.85|3.81|3.73
YU                  SIMON|01:447:382:04|4.45|4.14|4.10|4.42|4.36|4.06|3.83|3.64|4.22|3.97|3.69|3.74|3.94|4.00|2.00
YU                  SIMON|01:447:382:08|4.45|4.14|4.10|4.42|4.36|4.06|3.83|3.64|4.22|3.97|3.69|3.74|3.94
MCGUIRE             TERRY|01:447:384:00|4.12|3.90|3.96|4.11|3.62|3.85|4.24|4.54|3.83|3.89
SIMON               LEE|01:447:403:02|4.00|4.25|4.00|4.00|4.25|3.25|4.25|4.25|4.25|4.00
CHIU                CHIH*|01:447:420:01|3.89|4.44|4.33|5.00|4.33|4.11|4.67|4.89|4.11|4.44
SINHA               NAVIN|01:447:451:01|4.67|4.67|4.04|4.88|4.04|3.68|4.08|3.84|4.29|3.80
RONGO               CHRIS|01:447:480:01|4.11|4.11|4.07|4.25|4.11|3.91|4.13|4.27|4.02|4.12
SHUMYATSKY          GLEB|01:447:480:01|4.11|4.11|4.07|4.25|4.11|3.91|4.13|4.27|4.02|4.12
AXELROD             DAVID|01:447:495:01|4.64|4.43|4.43|4.57|3.86|3.62|4.21|4.36|4.23|4.00
