HAY                 MICHELLE|01:070:101:00|4.10|4.17|4.16|4.24|4.14|3.84|3.92|3.60|3.95|3.82|4.40|4.67|4.50|5.00|5.00|5.00|5.00|5.00|5.00
SOLERCRUZ           CARMIN|01:070:101:03|4.10|4.17|4.16|4.24|4.14|3.84|3.92|3.60|3.95|3.82
SOLERCRUZ           CARMIN|01:070:101:08|4.10|4.17|4.16|4.24|4.14|3.84|3.92|3.60|3.95|3.82
SOLERCRUZ           CARMIN|01:070:101:10|4.10|4.17|4.16|4.24|4.14|3.84|3.92|3.60|3.95|3.82
CACHEL              SUSAN|01:070:102:00|4.53|4.04|3.91|4.20|4.29|3.80|3.88|3.70|3.93|3.67
TRIVERS             ROBERT|01:070:204:01|4.29|4.52|4.71|4.62|4.60|4.19|4.32|3.76|4.38|4.44
BLUMENSCHINE        ROBERT|01:070:207:01|4.19|4.38|4.35|4.72|4.40|4.00|4.19|4.15|4.23|4.12
PALOMBIT            RYNE|01:070:212:01|4.86|4.86|4.77|4.77|4.05|4.55|4.73|4.19|4.67|4.71|4.14|4.10|4.25|3.20|4.00|3.91
OBRIEN ROBERT|01:070:216:01|4.67|4.92|4.92|4.88|4.79|4.79|4.79|3.48|4.75|4.61
TAKARAGAWA          STEPHANIE|01:070:250:01|4.13|4.44|4.54|4.24|4.46|4.28|4.22|3.92|4.23|4.15
TAKARAGAWA          STEPHANIE|01:070:291:01|4.34|4.55|4.46|4.59|4.43|4.21|4.10|3.68|4.38|4.21|5.00|5.00|5.00|5.00|5.00|5.00|5.00|5.00
HAUGERUD            ANGELIQUE|01:070:303:01|4.32|4.45|4.18|4.50|4.10|3.78|4.03|3.10|4.15|3.92
HAUGERUD            ANGELIQUE|01:070:303:02|4.32|4.45|4.18|4.50|4.10|3.78|4.03|3.10|4.15|3.92
OBRIEN ROBERT|01:070:305:01|4.53|4.80|4.73|5.00|4.13|4.60|4.67|4.07|4.57|4.23
OBRIEN ROBERT|01:070:307:01|4.57|4.71|4.76|4.76|4.62|4.76|4.67|3.90|4.63|4.65
MORREN              GEORGE|01:070:309:01|4.41|4.13|3.88|4.19|4.31|3.88|3.63|3.88|3.88|3.80
AHEARN              LAURA|01:070:312:01|4.94|4.88|4.88|4.88|4.65|4.71|4.47|4.00|4.76|4.59
TAKARAGAWA          STEPHANIE|01:070:318:01|4.92|5.00|5.00|5.00|4.91|4.91|4.91|4.18|5.00|5.00
SCHEIN              LOUISA|01:070:320:01|4.70|4.60|4.60|4.80|4.40|4.30|4.50|4.67|4.56|4.56
CRONK               LEE|01:070:325:01|4.89|4.73|4.76|4.59|4.59|4.62|4.59|4.35|4.69|4.59
SCHRIRE             CARMEL|01:070:333:01|3.73|3.27|3.73|3.09|3.91|3.10|4.09|4.09|3.09|3.18
PALOMBIT            RYNE|01:070:348:01|5.00|5.00|4.92|5.00|4.92|4.83|4.83|4.67|4.83|4.73|4.36|4.27|4.82|3.45|4.36|4.30
SCHRIRE             C|01:070:380:01|4.16|4.20|4.32|4.36|4.39|3.96|3.95|3.67|4.04|3.75
