FELDER              SIDNEY|01:730:101:01|3.84|4.26|4.13|4.32|4.61|3.81|3.65|3.57|3.87|3.80
BODANSZKY           EVA|01:730:103:04|3.96|4.09|3.99|4.27|3.88|3.59|3.89|3.74|3.86|3.77|5.00
LIN                 MARTIN|01:730:103:05|3.96|4.09|3.99|4.27|3.88|3.59|3.89|3.74|3.86|3.77
STANLEY             JASON|01:730:103:71|3.96|4.09|3.99|4.27|3.88|3.59|3.89|3.74|3.86|3.77
STICH               STEPHEN|01:730:104:00|4.61|4.51|4.44|4.60|4.33|4.24|4.31|3.95|4.45|4.33|4.60
MCCROSSIN           EDWARD|01:730:105:01|4.44|4.65|4.53|4.82|4.71|4.28|4.29|3.71|4.43|4.34
TEMKIN              LARRY|01:730:106:00|4.42|4.22|4.44|4.51|4.23|4.23|4.26|3.89|4.26|4.23|5.00
SMITH               HOLLY|01:730:107:01|4.49|4.65|4.44|4.65|4.36|4.09|4.11|3.58|4.34|4.21|3.83|2.92|2.84|4.26|4.39|4.00
KIVY                PETER|01:730:107:02|4.49|4.65|4.44|4.65|4.36|4.09|4.11|3.58|4.34|4.21|3.83|2.92
NEUFELD             BRENDAN|01:730:201:01|4.44|4.38|3.96|4.41|4.32|4.08|4.02|3.35|4.20|4.04
DENISSON            SERGUEI|01:730:201:02|4.44|4.38|3.96|4.41|4.32|4.08|4.02|3.35|4.20|4.04
EGAN                MARY F|01:730:201:06|4.44|4.38|3.96|4.41|4.32|4.08|4.02|3.35|4.20|4.04
BOLTON              MARTHA|01:730:205:01|4.57|4.65|4.44|4.63|4.65|4.32|4.28|4.00|4.59|4.46|5.00
BUNZL               MARTIN|01:730:225:01|4.29|4.29|4.54|4.36|4.09|4.19|4.26|3.63|4.26|4.15
MCGARY              HOWARD|01:730:258:01|4.65|4.60|4.70|4.75|4.42|4.45|4.55|4.00|4.58|4.65
MAUDLIN             VISHNU|01:730:261:01|4.04|3.59|3.75|3.50|3.78|3.29|3.43|3.75|3.50|3.75
COLBY               MARK|01:730:268:01|4.64|4.63|4.28|4.45|4.61|4.15|4.42|4.16|4.61|4.63
ROHR                MARK|01:730:301:01|3.61|3.82|3.52|3.81|3.03|3.22|3.63|3.38|3.45|3.25
BOLTON              MARTHA|01:730:307:01|4.72|4.64|4.29|4.83|4.36|4.17|4.33|3.67|4.65|4.35
MCCROSSIN           EDWARD|01:730:308:01|4.42|4.83|4.65|5.00|4.67|4.29|4.33|3.96|4.43|4.17
BUZLAGO             MEIR|01:730:311:01|3.50|4.00|4.00|4.50|3.00|3.00|3.00|5.00|2.50|2.50
DOUARD              JOHN|01:730:328:01|4.21|4.25|3.82|4.33|4.26|3.79|3.82|4.11|3.93|3.85
MATTHEWS            ROBERT|01:730:328:02|4.21|4.25|3.82|4.33|4.26|3.79|3.82|4.11|3.93|3.85
MCMAHAN             JEFF|01:730:330:01|3.75|4.86|4.86|4.71|4.60|4.32|4.68|4.36|4.64|4.57
HUSAK               DOUGLAS|01:730:341:01|4.79|4.66|4.79|4.79|4.57|4.64|4.50|4.10|4.79|4.75
HUSAK               DOUGLAS|01:730:358:01|4.79|4.83|4.72|4.71|4.34|4.48|4.69|4.32|4.76|4.66|5.00|5.00|5.00|5.00
BRYANT              EDWIN|01:730:368:01|4.67|4.28|4.57|4.44|4.32|4.22|4.49|4.00|4.44|4.31|5.00|5.00|5.00|5.00
CHANG               RUTH|01:730:380:01|4.97|4.93|4.68|4.93|4.79|4.68|4.72|4.32|4.93|4.74|4.39|3.48
LIN                 MARTIN|01:730:404:01|4.25|4.42|4.42|4.25|4.67|4.17|4.18|3.83|4.17|4.25
COLBY               MARK|01:730:409:01|4.70|4.70|4.70|4.70|4.00|4.35|4.29|3.90|4.50|4.30
CODE                ALAN|01:730:414:01|4.58|4.25|4.25|5.00|4.67|4.08|4.33|4.00|4.17|4.08
KING                JEFFREY|01:730:415:01|4.44|4.29|4.56|4.39|4.12|4.28|4.33|4.28|4.33|4.17
MCLAUGHLIN          BRIAN|01:730:418:01|4.64|4.58|4.63|4.52|4.52|4.30|4.58|4.21|4.46|4.54
MATTHEWS            ROBERT|01:730:420:01|4.80|4.87|4.27|4.47|4.13|4.33|4.27|4.13|4.47|4.07
MAUDLIN             TIM|01:730:426:01|4.78|4.74|4.87|4.87|4.57|4.70|4.65|4.57|4.74|4.74
SMITH               HOLLY|01:730:450:01|4.92|4.92|4.46|4.85|4.54|4.23|4.46|4.23|4.54|4.54|3.42|4.00|2.67|2.25|2.75
