HUNT                JOANNE|01:377:140:01|4.53|4.48|4.38|4.49|4.26|4.11|4.07|4.20|4.27|4.18
HUNT                JOANNE|01:377:140:02|4.53|4.48|4.38|4.49|4.26|4.11|4.07|4.20|4.27|4.18
KAPLOWITZ           SUSAN|01:377:140:03|4.53|4.48|4.38|4.49|4.26|4.11|4.07|4.20|4.27|4.18
KAPLOWITZ           SUSAN|01:377:140:04|4.53|4.48|4.38|4.49|4.26|4.11|4.07|4.20|4.27|4.18|5.00|4.50|4.50|5.00|4.50|5.00|5.00|5.00|5.00
EPSTEIN             MERYL|01:377:170:01|4.44|4.81|4.41|4.93|4.71|4.35|4.38|4.27|4.28|4.23
GLADIS              KATHLEEN|01:377:180:01|4.96|4.92|4.85|4.96|4.64|4.72|4.70|4.39|4.64|4.84|5.00
GLADIS              K|01:377:191:01|4.89|4.76|4.88|4.88|4.76|4.72|4.71|4.45|4.74|4.69
GLADIS              KATHLEEN|01:377:191:02|4.89|4.76|4.88|4.88|4.76|4.72|4.71|4.45|4.74|4.69|5.00|4.00|4.00|4.00|4.00
BYRDVAUGHN          MIKYLE|01:377:213:00|4.71|4.78|4.66|4.75|4.55|4.45|4.76|4.60|4.59|4.61|4.00
DIVINE              ADAM|01:377:213:01|4.71|4.78|4.66|4.75|4.55|4.45|4.76|4.60|4.59|4.61
DIVINE              ADAM|01:377:213:02|4.71|4.78|4.66|4.75|4.55|4.45|4.76|4.60|4.59|4.61
DIVINE              ADAM|01:377:213:03|4.71|4.78|4.66|4.75|4.55|4.45|4.76|4.60|4.59|4.61
BYRDVAUGHN          MIKYLE|01:377:213:04|4.71|4.78|4.66|4.75|4.55|4.45|4.76|4.60|4.59|4.61
BYRDVAUGHN          MIKYLE|01:377:213:05|4.71|4.78|4.66|4.75|4.55|4.45|4.76|4.60|4.59|4.61
DEVINE              ADAM|01:377:213:06|4.71|4.78|4.66|4.75|4.55|4.45|4.76|4.60|4.59|4.61
DIVINE              ADAM|01:377:213:07|4.71|4.78|4.66|4.75|4.55|4.45|4.76|4.60|4.59|4.61
BRIDENBAUGH         EOHN|01:377:215:01|4.11|4.22|4.22|4.00|3.78|3.78|4.11|4.67|3.78|4.00
SWIFT               SHARON|01:377:275:01|4.23|4.05|4.05|4.35|4.41|3.86|3.61|3.05|4.02|3.86
DOEMLAND            JULIA|01:377:301:01|4.66|4.46|4.35|4.57|4.42|4.16|4.25|3.87|4.32|4.18
DOEMLAND            JULIA|01:377:301:02|4.66|4.46|4.35|4.57|4.42|4.16|4.25|3.87|4.32|4.18|4.00
MANFREDONIA         EMIL|01:377:303:01|4.75|4.78|4.68|4.81|4.78|4.63|4.69|4.46|4.75|4.66|5.00|5.00|5.00|5.00|5.00|5.00|5.00
KAPLOWITZ           SUSAN|01:377:304:01|4.25|3.92|3.96|4.22|3.65|4.00|4.00|3.63|3.88|3.96
DOEMLAND            JULIA|01:377:305:01|4.32|4.27|4.13|4.05|3.94|3.78|3.70|3.50|3.91|3.83
COLLINCINI          GERALD|01:377:306:01|4.69|4.85|4.62|5.00|5.00|4.58|4.50|4.17|4.62|4.38
KAPLOWITZ           SUSAN|01:377:310:01|4.00|3.71|3.53|3.76|3.53|3.59|4.06|3.59|3.59|4.13
FINKELSTEIN         MYRON|01:377:311:01|4.88|4.96|4.89|4.92|4.92|4.74|4.77|4.63|4.81|4.81
ROSENWASSER         MARIAN|01:377:317:01|4.93|5.00|4.81|4.96|4.89|4.74|4.65|4.44|4.92|4.78
DOUGHERTY           NEIL|01:377:319:01|4.94|4.94|4.88|4.88|4.35|4.56|4.47|3.71|4.61|4.56
DOUGHERTY           NEIL|01:377:320:01|4.89|4.56|4.59|4.36|4.39|4.27|4.47|3.71|4.35|4.33
DOUGHERTY           NEIL|01:377:320:02|4.89|4.56|4.59|4.36|4.39|4.27|4.47|3.71|4.35|4.33
DOUGHERTY           NEIL|01:377:323:01|4.88|4.42|4.46|4.12|3.73|4.08|4.15|3.62|4.16|4.16
SHARKEY             LINDA|01:377:324:01|4.38|4.58|4.48|4.72|4.56|4.12|4.32|3.60|4.32|4.12
ROSENWASSER         MARIAN|01:377:330:01|4.83|4.95|4.76|4.95|4.86|4.68|4.70|4.05|4.86|4.78
ROSENWASSER         MARIAN|01:377:330:02|4.83|4.95|4.76|4.95|4.86|4.68|4.70|4.05|4.86|4.78
ROSENWASSER         MARIAN|01:377:331:01|4.92|4.96|4.77|4.96|4.85|4.73|4.58|3.96|4.83|4.67
AOYAGI              KAZUK|01:377:381:01|4.80|4.50|4.50|4.70|4.44|4.20|4.30|3.89|4.40|4.20
SHARKEY             LINDA|01:377:406:01|4.57|4.70|4.60|4.78|4.73|4.36|4.26|3.96|4.51|4.40
FINKELSTEIN         MYRON|01:377:406:02|4.57|4.70|4.60|4.78|4.73|4.36|4.26|3.96|4.51|4.40
COLLINCINI          GERALD|01:377:406:03|4.57|4.70|4.60|4.78|4.73|4.36|4.26|3.96|4.51|4.40
DIFABIO             DAVID|01:377:410:00|4.52|4.39|4.37|4.53|3.68|3.84|4.15|4.23|3.88|3.76
FINKELSTEIN         MYRON|01:377:412:01|4.60|5.00|5.00|5.00|5.00|5.00|5.00|5.00|5.00|5.00
LOU                 JIANXIONG|01:377:413:01|3.50|2.83|2.33|3.50|3.67|2.83|2.67|2.33|3.00|3.33
