KUHN                KEN|01:470:101:01|4.70|4.80|4.76|4.81|4.85|4.70|4.59|4.28|4.83|4.72|4.81|4.86|4.05|4.24
EHLER               KARIN|01:470:101:03|4.70|4.80|4.76|4.81|4.85|4.70|4.59|4.28|4.83|4.72|4.81|4.86|4.05|4.24
KUHN                KENNETH|01:470:102:02|4.17|4.67|4.58|4.79|4.27|4.17|4.04|4.46|4.13|4.17|4.14|4.84|4.24|3.90
BOGHOSSIAN          ANNELIESE|01:470:102:03|4.17|4.67|4.58|4.79|4.27|4.17|4.04|4.46|4.13|4.17|4.14|4.84|4.24|3.90
EHLER               KARIN|01:470:103:01|4.89|5.00|4.56|4.89|4.63|4.67|4.44|4.13|4.67|4.56|4.75|4.75|4.25|4.38
EHLER               KARIN|01:470:104:01|4.83|5.00|4.83|5.00|5.00|4.83|5.00|5.00|4.83|4.83|4.67|4.75|4.67|4.67
CLOWACKL            DORIS|01:470:132:02|4.88|4.88|4.69|4.92|4.77|4.69|4.69|4.65|4.84|4.69|4.57|4.86|4.43|4.48|5.00
CIKLAMINI           MARLENE|01:470:302:01|4.67|5.00|4.78|5.00|4.78|4.89|5.00|5.00|5.00|4.78|4.50|4.88|5.00|5.00
CRAIG               CHARLOTTE|01:470:314:01|2.89|2.67|2.11|3.33|2.33|2.11|2.67|3.78|2.25|2.38|3.67|4.56|4.56|2.56
DEANGELO            JAMES|01:470:348:01|4.67|4.78|4.78|4.89|4.88|4.56|4.67|4.44|4.67|4.57|4.63|4.63|4.75|4.63
NAQVI               FATIMA|01:470:360:01|4.82|4.91|4.45|4.64|4.45|4.36|3.82|3.55|4.45|4.45|4.25|4.00|4.25|4.00
RENNIE              NICHOLAS|01:470:389:01|4.77|4.85|4.92|4.69|4.25|4.85|4.62|4.31|4.85|4.75|4.43|4.14|4.14|4.29
JAROSINSKI          ERIC|01:470:390:01|4.60|4.90|4.67|4.80|4.90|4.50|4.33|4.20|4.50|4.60|4.80|4.30|4.80|4.70
DOWNING             ERIC|01:470:391:01|4.86|4.86|4.86|4.86|4.83|4.86|4.83|4.86|4.83|4.80|5.00|4.80|5.00|5.00
MULSOW              M|01:470:392:01|5.00|4.67|4.33|5.00|4.67|4.33|4.67|4.00|4.33|4.33|5.00|3.00|5.00|5.00
