JAVIER              PAOLO|01:351:212:01|4.11|4.07|4.20|4.13|4.07|3.90|3.83|4.30|3.88|3.93|4.15|3.08|3.52|3.71|3.89|4.07
BETTS               TARA|01:351:212:02|4.11|4.07|4.20|4.13|4.07|3.90|3.83|4.30|3.88|3.93|4.15|3.08|3.52|3.71|3.89|4.07
BINDER              LEILA|01:351:212:04|4.11|4.07|4.20|4.13|4.07|3.90|3.83|4.30|3.88|3.93|4.15|3.08|3.52|3.71|3.89|4.07
HOBAYAN             LESLIEANN|01:351:212:05|4.11|4.07|4.20|4.13|4.07|3.90|3.83|4.30|3.88|3.93|4.15|3.08|3.52|3.71|3.89|4.07
LORANGER            RICHARD|01:351:212:06|4.11|4.07|4.20|4.13|4.07|3.90|3.83|4.30|3.88|3.93|4.15|3.08|3.52|3.71|3.89|4.07
JAVIER              PAOLO|01:351:212:07|4.11|4.07|4.20|4.13|4.07|3.90|3.83|4.30|3.88|3.93|4.15|3.08|3.52|3.71|4.00|3.89|4.07|3.50|5.00
BINDER              LEILA|01:351:212:09|4.11|4.07|4.20|4.13|4.07|3.90|3.83|4.30|3.88|3.93|4.15|3.08|3.52|3.71|3.89|4.07
BECKER              PRISCILLA|01:351:212:10|4.11|4.07|4.20|4.13|4.07|3.90|3.83|4.30|3.88|3.93|4.15|3.08|3.52|3.71|4.00|3.89|4.07
MURRAY              RICHARD|01:351:212:11|4.11|4.07|4.20|4.13|4.07|3.90|3.83|4.30|3.88|3.93|4.15|3.08|3.52|3.71|3.89|4.07|3.50
ELLIS               KATHERINE|01:351:212:12|4.11|4.07|4.20|4.13|4.07|3.90|3.83|4.30|3.88|3.93|4.15|3.08|3.52|3.71|3.89|4.07
KUSCH               R|01:351:241:01|4.88|4.84|4.88|4.96|4.79|4.76|4.80|4.24|4.92|4.88|4.62|2.86|3.71|4.00|5.00|4.05|4.16|5.00|5.00
GLISERMAN           MARTIN|01:351:242:01|4.69|4.68|4.68|4.79|4.50|4.52|4.45|4.31|4.65|4.54|4.48|3.04|3.30|4.18|5.00|4.00|4.23|4.00
ELLIS               KATHERINE|01:351:305:01|3.92|4.31|4.62|4.58|4.29|4.15|3.85|4.46|3.75|3.69|3.92|3.80|3.80|3.50|3.50|3.89|4.10|3.00
MILLER SUSAN|01:351:306:01|4.42|4.50|4.74|4.62|4.65|4.67|4.49|4.48|4.55|4.62|4.45|3.85|4.44|4.26|4.30|4.43
JOHNSON             KARMA|01:351:306:02|4.42|4.50|4.74|4.62|4.65|4.67|4.49|4.48|4.55|4.62|4.45|3.85|4.44|4.26|4.80|4.30|4.43|5.00
SHOCKLEY            EVIE|01:351:306:03|4.42|4.50|4.74|4.62|4.65|4.67|4.49|4.48|4.55|4.62|4.45|3.85|4.44|4.26|4.80|4.30|4.43|5.00|5.00
TUPPER              LARA|01:351:307:01|4.83|4.81|4.86|4.89|4.79|4.76|4.56|4.80|4.78|4.71|4.75|3.62|4.00|4.40|4.35|4.37
TUPPER              LARA|01:351:307:02|4.83|4.81|4.86|4.89|4.79|4.76|4.56|4.80|4.78|4.71|4.75|3.62|4.00|4.40|4.35|4.37
OSBORN              SUSAN|01:351:307:03|4.83|4.81|4.86|4.89|4.79|4.76|4.56|4.80|4.78|4.71|4.75|3.62|4.00|4.40|4.35|4.37
SPIEGELGROTE        JASON|01:351:308:01|3.86|4.76|4.52|4.67|4.33|4.43|4.10|4.48|4.62|4.33|3.85|3.21|3.31|4.29|4.22|4.67
WALKER              STEVEN|01:351:326:01|4.53|4.33|4.60|4.53|4.47|4.27|4.27|3.73|4.33|4.27|3.64|2.92|3.00|4.00|4.07|4.54|5.00
CHISM               C|01:351:332:01|4.65|4.84|4.68|4.88|4.78|4.45|4.35|4.24|4.67|4.47|4.81|3.00|3.69|3.83|5.00|4.07|4.11|4.50
DIENST              RICHARD|01:351:337:01|4.48|4.70|4.61|4.73|4.48|4.45|4.52|4.24|4.44|4.52|4.67|3.29|3.67|2.97|3.58|4.23
PERERA              SONALI|01:351:359:01|4.23|3.90|3.84|3.90|4.00|3.74|3.77|3.17|3.63|3.72|3.85|2.74|3.13|3.46|5.00|3.48|4.27|4.00
BARNETT             LOUISE|01:351:376:01|4.36|4.27|3.82|4.36|4.55|3.73|4.00|4.27|3.90|4.00|4.57|2.86|3.60|4.57|4.43|4.14
CHUTE               H|01:351:385:02|4.88|4.70|4.79|4.73|4.79|4.58|4.52|3.88|4.70|4.61|4.61|3.07|3.78|4.00|4.24|4.10
OSBORN              SUSAN|01:351:406:01|4.81|4.96|4.81|4.89|4.77|4.85|4.85|4.96|4.93|4.81|4.76|3.88|3.67|4.47|5.00|4.60|4.40
MILLER SUSAN|01:351:406:02|4.81|4.96|4.81|4.89|4.77|4.85|4.85|4.96|4.93|4.81|4.76|3.88|3.67|4.47|4.60|4.40
SHERIDANRABID       MARY|01:351:492:01|4.80|4.70|4.70|4.56|4.78|4.44|4.50|3.40|4.70|4.60|4.60|4.20|4.70|4.00|3.70|4.30
