DAVIDSON            HARRIET|01:350:219:00|4.71|4.61|4.55|4.72|4.35|4.34|4.30|3.54|4.55|4.37|4.37|3.16|3.52|3.73|4.00|3.98|4.39|5.00
BREDLOV             ELIZABETH|01:350:219:06|4.71|4.61|4.55|4.72|4.35|4.34|4.30|3.54|4.55|4.37|4.37|3.16|3.52|3.73|4.00|3.98|4.39
AMICH               CANDICE|01:350:219:10|4.71|4.61|4.55|4.72|4.35|4.34|4.30|3.54|4.55|4.37|4.37|3.16|3.52|3.73|4.00|3.98|4.39
AMICH               CANDICE|01:350:219:11|4.71|4.61|4.55|4.72|4.35|4.34|4.30|3.54|4.55|4.37|4.37|3.16|3.52|3.73|4.00|3.98|4.39
KUSCH               ROBERT|01:350:219:20|4.71|4.61|4.55|4.72|4.35|4.34|4.30|3.54|4.55|4.37|4.37|3.16|3.52|3.73|4.00|3.98|4.39
JEHLEN              MYRA|01:350:220:00|4.08|3.88|3.90|4.11|3.91|3.71|3.57|3.74|3.81|3.54|4.11|3.08|3.44|3.91|4.00|3.88|4.21
CHARNEY             MAURICE|01:350:221:01|4.53|4.32|4.51|4.56|4.20|4.09|4.17|4.00|4.31|4.31|3.72|3.04|3.54|4.10|3.70|4.10
FULTON              THOMAS|01:350:225:01|4.27|4.32|4.45|4.64|4.32|4.19|4.05|3.59|4.14|4.23|4.44|2.67|3.80|4.05|3.67|4.68
JACKSON             GREGOY|01:350:227:00|4.63|4.56|4.32|4.70|4.55|4.32|4.45|3.97|4.47|4.47|4.39|3.64|4.18|3.83|4.33|4.25|4.78
GALPERIN            WILLIAM|01:350:307:01|4.08|4.33|3.89|3.94|3.97|3.71|3.83|3.54|3.91|3.74|3.43|2.43|3.04|3.44|3.00|3.47|4.19|3.00
KURNICK             DAVID|01:350:309:01|4.78|4.85|4.88|4.80|4.59|4.63|4.73|4.34|4.75|4.67|4.77|3.82|4.11|4.34|4.25|4.43|4.00
IAN                 MARCIA|01:350:311:01|3.74|3.47|3.18|3.88|3.82|2.79|3.00|3.57|2.94|2.97|3.94|2.31|3.17|3.61|3.37|4.10
IANNINI             CHRISTOPHE|01:350:315:01|4.55|4.55|4.31|4.55|4.66|4.18|4.29|3.48|4.48|4.21|4.70|3.54|3.70|3.86|3.79|4.67
LEVAO               RONALD|01:350:322:01|4.86|4.34|4.81|4.68|4.53|4.55|4.66|4.31|4.72|4.63|3.64|2.99|3.64|4.21|4.75|3.86|4.52|4.50|5.00
KUSCH               ROBERT|01:350:337:01|4.95|4.95|4.82|4.95|4.92|4.79|4.68|4.26|4.91|4.85|4.61|3.09|3.84|3.85|3.00|3.57|4.20
BUCKLEY             MATTHEW|01:350:346:01|4.92|5.00|5.00|5.00|4.92|4.92|4.75|4.15|5.00|5.00|4.62|3.73|4.00|3.92|4.23|4.31
QUALLS              BARRY|01:350:354:01|4.57|4.71|4.24|4.74|4.26|4.10|3.94|3.57|4.41|4.14|4.41|3.43|3.83|3.97|4.00|3.66|4.29|4.00|5.00
VESTERMAN           WILLIAM|01:350:356:01|4.40|3.73|4.17|3.37|3.83|3.73|3.83|4.42|3.70|3.87|4.04|2.60|3.22|3.67|4.11|4.37
MCCLURE             JOHN|01:350:357:01|4.63|4.63|4.27|4.65|4.52|3.94|4.12|3.92|4.12|4.10|4.03|2.50|3.24|4.10|3.85|4.26
PRATER              TZARINA|01:350:360:01|4.73|4.77|4.69|4.88|4.27|4.62|4.62|3.35|4.77|4.46|4.64|4.05|4.45|3.91|4.32|4.42
PRATER              TZARINA|01:350:364:01|4.60|4.60|4.73|4.67|4.29|4.50|4.33|3.93|4.69|4.31|4.31|3.75|3.83|3.58|3.85|3.92
BUSIA               ABENA|01:350:368:01|3.96|4.08|3.96|4.38|4.56|3.81|3.73|3.38|3.85|3.88|3.76|1.95|3.07|3.80|3.63|3.75
PRATER              TZARINA|01:350:369:01|4.50|4.90|5.00|4.70|4.17|4.80|4.90|4.00|4.70|4.60|4.25|4.33|4.44|4.50|4.00|4.30
ELLIS               KATHERINE|01:350:382:01|3.56|3.50|3.85|4.15|4.09|3.35|3.50|3.26|3.70|3.61|3.78|3.44|3.55|3.66|5.00|4.03|4.17|5.00
KING                ANNIE|01:350:383:01|4.65|4.56|4.71|4.76|4.59|4.35|4.35|4.00|4.76|4.59|4.35|3.31|4.14|3.82|4.18|4.59
SMITH               CAROL|01:350:386:01|4.79|4.54|4.52|4.77|4.63|4.29|4.17|3.91|4.50|4.43|4.48|3.00|3.38|4.09|4.05|4.45
CHISM               CHRIS|01:350:389:01|4.78|4.75|4.57|4.80|4.58|4.49|4.14|3.34|4.63|4.39|4.70|3.22|3.51|3.90|4.00|3.98|4.48
SADOFF              DIANNE|01:350:392:01|4.67|4.48|4.50|4.57|4.02|4.20|4.20|4.26|4.33|4.17|4.29|3.47|3.67|3.77|3.77|4.22|4.50
ROGERS              JOHN|01:350:393:01|4.58|4.59|4.59|4.66|4.57|4.41|4.39|4.37|4.41|4.39|4.48|3.43|3.71|4.04|3.95|4.38
DEKOVEN             MARIANNE|01:350:393:02|4.58|4.59|4.59|4.66|4.57|4.41|4.39|4.37|4.41|4.39|4.48|3.43|3.71|4.04|5.00|3.95|4.38|5.00|5.00
JURECIC             ANN|01:350:393:04|4.58|4.59|4.59|4.66|4.57|4.41|4.39|4.37|4.41|4.39|4.48|3.43|3.71|4.04|3.95|4.38|5.00
KLEIN               STACY|01:350:411:01|4.78|4.64|4.73|4.73|4.45|4.41|4.45|3.68|4.59|4.45|3.86|3.55|4.17|3.62|4.21|4.05
FLORSCHUETZ         ANGELA|01:350:422:01|4.86|5.00|4.93|5.00|4.93|4.64|4.71|3.79|4.93|4.93|5.00|3.77|4.36|3.86|4.54|4.46
FULTON              THOMAS|01:350:428:01|4.20|4.20|4.60|4.30|4.30|4.30|4.30|4.11|4.20|4.20|4.30|3.70|4.22|4.20|3.80|4.40
TURNER              HENRY|01:350:434:01|4.29|4.14|4.86|4.57|3.86|4.43|4.29|3.57|4.29|4.43|4.67|3.33|4.00|3.83|4.20|4.40
BARNETT             LOUISE|01:350:435:01|4.91|4.55|4.82|4.64|4.91|4.64|4.64|2.90|4.73|4.55|4.82|3.45|4.55|4.09|4.09|4.73
KURNICK             DAVID|01:350:436:01|4.73|4.67|4.87|4.87|4.20|4.27|4.47|4.33|4.69|4.69|4.64|3.71|4.14|4.29|4.50|4.50
SMITH               CAROL|01:350:437:01|4.84|4.79|4.83|4.74|4.79|4.64|4.79|4.29|4.67|4.64|4.82|3.68|4.24|4.34|4.46|4.58
VESTERMAN           WILLIAM|01:350:437:03|4.84|4.79|4.83|4.74|4.79|4.64|4.79|4.29|4.67|4.64|4.82|3.68|4.24|4.34|5.00|4.46|4.58|5.00|5.00
FERGUSON            KEVIN|01:350:437:04|4.84|4.79|4.83|4.74|4.79|4.64|4.79|4.29|4.67|4.64|4.82|3.68|4.24|4.34|4.46|4.58
MATHES              CARTER|01:350:445:02|4.77|4.77|4.69|4.77|4.85|4.38|4.54|3.85|4.67|4.69|4.83|4.17|4.33|4.00|3.92|4.17
