VERSHON             ANDREW|01:694:215:01|4.55|4.60|4.50|4.69|4.41|4.49|4.65|4.32|4.40|4.53|3.00|3.00|3.00|3.00|3.00|3.00
NEMEROFF            MARTIN|01:694:215:01|4.55|4.60|4.50|4.69|4.41|4.49|4.65|4.32|4.40|4.53
DEIS                FRANK|01:694:301:01|4.23|4.42|4.48|4.59|4.59|4.23|4.50|3.74|4.48|4.33|4.39|4.39|3.29|4.81|5.00
DEIS                FRANK|01:694:407:01|3.65|3.43|3.20|3.49|3.68|3.10|3.40|3.54|3.14|3.31|3.73|3.59|3.80|2.41
SEVERINOV           KONSTANTIN|01:694:407:01|3.65|3.43|3.20|3.49|3.68|3.10|3.40|3.54|3.14|3.31|3.73|3.59|3.80|2.41|3.00
NIEDERMAN           ROBERT|01:694:407:01|3.65|3.43|3.20|3.49|3.68|3.10|3.40|3.54|3.14|3.31|3.73|3.59|3.80|2.41
BRILL               STEVE|01:694:411:01|4.38|4.16|4.18|4.34|3.83|3.93|4.05|3.94|4.10|4.13
ANDERSON            STEPHAN|01:694:411:01|4.38|4.16|4.18|4.34|3.83|3.93|4.05|3.94|4.10|4.13
MATSUMURA           FUMIO|01:694:411:01|4.38|4.16|4.18|4.34|3.83|3.93|4.05|3.94|4.10|4.13
GABRIEL             ABRAM|01:694:411:01|4.38|4.16|4.18|4.34|3.83|3.93|4.05|3.94|4.10|4.13
DIMOVA              DESSISLAVA|01:694:413:01|4.72|4.78|4.63|4.83|4.57|4.50|4.61|4.20|4.63|4.30
PIRROTTA            VINCENZO|01:694:413:01|4.72|4.78|4.63|4.83|4.57|4.50|4.61|4.20|4.63|4.30
KUSCH               THOMAS|01:694:413:01|4.72|4.78|4.63|4.83|4.57|4.50|4.61|4.20|4.63|4.30
GUNDERSON           SAMUEL|01:694:483:01|4.50|4.54|4.21|4.46|4.14|4.29|4.00|3.72|4.30|4.17
EDERY               ISAAC|01:694:483:01|4.50|4.54|4.21|4.46|4.14|4.29|4.00|3.72|4.30|4.17
