KOHL                JAY|01:202:202:01|4.54|4.29|4.29|4.24|3.91|3.79|4.06|4.09|4.06|4.03
ZGOBA               KRISTEN|01:202:203:01|4.64|4.62|4.49|4.65|4.60|4.24|4.40|4.19|4.46|4.45|5.00|5.00|5.00|5.00|5.00|5.00|5.00|5.00|5.00
SZEJNER             ROBERT|01:202:203:02|4.64|4.62|4.49|4.65|4.60|4.24|4.40|4.19|4.46|4.45
REISNER             RONALD|01:202:205:01|4.69|4.63|4.60|4.56|4.64|4.35|4.55|4.18|4.51|4.50|5.00|5.00|5.00|5.00|5.00|5.00|5.00|5.00|5.00
EMMANUEL            MICHAEL|01:202:305:01|4.49|4.32|4.32|4.40|4.38|4.15|4.28|4.18|4.40|4.41|4.88|5.00|5.00|5.00|5.00|4.86|4.86|4.83|4.83
EMMANUEL            MICHAEL|01:202:305:01|4.49|4.32|4.32|4.40|4.38|4.15|4.28|4.18|4.40|4.41
PIEHL ANNE|01:202:307:01|4.09|3.87|3.48|4.06|3.77|3.28|3.32|2.68|3.48|3.38
HINDS               LENNOX|01:202:309:01|4.80|4.92|4.72|4.83|4.65|4.79|4.71|4.63|4.74|4.78|5.00
LISCHICK            C|01:202:310:80|4.20|4.13|4.27|4.13|3.87|3.93|4.07|4.20|4.07|4.07
HINDS               LENNOX|01:202:312:01|4.69|4.64|4.68|4.60|4.71|4.52|4.64|3.92|4.64|4.58
DESIRE              MARK|01:202:327:01|4.63|4.67|4.81|4.69|4.60|4.49|4.61|4.35|4.51|4.51
DESIRE              MARK|01:202:327:01|4.63|4.67|4.81|4.69|4.60|4.49|4.61|4.35|4.51|4.51|5.00
ZGOBA               K|01:202:327:80|4.63|4.67|4.81|4.69|4.60|4.49|4.61|4.35|4.51|4.51
DESIRE              MARK|01:202:405:01|4.92|4.86|4.89|4.92|4.89|4.72|4.74|4.43|4.83|4.74
MILLER LISA|01:202:425:01|4.79|4.83|4.72|4.79|4.34|4.41|4.41|4.00|4.52|4.18
FOSTER              ANGELA|01:202:496:01|4.04|4.40|4.44|4.48|4.21|3.88|4.32|3.36|4.17|4.13
