SCHJOTT             JESSICA|01:146:245:01|4.64|4.34|4.25|4.48|4.32|4.07|4.36|4.30|4.22|4.10
CARRSCHMIDT         ANNE|01:146:270:01|4.71|4.51|4.18|4.71|4.02|3.90|4.10|4.29|4.15|3.88
KEATING             ANNE|01:146:328:01|4.93|4.81|4.78|4.87|4.61|4.44|4.66|3.93|4.76|4.65|5.00
MERRILL             GARY|01:146:356:01|4.38|4.55|4.19|4.46|3.60|3.77|3.98|3.78|3.94|3.57|4.00
HSU                 SHU|01:146:405:01|4.74|4.90|4.42|4.60|4.60|4.24|4.19|4.45|4.76|4.33
FIRESTEIN           BONNIE|01:146:405:01|4.74|4.90|4.42|4.60|4.60|4.24|4.19|4.45|4.76|4.33
DAVIS               ROBIN|01:146:446:01|5.00|5.00|4.83|5.00|5.00|4.83|5.00|4.83|4.67|4.83
DAVIS               ROBIN|01:146:448:01|4.85|4.92|4.85|4.77|5.00|4.85|4.85|4.83|4.85|4.92
HSU                 SHU|01:146:448:01|4.85|4.92|4.85|4.77|5.00|4.85|4.85|4.83|4.85|4.92
RABII               JAMSHID|01:146:450:01|4.59|4.49|4.33|4.55|4.26|4.21|4.33|3.82|4.32|4.24
FONG                DUNNE|01:146:471:01|4.86|4.80|4.67|4.73|4.67|4.33|4.20|4.57|4.67|4.53
WERLEN              GUY|01:146:474:01|4.32|4.14|3.80|4.07|4.10|3.75|4.13|3.90|3.96|3.97
COVEY               LORI|01:146:474:01|4.32|4.14|3.80|4.07|4.10|3.75|4.13|3.90|3.96|3.97
KLARTAG             AYELET|01:146:475:01|4.87|4.84|4.65|4.89|4.49|4.75|4.81|4.56|4.85|4.59
FIRESTEIN           BONNIE|01:146:475:01|4.87|4.84|4.65|4.89|4.49|4.75|4.81|4.56|4.85|4.59
KLARTAG             AYELET|01:146:475:02|4.87|4.84|4.65|4.89|4.49|4.75|4.81|4.56|4.85|4.59
FIRESTEIN           BONNIE|01:146:475:02|4.87|4.84|4.65|4.89|4.49|4.75|4.81|4.56|4.85|4.59
LIU                 ALICE|01:146:478:01|4.69|4.71|4.74|4.74|4.49|4.57|4.60|4.06|4.69|4.55
