KILLINGSWORTH       MARK|01:220:102:01|4.44|4.12|3.84|4.10|3.74|3.61|3.81|3.37|3.84|3.75|2.58|4.00|4.50|4.60
KILLINGSWORTH       MARK|01:220:102:01|4.44|4.12|3.84|4.10|3.74|3.61|3.81|3.37|3.84|3.75|2.58|4.00|4.50|4.60
RUBIN               JEFF|01:220:102:03|4.44|4.12|3.84|4.10|3.74|3.61|3.81|3.37|3.84|3.75|2.58|4.00|4.50|4.60|5.00|4.75|5.00|5.00|5.00
RUBIN               JEFF|01:220:102:03|4.44|4.12|3.84|4.10|3.74|3.61|3.81|3.37|3.84|3.75|2.58|4.00|4.50|4.60|5.00|4.75|5.00|5.00|5.00
PRUSA THOMAS|01:220:102:04|4.44|4.12|3.84|4.10|3.74|3.61|3.81|3.37|3.84|3.75
PRUSA THOMAS|01:220:102:04|4.44|4.12|3.84|4.10|3.74|3.61|3.81|3.37|3.84|3.75
GIGLIOTTI GARY|01:220:102:05|4.44|4.12|3.84|4.10|3.74|3.61|3.81|3.37|3.84|3.75|2.58|4.00|4.50|4.60|5.00|4.75|5.00|5.00|5.00
GIGLIOTTI GARY|01:220:102:05|4.44|4.12|3.84|4.10|3.74|3.61|3.81|3.37|3.84|3.75|2.58|4.00|4.50|4.60|5.00|4.75|5.00|5.00|5.00
CLARE               GREGORY|01:220:102:06|4.64|4.33|4.05|3.90|4.12|3.80|4.26|3.40|4.18|4.07|5.00|5.00|5.00|5.00|5.00|5.00
SWANZER             LARRY|01:220:102:07|4.44|4.12|3.84|4.10|3.74|3.61|3.81|3.37|3.84|3.75
SWANZER             LARRY|01:220:102:07|4.44|4.12|3.84|4.10|3.74|3.61|3.81|3.37|3.84|3.75
FALAY               BERNA|01:220:102:08|4.44|4.12|3.84|4.10|3.74|3.61|3.81|3.37|3.84|3.75|2.58
FALAY               BERNA|01:220:102:08|4.44|4.12|3.84|4.10|3.74|3.61|3.81|3.37|3.84|3.75|2.58
CHAUDHURI           BASANTA|01:220:102:13|4.44|4.12|3.84|4.10|3.74|3.61|3.81|3.37|3.84|3.75
CHAUDHURI           BASANTA|01:220:102:13|4.44|4.12|3.84|4.10|3.74|3.61|3.81|3.37|3.84|3.75
CHAUDHURI           BASANTA|01:220:102:14|4.44|4.12|3.84|4.10|3.74|3.61|3.81|3.37|3.84|3.75
CHAUDHURI           BASANTA|01:220:102:14|4.44|4.12|3.84|4.10|3.74|3.61|3.81|3.37|3.84|3.75
BLAIR DOUGLAS|01:220:102:71|4.44|4.12|3.84|4.10|3.74|3.61|3.81|3.37|3.84|3.75|2.58|4.00|4.50
BLAIR DOUGLAS|01:220:102:71|4.44|4.12|3.84|4.10|3.74|3.61|3.81|3.37|3.84|3.75|2.58|4.00|4.50
SHEFLIN NEIL|01:220:103:01|4.30|4.11|4.06|4.14|4.11|3.78|4.03|3.66|4.01|3.95|4.15|4.15|4.18|4.00|4.27|4.17|4.17|4.08|4.08
SHEFLIN NEIL|01:220:103:01|4.30|4.11|4.06|4.14|4.11|3.78|4.03|3.66|4.01|3.95|4.15|4.15|4.18|4.00|4.27|4.17|4.17|4.08|4.08
CLARE GREGORY|01:220:103:03|4.30|4.11|4.06|4.14|4.11|3.78|4.03|3.66|4.01|3.95|4.15|4.15|4.00|4.27|4.17|4.17|4.08|4.08
CLARE GREGORY|01:220:103:03|4.30|4.11|4.06|4.14|4.11|3.78|4.03|3.66|4.01|3.95|4.15|4.15|4.00|4.27|4.17|4.17|4.08|4.08
LIN                 SHUMING|01:220:103:05|4.30|4.11|4.06|4.14|4.11|3.78|4.03|3.66|4.01|3.95
LIN                 SHUMING|01:220:103:05|4.30|4.11|4.06|4.14|4.11|3.78|4.03|3.66|4.01|3.95
PIEHL               ANNE|01:220:203:01|4.61|4.60|4.32|4.65|4.50|4.28|4.34|3.99|4.47|4.31|4.50|4.50|4.50|5.00|5.00|5.00|5.00|5.00
PIEHL               ANNE|01:220:203:01|4.61|4.60|4.32|4.65|4.50|4.28|4.34|3.99|4.47|4.31|4.50|4.50|4.50|5.00|5.00|5.00|5.00|5.00
PAUL                MRIDUCHHAN|01:220:203:03|4.61|4.60|4.32|4.65|4.50|4.28|4.34|3.99|4.47|4.31
PAUL                MRIDUCHHAN|01:220:203:03|4.61|4.60|4.32|4.65|4.50|4.28|4.34|3.99|4.47|4.31
DASTAN              ILKERR|01:220:203:05|4.61|4.60|4.32|4.65|4.50|4.28|4.34|3.99|4.47|4.31
DASTAN              ILKERR|01:220:203:05|4.61|4.60|4.32|4.65|4.50|4.28|4.34|3.99|4.47|4.31
MOEHLING            CAROLYN|01:220:203:06|4.61|4.60|4.32|4.65|4.50|4.28|4.34|3.99|4.47|4.31|4.50|4.50|4.50
MOEHLING            CAROLYN|01:220:203:06|4.61|4.60|4.32|4.65|4.50|4.28|4.34|3.99|4.47|4.31|4.50|4.50|4.50
MOEHLING            CAROLYN|01:220:203:07|4.61|4.60|4.32|4.65|4.50|4.28|4.34|3.99|4.47|4.31
MOEHLING            CAROLYN|01:220:203:07|4.61|4.60|4.32|4.65|4.50|4.28|4.34|3.99|4.47|4.31
DASTAN              ILKER|01:220:203:11|4.61|4.60|4.32|4.65|4.50|4.28|4.34|3.99|4.47|4.31
DASTAN              ILKER|01:220:203:11|4.61|4.60|4.32|4.65|4.50|4.28|4.34|3.99|4.47|4.31
ULKU                LEVENT|01:220:203:12|4.61|4.60|4.32|4.65|4.50|4.28|4.34|3.99|4.47|4.31
ULKU                LEVENT|01:220:203:12|4.61|4.60|4.32|4.65|4.50|4.28|4.34|3.99|4.47|4.31
OCCHINO             FILIPPO|01:220:204:04|4.35|4.28|4.00|4.31|4.29|3.78|4.03|3.82|4.11|4.09|5.00
OCCHINO             FILIPPO|01:220:204:04|4.35|4.28|4.00|4.31|4.29|3.78|4.03|3.82|4.11|4.09|5.00
CLARE GREGORY|01:220:204:06|4.35|4.28|4.00|4.31|4.29|3.78|4.03|3.82|4.11|4.09
CLARE GREGORY|01:220:204:06|4.35|4.28|4.00|4.31|4.29|3.78|4.03|3.82|4.11|4.09
ARMAH               NIIAYI|01:220:204:07|4.35|4.28|4.00|4.31|4.29|3.78|4.03|3.82|4.11|4.09
ARMAH               NIIAYI|01:220:204:07|4.35|4.28|4.00|4.31|4.29|3.78|4.03|3.82|4.11|4.09
OCCHINO             FILIPPO|01:220:204:11|4.35|4.28|4.00|4.31|4.29|3.78|4.03|3.82|4.11|4.09
OCCHINO             FILIPPO|01:220:204:11|4.35|4.28|4.00|4.31|4.29|3.78|4.03|3.82|4.11|4.09
GANG IRA|01:220:300:01|4.42|4.53|4.17|4.45|3.99|3.91|4.04|3.74|4.22|4.06
GANG IRA|01:220:300:01|4.42|4.53|4.17|4.45|3.99|3.91|4.04|3.74|4.22|4.06
PRUSA THOMAS|01:220:300:03|4.42|4.53|4.17|4.45|3.99|3.91|4.04|3.74|4.22|4.06
PRUSA THOMAS|01:220:300:03|4.42|4.53|4.17|4.45|3.99|3.91|4.04|3.74|4.22|4.06
SHEFLIN NEIL|01:220:301:01|4.09|3.99|3.77|4.14|4.03|3.60|3.80|3.93|3.79|3.85|4.20|3.75|3.50|3.50|3.50|3.50|3.50|3.50|3.50
SHEFLIN NEIL|01:220:301:01|4.09|3.99|3.77|4.14|4.03|3.60|3.80|3.93|3.79|3.85|4.20|3.75|3.50|3.50|3.50|3.50|3.50|3.50|3.50
ARMAH               NIIAYI|01:220:301:02|4.09|3.99|3.77|4.14|4.03|3.60|3.80|3.93|3.79|3.85
ARMAH               NIIAYI|01:220:301:02|4.09|3.99|3.77|4.14|4.03|3.60|3.80|3.93|3.79|3.85
SANI                MAJID|01:220:301:04|4.09|3.99|3.77|4.14|4.03|3.60|3.80|3.93|3.79|3.85
SANI                MAJID|01:220:301:04|4.09|3.99|3.77|4.14|4.03|3.60|3.80|3.93|3.79|3.85
HASSAN              MARWA|01:220:301:05|4.09|3.99|3.77|4.14|4.03|3.60|3.80|3.93|3.79|3.85
HASSAN              MARWA|01:220:301:05|4.09|3.99|3.77|4.14|4.03|3.60|3.80|3.93|3.79|3.85
PAUL                MRIDUCHHAN|01:220:301:07|4.09|3.99|3.77|4.14|4.03|3.60|3.80|3.93|3.79|3.85
PAUL                MRIDUCHHAN|01:220:301:07|4.09|3.99|3.77|4.14|4.03|3.60|3.80|3.93|3.79|3.85
STONE               RAYMOWD|01:220:301:08|4.09|3.99|3.77|4.14|4.03|3.60|3.80|3.93|3.79|3.85|4.20
STONE               RAYMOWD|01:220:301:08|4.09|3.99|3.77|4.14|4.03|3.60|3.80|3.93|3.79|3.85|4.20
ROCKOFF             HUGH|01:220:305:01|4.66|4.57|4.42|4.72|4.58|4.26|4.45|3.93|4.59|4.53|5.00|5.00|5.00|5.00|5.00
ROCKOFF             HUGH|01:220:305:01|4.66|4.57|4.42|4.72|4.58|4.26|4.45|3.93|4.59|4.53|5.00|5.00|5.00|5.00|5.00
ROCKOFF             HUGH|01:220:305:02|4.66|4.57|4.42|4.72|4.58|4.26|4.45|3.93|4.59|4.53
ROCKOFF             HUGH|01:220:305:02|4.66|4.57|4.42|4.72|4.58|4.26|4.45|3.93|4.59|4.53
WARMINGHAM          D|01:220:308:01|4.38|4.23|4.22|4.21|4.38|3.99|4.00|3.90|4.13|4.11|4.67|5.00|5.00|5.00|5.00|5.00|4.50|5.00|5.00
WARMINGHAM          D|01:220:308:01|4.38|4.23|4.22|4.21|4.38|3.99|4.00|3.90|4.13|4.11|4.67|5.00|5.00|5.00|5.00|5.00|4.50|5.00|5.00
WARMINGHAM          DALE|01:220:308:05|4.38|4.23|4.22|4.21|4.38|3.99|4.00|3.90|4.13|4.11|4.67
WARMINGHAM          DALE|01:220:308:05|4.38|4.23|4.22|4.21|4.38|3.99|4.00|3.90|4.13|4.11|4.67
CHAUDHURI           BASANTA|01:220:308:06|4.38|4.23|4.22|4.21|4.38|3.99|4.00|3.90|4.13|4.11
CHAUDHURI           BASANTA|01:220:308:06|4.38|4.23|4.22|4.21|4.38|3.99|4.00|3.90|4.13|4.11
DELIA               DEREK|01:220:316:01|4.65|4.29|3.84|4.23|4.33|3.60|3.81|3.55|3.90|3.79
DELIA               DEREK|01:220:316:01|4.65|4.29|3.84|4.23|4.33|3.60|3.81|3.55|3.90|3.79
AKRAM               KAVEH|01:220:322:02|3.69|3.35|3.01|3.67|3.75|3.01|3.07|2.68|3.18|3.07|3.50
AKRAM               KAVEH|01:220:322:02|3.69|3.35|3.01|3.67|3.75|3.01|3.07|2.68|3.18|3.07|3.50
EMARA               NOHA|01:220:322:03|3.69|3.35|3.01|3.67|3.75|3.01|3.07|2.68|3.18|3.07|3.50
EMARA               NOHA|01:220:322:03|3.69|3.35|3.01|3.67|3.75|3.01|3.07|2.68|3.18|3.07|3.50
ARRIETA             ALEXANDRO|01:220:322:05|3.69|3.35|3.01|3.67|3.75|3.01|3.07|2.68|3.18|3.07
ARRIETA             ALEXANDRO|01:220:322:05|3.69|3.35|3.01|3.67|3.75|3.01|3.07|2.68|3.18|3.07
PACZKOWSKI          WALTER|01:220:322:07|3.69|3.35|3.01|3.67|3.75|3.01|3.07|2.68|3.18|3.07
PACZKOWSKI          WALTER|01:220:322:07|3.69|3.35|3.01|3.67|3.75|3.01|3.07|2.68|3.18|3.07
SIGMAN              HILLARY|01:220:332:01|4.50|4.50|3.68|4.55|4.29|3.45|3.68|3.45|4.05|3.73
SIGMAN              HILLARY|01:220:332:01|4.50|4.50|3.68|4.55|4.29|3.45|3.68|3.45|4.05|3.73
CLARE GREGORY|01:220:335:01|4.36|3.91|4.00|3.68|4.14|3.45|3.86|3.50|3.48|3.76
CLARE GREGORY|01:220:335:01|4.36|3.91|4.00|3.68|4.14|3.45|3.86|3.50|3.48|3.76
HASSAN              MARWA|01:220:336:01|3.79|3.63|3.06|3.95|4.00|3.05|3.32|3.21|3.42|3.44
HASSAN              MARWA|01:220:336:01|3.79|3.63|3.06|3.95|4.00|3.05|3.32|3.21|3.42|3.44
DUTTA               M|01:220:337:01|4.00|4.00|4.44|4.44|3.75|4.13|4.25|3.53|4.00|3.93
DUTTA               M|01:220:337:01|4.00|4.00|4.44|4.44|3.75|4.13|4.25|3.53|4.00|3.93
GANG IRA|01:220:339:01|3.80|4.13|3.50|4.17|4.13|3.43|3.45|3.58|3.89|3.59
GANG IRA|01:220:339:01|3.80|4.13|3.50|4.17|4.13|3.43|3.45|3.58|3.89|3.59
SIGMAN              HILLARY|01:220:341:01|4.52|4.48|4.02|4.51|4.25|3.86|4.02|3.41|4.20|4.00
SIGMAN              HILLARY|01:220:341:01|4.52|4.48|4.02|4.51|4.25|3.86|4.02|3.41|4.20|4.00
ULKU                LEVENT|01:220:341:02|4.52|4.48|4.02|4.51|4.25|3.86|4.02|3.41|4.20|4.00
ULKU                LEVENT|01:220:341:02|4.52|4.48|4.02|4.51|4.25|3.86|4.02|3.41|4.20|4.00
WHITE               EUGENE|01:220:343:01|4.93|4.67|4.73|4.47|4.71|4.79|4.71|4.00|4.53|4.47
WHITE               EUGENE|01:220:343:01|4.93|4.67|4.73|4.47|4.71|4.79|4.71|4.00|4.53|4.47
WHITE               EUGENE|01:220:344:01|4.81|4.71|4.38|4.65|4.35|4.33|4.50|3.81|4.80|4.70|5.00
WHITE               EUGENE|01:220:344:01|4.81|4.71|4.38|4.65|4.35|4.33|4.50|3.81|4.80|4.70|5.00
DUTTA               M|01:220:359:01|2.57|2.37|2.82|2.93|2.73|2.16|2.84|3.60|2.35|2.42|1.00
DUTTA               M|01:220:359:01|2.57|2.37|2.82|2.93|2.73|2.16|2.84|3.60|2.35|2.42|1.00
PACZKOWSKI          WALTER|01:220:362:01|4.46|4.62|4.46|4.38|4.31|4.46|4.54|3.77|4.46|4.46
PACZKOWSKI          WALTER|01:220:362:01|4.46|4.62|4.46|4.38|4.31|4.46|4.54|3.77|4.46|4.46
HASSAN              MARWA|01:220:389:01|4.36|4.27|3.91|4.55|4.10|3.73|3.73|4.00|3.91|3.91
HASSAN              MARWA|01:220:389:01|4.36|4.27|3.91|4.55|4.10|3.73|3.73|4.00|3.91|3.91
LIU                 XIANGHU|01:220:393:01|4.62|4.17|3.75|4.28|4.34|3.93|4.05|4.07|4.22|4.18|5.00
LIU                 XIANGHU|01:220:393:01|4.62|4.17|3.75|4.28|4.34|3.93|4.05|4.07|4.22|4.18|5.00
LIU                 XIANGHUA|01:220:393:02|4.62|4.17|3.75|4.28|4.34|3.93|4.05|4.07|4.22|4.18
LIU                 XIANGHUA|01:220:393:02|4.62|4.17|3.75|4.28|4.34|3.93|4.05|4.07|4.22|4.18
MIZRACH             BRUCE|01:220:394:01|4.80|4.33|4.38|4.20|4.38|3.75|4.13|4.53|4.20|4.33
MIZRACH             BRUCE|01:220:394:01|4.80|4.33|4.38|4.20|4.38|3.75|4.13|4.53|4.20|4.33
KLEIN               ROGER|01:220:401:71|4.87|5.00|4.67|4.93|4.87|4.73|4.87|4.00|4.93|4.71
KLEIN               ROGER|01:220:401:71|4.87|5.00|4.67|4.93|4.87|4.73|4.87|4.00|4.93|4.71
CAMPBELL            COLIN|01:220:406:01|4.78|4.69|4.19|4.72|4.41|4.19|4.28|4.13|4.50|4.31
CAMPBELL            COLIN|01:220:406:01|4.78|4.69|4.19|4.72|4.41|4.19|4.28|4.13|4.50|4.31
HUGHES              JOSEPH|01:220:408:01|4.63|4.47|4.33|4.56|4.11|4.11|4.37|3.83|4.37|4.12
HUGHES              JOSEPH|01:220:408:01|4.63|4.47|4.33|4.56|4.11|4.11|4.37|3.83|4.37|4.12
