BARCHANT            MARIE|01:195:101:03|4.34|4.12|4.22|4.37|4.14|3.93|3.92|3.25|4.00|3.88
BEALL               JOSHUA|01:195:101:05|4.34|4.12|4.22|4.37|4.14|3.93|3.92|3.25|4.00|3.88
BEALL               JOSHUA|01:195:101:06|4.34|4.12|4.22|4.37|4.14|3.93|3.92|3.25|4.00|3.88
CHUANG              YENCHEN|01:195:135:01|4.66|4.56|4.63|4.75|4.78|4.48|4.33|3.76|4.61|4.59|4.33|4.67
UHLIROVA            ROMANA|01:195:135:02|4.66|4.56|4.63|4.75|4.78|4.48|4.33|3.76|4.61|4.59
DEDES               HELEN|01:195:135:03|4.66|4.56|4.63|4.75|4.78|4.48|4.33|3.76|4.61|4.59
CHUANG              YENCHEN|01:195:135:04|4.66|4.56|4.63|4.75|4.78|4.48|4.33|3.76|4.61|4.59|4.33|4.67|4.50|5.00|4.00|5.00|5.00|3.00|3.00
DEDES               HELEN|01:195:150:01|4.42|4.31|4.17|4.35|4.12|4.06|3.90|3.63|4.11|3.97
SOKOSKI             SANDRA|01:195:150:02|4.42|4.31|4.17|4.35|4.12|4.06|3.90|3.63|4.11|3.97
WALKER              STEVEN|01:195:150:03|4.42|4.31|4.17|4.35|4.12|4.06|3.90|3.63|4.11|3.97
WALKER              JANET|01:195:201:01|4.74|4.68|4.61|4.78|4.75|4.47|4.49|4.01|4.65|4.62
WALKER              JANET|01:195:249:01|4.39|4.35|4.39|4.39|4.39|3.96|4.14|4.23|4.13|4.17
NAQUI               FATIMA|01:195:320:01|4.67|4.58|4.50|4.46|4.55|4.52|4.46|3.91|4.58|4.46|4.33|4.13|2.79|3.07
MARTINMARQUEZ       SUSAN|01:195:321:01|4.75|4.75|5.00|5.00|4.88|4.88|4.88|4.25|4.50|4.75|5.00|3.00|3.00|3.00|3.50|5.00
MARCONE             JORGE|01:195:335:01|5.00|5.00|4.83|5.00|5.00|4.83|4.83|3.50|5.00|5.00
AMRUTE              SAREETA|01:195:336:01|4.45|4.27|4.18|4.36|4.63|4.18|4.18|3.27|4.55|4.00|4.75|3.00|3.33|3.25|3.00|4.25|4.50
SWENSON             JAMES|01:195:342:01|4.44|4.30|4.30|4.63|4.33|4.10|4.10|3.89|4.44|4.50
VETTORI             ALESSANDRO|01:195:375:01|4.52|4.79|4.71|4.69|4.76|4.56|4.54|4.50|4.73|4.81
WALKER              STEVEN|01:195:391:01|4.80|4.70|4.50|4.80|4.56|4.40|4.30|3.70|4.70|4.50
ZERUBAVEC           YAEL|01:195:395:03|4.50|5.00|5.00|5.00|5.00|5.00|5.00|5.00|5.00|5.00
SHALOW              PAUL|01:195:397:01|4.88|4.88|4.88|4.88|4.86|4.71|4.88|4.43|4.88|4.88
RENNIE              NICHOLAS|01:195:398:01|4.96|4.96|5.00|5.00|4.71|4.83|4.92|4.42|4.83|4.83|4.71|4.00|1.86|2.29
DOWNING             ERIC|01:195:398:02|4.96|4.96|5.00|5.00|4.71|4.83|4.92|4.42|4.83|4.83|4.71|4.00|1.86|2.29
STEVENS             CAMILLA|01:195:480:01|4.89|5.00|5.00|5.00|5.00|4.78|4.63|4.22|4.89|4.75
