JACKSONBREWER       KARLA|01:014:103:02|4.71|4.74|4.65|4.61|4.73|4.52|4.55|4.24|4.65|4.58|5.00
REED                SAMUEL|01:014:230:01|4.82|4.95|4.78|4.77|4.95|4.86|4.78|4.78|4.86|4.85|5.00
GARDINER            MUR V|01:014:269:01|3.59|3.50|3.87|4.09|4.22|3.57|3.45|3.52|3.48|3.65|5.00|5.00|5.00|5.00|5.00|5.00|5.00|5.00
GRIER               APRIL|01:014:304:01|3.63|3.79|4.23|4.00|3.85|3.67|3.66|3.86|3.52|3.82
TATE                GALE|01:014:306:01|4.87|4.93|4.93|4.93|4.93|4.93|4.93|4.71|4.93|4.93
ATCHISON            GABRIEL|01:014:317:01|4.13|4.38|4.38|4.38|4.14|4.13|3.88|4.38|4.50|4.63
WESTBROOK           RANDALL|01:014:323:01|4.80|5.00|4.80|5.00|4.60|4.40|4.75|4.75|4.75|4.50|4.50|4.50|5.00|5.00|4.00
KHAN                KAMAL|01:014:347:01|4.48|4.48|4.78|4.57|4.41|4.52|4.74|4.48|4.38|4.48
PAXTON              JOHN|01:014:355:01|3.35|3.95|3.74|3.74|3.67|3.42|3.42|3.94|4.06|3.89
MAZRUI              ALAMIN|01:014:357:01|4.88|4.88|4.94|4.94|4.94|4.76|4.82|4.69|5.00|4.73|5.00
TATE                GALE|01:014:362:01|4.88|4.88|4.81|4.88|4.88|4.82|4.88|4.33|4.94|4.88|5.00|5.00|5.00|5.00|5.00|5.00|5.00|5.00|5.00
BUTLER              KIM|01:014:370:01|4.58|4.59|4.47|4.72|4.26|4.47|4.53|4.38|4.67|4.67|5.00
BUTLER              KIM|01:014:460:01|4.67|4.67|5.00|4.67|5.00|5.00|4.67|4.67|4.67|5.00
