ROCKLAND            M|01:050:101:01|4.12|4.27|4.10|4.44|4.16|3.55|3.53|3.13|3.79|3.68|5.00|1.00
GILLESPIE           A|01:050:228:01|4.74|4.55|4.63|4.61|4.31|4.34|4.61|4.03|4.50|4.45
SIFUENTES           B|01:050:240:01|4.82|4.64|4.77|4.74|4.61|4.64|4.68|4.13|4.69|4.63|5.00
MARIANO             T|01:050:261:01|4.92|4.92|4.64|4.92|4.72|4.76|4.28|3.52|4.80|4.50|3.71|3.12|3.20|3.72|4.20|4.40|3.88|3.75
NIGRIN              A|01:050:265:01|4.78|4.80|4.75|4.82|4.71|4.57|4.67|3.98|4.78|4.69
STERN               M|01:050:281:01|4.48|4.46|4.39|4.46|4.57|4.29|4.14|3.11|4.59|4.48
BACKES              M|01:050:300:01|4.46|4.69|4.46|4.54|4.46|4.08|4.00|3.50|4.42|4.17
SHANDLER            JEFFREY|01:050:301:02|5.00|5.00|5.00|5.00|5.00|5.00|5.00|5.00|5.00|5.00
BACKES              MATTHEW|01:050:303:01|4.09|4.06|4.18|4.20|3.89|3.77|4.14|3.73|4.09|4.20
BARNETT             L|01:050:305:01|4.70|4.30|3.78|4.39|4.13|3.50|4.00|3.91|4.09|3.78|2.00
ROMAINE             ERICA|01:050:315:01|4.23|4.41|4.41|4.55|4.57|4.14|4.00|3.73|4.00|3.90
FISHBEIN            LESLIE|01:050:389:01|4.60|4.50|3.10|4.00|3.70|3.70|3.44|2.90|3.90|3.33|3.50|4.25|3.38
ROCKLAND            MICHAEL|01:050:487:01|4.53|4.79|4.80|4.93|4.71|4.27|4.27|4.40|4.71|4.57|5.00|5.00|5.00|5.00|5.00
GILLESPIE           ANGUS|01:050:488:01|5.00|4.83|5.00|5.00|5.00|4.83|4.83|3.80|4.83|4.83
