WEIGERT             LAVRA|01:082:105:00|4.53|4.19|4.15|4.31|4.27|4.00|4.18|3.65|4.15|3.99
KENFIELD            JOHN|01:082:105:00|4.53|4.19|4.15|4.31|4.27|4.00|4.18|3.65|4.15|3.99
KENFIELD            JOHN|01:082:105:00|4.53|4.19|4.15|4.31|4.27|4.00|4.18|3.65|4.15|3.99
MOREIRA             ELIANA|01:082:105:01|4.53|4.19|4.15|4.31|4.27|4.00|4.18|3.65|4.15|3.99
MOREIRA             ELIANA|01:082:105:05|4.53|4.19|4.15|4.31|4.27|4.00|4.18|3.65|4.15|3.99
MOREIRA             ELIANA|01:082:105:12|4.53|4.19|4.15|4.31|4.27|4.00|4.18|3.65|4.15|3.99
WEIGERT             LAURA|01:082:105:15|4.53|4.19|4.15|4.31|4.27|4.00|4.18|3.65|4.15|3.99
SCAPPINS            CHIARA|01:082:105:19|4.53|4.19|4.15|4.31|4.27|4.00|4.18|3.65|4.15|3.99
WERTHEQROSENOW      BARBARA|01:082:105:25|4.53|4.19|4.15|4.31|4.27|4.00|4.18|3.65|4.15|3.99
ESTEVES             LISANDRA|01:082:105:30|4.53|4.19|4.15|4.31|4.27|4.00|4.18|3.65|4.15|3.99
BUDD                DENISE|01:082:105:41|4.53|4.19|4.15|4.31|4.27|4.00|4.18|3.65|4.15|3.99
MIYAMOTO            GABRIELLA|01:082:106:01|4.61|4.44|4.30|4.61|4.41|4.19|4.47|3.89|4.39|4.23
ESTEVEZ             LISANDRA|01:082:106:03|4.61|4.44|4.30|4.61|4.41|4.19|4.47|3.89|4.39|4.23
BRETTSMITH          SARAT|01:082:250:01|4.00|4.43|4.36|4.61|3.92|4.00|4.44|3.33|4.18|4.18
SHARP               J|01:082:251:01|4.67|4.67|4.12|4.71|4.75|4.25|4.24|3.59|4.24|3.75
BOWER               VIRGINIA|01:082:252:01|4.76|4.55|4.39|4.79|4.82|4.13|4.42|3.87|4.55|4.53
MARTER              JOAN|01:082:302:01|4.79|4.71|4.68|4.67|4.64|4.48|4.59|4.59|4.59|4.52
SMALL               JOCELYN|01:082:306:01|3.38|3.05|3.14|2.95|2.68|2.55|2.86|3.67|2.45|2.48
HOWARD              ANGELA|01:082:323:01|4.38|4.29|4.47|4.29|3.77|4.00|4.52|4.13|4.17|4.29
PAUL                BENJAMIN|01:082:341:01|4.06|4.13|4.13|4.38|3.50|3.94|4.13|4.31|4.00|3.88
MARDER              TOD|01:082:355:01|4.70|4.77|4.58|4.81|4.61|4.33|4.63|4.30|4.69|4.52|5.00|5.00
PUGLISI             CATHERINE|01:082:365:01|4.97|4.88|4.75|4.92|4.66|4.69|4.83|4.28|4.77|4.68
GUSTAFSON           DONNA|01:082:367:01|4.82|4.73|4.55|5.00|4.67|4.55|4.82|4.18|4.80|4.82
BRETTSMITH          BARAH|01:082:371:01|4.30|4.40|4.50|4.50|4.67|4.20|4.78|3.80|4.80|4.60
KILLIAN             KYLE|01:082:373:01|4.59|4.81|4.27|4.68|4.65|4.32|4.20|3.64|4.41|4.14
ZERVIGON            ANDRES|01:082:382:01|4.84|4.77|4.71|4.75|4.53|4.58|4.71|4.35|4.71|4.56
QUIDEAU             FLORENCE|01:082:387:01|4.88|4.88|4.81|4.93|4.64|4.79|4.71|4.34|4.78|4.78
KURCHANOVA          NATASHA|01:082:390:01|3.60|3.40|3.80|3.33|3.40|2.67|3.20|3.50|2.80|2.80
HARVEY              ARCHER|01:082:430:01|4.56|4.78|4.44|4.78|4.89|4.44|5.00|4.44|4.44|4.67
BZDAK               MEREDITH|01:082:441:01|5.00|4.83|5.00|5.00|4.83|5.00|5.00|3.67|5.00|4.80
PUGLISI             CATHERINE|01:082:491:02|4.89|4.92|4.87|4.72|4.62|4.59|4.86|4.25|4.75|4.74
SMALL               JOCELYN|01:082:491:03|4.89|4.92|4.87|4.72|4.62|4.59|4.86|4.25|4.75|4.74
QUIDEAU             FLORENCE|01:082:491:04|4.89|4.92|4.87|4.72|4.62|4.59|4.86|4.25|4.75|4.74
BZDAK               MICHAEL|01:082:491:05|4.89|4.92|4.87|4.72|4.62|4.59|4.86|4.25|4.75|4.74
