BALMM               ROGER|01:450:100:01|4.81|4.65|4.51|4.64|4.58|4.21|4.20|3.47|4.51|4.38|3.00|4.00
HORDON              ROBERT|01:450:101:01|4.09|3.94|3.72|4.23|3.96|3.29|3.32|2.81|3.52|3.35|4.00|2.00|5.00|2.00|1.00|2.00|4.00|4.00|3.00
BALM                ROGER|01:450:102:01|4.80|4.67|4.46|4.60|4.62|4.13|4.25|3.45|4.52|4.30
KABACHNIK           P|01:450:205:01|4.68|4.46|4.40|4.47|4.31|4.14|4.07|3.17|4.29|4.08
HORDON              R|01:450:208:01|4.31|4.19|4.34|4.48|4.16|4.00|4.06|3.81|3.88|3.90
BALM                ROGER|01:450:211:01|4.94|4.74|4.52|4.75|4.71|4.45|4.56|3.63|4.68|4.43
HOLCOMB             BRIAVEL|01:450:240:01|4.75|4.66|4.62|4.73|4.72|4.50|4.44|3.87|4.58|4.48
LECKNER             MARIANA|01:450:311:01|4.75|4.77|4.62|4.80|4.70|4.45|4.45|3.64|4.66|4.48
STMARTIN            KEVIN|01:450:321:01|4.77|4.46|4.23|4.54|4.42|4.31|4.54|4.15|4.46|4.46|3.33|3.56|3.67|3.64
SCHNEIDER           LAURA|01:450:322:01|4.00|3.92|4.00|3.83|4.25|3.50|4.08|3.69|3.67|3.75
LEICHENKO           ROBIN|01:450:330:01|5.00|5.00|4.82|5.00|4.94|4.82|4.59|3.72|4.89|4.75
ROBINSON            DAVID|01:450:331:01|4.80|4.79|4.65|4.72|4.65|4.65|4.57|4.25|4.77|4.69
SCHNEIDER           LAURA|01:450:336:01|4.67|4.60|4.60|4.67|4.47|4.33|4.27|3.93|4.57|4.43
SIEGEL              MICHAEL|01:450:355:01|4.25|4.33|4.00|4.63|3.78|4.13|4.00|4.33|4.11|4.11
SCHROEDER           RICHARD|01:450:363:01|4.72|4.76|4.38|4.72|4.52|4.24|4.40|3.54|4.42|4.25|3.00|3.00
NORDSTROM           KARL|01:450:491:02|4.50|4.00|3.00|3.50|5.00|3.00|4.50|2.50|3.50|4.00
