KOSZARSKI           RICHARD|01:354:201:01|3.89|3.45|3.43|3.54|3.97|3.21|3.43|4.00|3.35|3.66|4.11|2.09|2.98|3.37|3.50|3.04|4.31|3.00|3.00
SPIEGELGROTE        JASON|01:354:308:01|4.58|4.85|4.76|4.74|4.62|4.65|4.62|4.69|4.59|4.54|4.58|3.35|3.72|4.00|4.25|4.16|4.40|4.60|5.00
FARRELL             SHARON|01:354:308:02|4.58|4.85|4.76|4.74|4.62|4.65|4.62|4.69|4.59|4.54|4.58|3.35|3.72|4.00|4.25|4.16|4.40|4.60
KESSLER             KELLY|01:354:308:03|4.58|4.85|4.76|4.74|4.62|4.65|4.62|4.69|4.59|4.54|4.58|3.35|3.72|4.00|4.25|4.16|4.40|4.60|5.00
KOSZARSKI           RICHARD|01:354:315:01|4.20|3.88|4.04|3.96|4.08|3.40|4.00|4.32|3.72|3.76|3.52|2.63|3.29|3.65|3.35|4.20
MARTINMARQUEZ       SUSAN|01:354:321:01|4.64|4.55|4.55|4.64|4.64|4.60|4.70|4.36|4.80|4.73|4.44|3.50|3.38|3.67|3.44|4.44
KESSLER             KELLY|01:354:330:01|4.42|4.39|4.33|4.50|4.42|4.32|4.21|4.11|4.53|4.42|4.47|3.13|3.33|4.29|5.00|3.67|4.06
NIGRIN              AL|01:354:350:01|4.68|4.82|4.75|4.78|4.47|4.26|4.52|4.60|4.47|4.33|4.00|3.28|3.73|4.19|5.00|3.88|4.88|5.00|5.00
REICH               ELIZABETH|01:354:391:01|4.64|4.73|4.73|4.90|4.89|4.73|4.45|4.27|4.82|4.64|4.70|3.70|3.67|4.13|5.00|3.50|4.18|4.00|5.00
KESSLER             KELLY|01:354:420:01|4.40|4.50|4.50|4.50|4.50|4.30|4.40|4.20|4.70|4.50|4.40|3.40|3.50|3.90|3.56|3.80|3.00
