FLEETWOOD           NICOLE|01:050:101:00|4.25|4.26|4.05|4.19|4.21|3.88|3.90|3.35|4.11|4.03|3.55|3.71|2.07|3.67|3.67|3.67
FLEETWOOD           NICOLE|01:050:101:01|4.25|4.26|4.05|4.19|4.21|3.88|3.90|3.35|4.11|4.03
SERRA               ANA|01:050:250:01|4.33|4.33|4.67|4.67|4.67|4.33|4.67|4.33|4.33|4.33
FERGUSON            MATTHEW|01:050:281:01|4.86|4.89|4.79|4.89|4.70|4.68|4.46|3.93|4.79|4.74|3.00|2.00|3.00|2.00|4.00|4.00|5.00
ROCKLAND            MICHAEL|01:050:291:01|4.42|4.46|4.75|4.54|3.97|4.15|4.37|4.42|4.26|4.36
BARNETT             LOUISE|01:050:300:01|4.42|4.33|4.32|4.47|4.37|4.16|4.16|3.53|4.37|4.16
FISHBEIN            LESLIE|01:050:301:03|5.00|5.00|4.78|5.00|4.89|4.33|4.56|4.13|4.89|4.78|4.33|5.00|4.67
HALLETT             HILARY|01:050:303:01|4.35|4.06|3.82|4.12|4.29|4.00|4.18|4.13|4.12|4.12
WU                  ELLEN|01:050:331:01|4.83|4.71|4.71|4.79|4.58|4.50|4.46|3.70|4.65|4.61
GILLESPIE           ANGUS|01:050:365:01|4.94|4.90|4.90|4.92|4.84|4.84|4.76|4.22|4.92|4.85|5.00|5.00
BARNETT             LOUISE|01:050:376:01|4.00|4.00|3.50|3.83|4.00|2.83|4.17|3.83|3.17|3.33|3.75|2.50|3.25|3.25|4.00|3.25|3.75|4.00
HALLETT             HILARY|01:050:389:02|4.32|4.12|4.00|3.96|3.87|4.04|4.00|3.52|4.00|3.79
WU                  ELLEN|01:050:389:03|4.32|4.12|4.00|3.96|3.87|4.04|4.00|3.52|4.00|3.79
FLEETWOOD           NICOLE|01:050:487:01|4.92|4.58|4.62|4.54|4.67|4.46|4.75|4.17|4.62|4.54
ROCKLAND            MICHAEL|01:050:489:01|4.79|4.93|5.00|4.93|4.93|5.00|4.79|4.43|4.93|4.86
