MILLAN              MARIA|01:940:101:03|4.61|4.79|4.74|4.93|4.80|4.66|4.61|4.29|4.69|4.64|4.35|4.79|4.57|4.29|4.35|4.31|5.00|5.00|5.00
CLIFFORD            JEREMIAH|01:940:102:02|4.00|4.15|4.00|4.48|4.63|3.48|3.63|3.74|3.74|3.67|3.42|4.31|3.73|3.64|3.52|3.50|3.00|3.00|3.00
BRAND               MERCEDES|01:940:121:01|4.24|4.55|4.65|4.75|4.75|4.22|4.06|4.28|4.36|4.22|4.46|4.88|4.39|4.10|3.93|3.88
PENA                SANTIAGO|01:940:121:02|4.24|4.55|4.65|4.75|4.75|4.22|4.06|4.28|4.36|4.22|4.46|4.88|4.39|4.10|3.93|3.88|5.00|5.00|5.00
TRONCOSO            JOSE|01:940:131:01|4.35|4.42|4.51|4.71|4.61|4.35|4.31|4.47|4.42|4.35|4.16|4.75|4.38|4.51|4.38|4.39|5.00
PELAEZMARTINEZ      BEATRIZ|01:940:131:04|4.35|4.42|4.51|4.71|4.61|4.35|4.31|4.47|4.42|4.35|4.16|4.75|4.38|4.51|4.38|4.39
NAVA                RAFAEL|01:940:132:01|4.69|4.70|4.51|4.72|4.79|4.49|4.23|4.45|4.48|4.39|4.43|4.82|4.31|4.13|4.13|3.98
SLINGER             WILLIAM|01:940:132:02|4.69|4.70|4.51|4.72|4.79|4.49|4.23|4.45|4.48|4.39|4.43|4.82|4.31|4.13|4.13|3.98
ABAD                CARLO S|01:940:139:01|4.19|4.00|4.00|4.19|4.38|3.90|4.05|3.95|4.33|4.10|3.67|4.33|4.17|4.00|3.88|3.63|5.00
BUTLER              BONNIE|01:940:203:02|4.31|4.19|4.29|4.40|4.02|3.93|3.70|4.47|4.05|3.91|3.37|4.55|3.77|3.64|3.80|3.68|5.00
SUAREZ              NIEVES|01:940:203:03|4.31|4.19|4.29|4.40|4.02|3.93|3.70|4.47|4.05|3.91|3.37|4.55|3.77|3.64|3.80|3.68
SANCHEZ             KAREN|01:940:204:02|4.21|4.43|4.43|4.44|4.10|3.88|3.88|4.34|4.00|3.98|3.61|4.63|3.82|3.77|3.70|3.92
SLINGER             WILLIAM|01:940:205:01|4.78|5.00|4.56|4.89|5.00|4.44|4.22|4.33|4.67|4.38|4.38|4.89|4.44|3.50|4.44|3.67|5.00
MARCONE             JORGE|01:940:215:01|4.49|4.56|4.42|4.53|4.40|4.19|4.23|3.92|4.36|4.25|4.58|4.82|4.11|4.06|4.03|4.16
PERSIN              MARGO|01:940:215:02|4.49|4.56|4.42|4.53|4.40|4.19|4.23|3.92|4.36|4.25|4.58|4.82|4.11|4.06|4.03|4.16|5.00
KIM                 HOON|01:940:215:03|4.49|4.56|4.42|4.53|4.40|4.19|4.23|3.92|4.36|4.25|4.58|4.82|4.11|4.06|4.03|4.16
KIM                 YEONSOO|01:940:215:04|4.49|4.56|4.42|4.53|4.40|4.19|4.23|3.92|4.36|4.25|4.58|4.82|4.11|4.06|4.03|4.16
ROTHWELL            PHILLIP|01:940:240:01|4.80|5.00|5.00|5.00|5.00|5.00|5.00|3.60|5.00|5.00|4.40|5.00|3.40|3.60|3.40|4.40
VENIS               CONSUELO|01:940:313:01|4.95|4.90|4.95|5.00|4.80|4.77|4.52|4.95|4.73|4.62|4.57|4.95|4.76|4.21|4.67|4.36
KIM                 HOON|01:940:325:02|4.43|4.51|4.32|4.53|4.49|4.22|4.05|4.44|4.27|4.14|4.48|4.78|4.17|3.99|4.13|3.91
BUTLER              BONNIE|01:940:325:03|4.43|4.51|4.32|4.53|4.49|4.22|4.05|4.44|4.27|4.14|4.48|4.78|4.17|3.99|4.13|3.91|5.00
BISHOP              STEPHEN|01:940:325:04|4.43|4.51|4.32|4.53|4.49|4.22|4.05|4.44|4.27|4.14|4.48|4.78|4.17|3.99|4.13|3.91
CHUNG               CARMINA|01:940:326:01|4.36|4.11|4.07|4.46|3.80|3.85|4.24|4.13|3.87|3.85|4.24|4.35|4.16|4.23|4.00|3.79
DALLMANN            BETTY|01:940:326:02|4.36|4.11|4.07|4.46|3.80|3.85|4.24|4.13|3.87|3.85|4.24|4.35|4.16|4.23|4.00|3.79
SLINGER             WILLIAM|01:940:327:01|4.89|4.89|4.89|5.00|4.89|4.78|4.50|5.00|5.00|4.63|4.57|4.86|5.00|4.67|5.00|4.33
NARVAEZ             CARLOS|01:940:331:01|4.85|4.78|4.93|4.79|4.81|4.68|4.70|4.15|4.89|4.71|4.84|4.96|4.32|4.32|4.08|4.41|5.00|5.00|5.00
CASTROPONCE         CLARA|01:940:332:01|3.96|3.73|3.58|3.58|3.04|2.56|3.27|3.48|3.19|3.28|4.23|4.37|3.08|3.25|3.17|3.42|3.00
KIM                 HOON|01:940:336:01|4.75|4.67|4.25|4.58|4.45|4.25|4.50|4.25|4.25|4.42|4.20|4.82|4.00|4.00|3.50|4.36
SANCHEZ             CELSO|01:940:360:01|3.86|4.10|4.32|4.48|4.57|3.86|4.09|3.86|3.82|3.86|2.55|4.85|4.00|3.61|3.67|4.13
NUNEZ               OLGA|01:940:361:01|4.93|4.82|4.76|4.83|4.76|4.80|4.79|3.90|4.82|4.69|4.78|4.89|4.57|4.39|4.69|4.18
NUNEZ               OLGA|01:940:361:02|4.93|4.82|4.76|4.83|4.76|4.80|4.79|3.90|4.82|4.69|4.78|4.89|4.57|4.39|4.69|4.18
STEPHENS            T|01:940:362:01|4.86|4.93|4.71|4.79|4.71|4.57|4.79|4.00|4.86|4.57|4.93|4.93|4.50|4.25|4.71|4.67
NUNEZ               OLGA|01:940:363:02|4.26|4.32|4.00|4.39|4.51|3.59|3.74|3.88|3.74|3.64|4.30|4.67|3.78|3.52|3.83|3.72
STEPHENS            THOMAS|01:940:417:01|4.94|5.00|4.63|4.94|4.53|4.44|4.88|3.94|4.88|4.75|4.94|5.00|4.25|4.55|4.63|4.20
SANCHEZ             LILIANA|01:940:421:01|4.69|4.69|4.63|4.69|4.87|4.56|4.50|3.94|4.94|4.81|4.63|4.64|4.25|4.19|4.31|4.20
PERSIN              MARGO|01:940:438:01|4.78|4.56|4.89|4.56|4.13|4.44|4.70|4.33|4.22|4.33|4.75|5.00|4.13|4.13|4.00|4.44
STEVENS             CAMILLA|01:940:450:01|4.96|4.87|4.87|4.96|4.67|4.75|4.75|4.42|4.83|4.71|4.91|4.91|4.86|4.86|4.86|4.48
ZATLIN              PHYLLIS|01:940:479:01|4.40|4.09|4.10|3.70|4.09|3.73|3.73|4.80|3.82|4.00|4.20|4.90|3.90|4.20|3.78|4.10
DALLMANN            HANK|01:940:487:01|4.67|4.63|4.67|4.75|4.63|4.22|4.33|4.63|4.63|4.56|4.67|4.67|4.44|3.89|4.00|3.00
SCHWARTZ            MARCY|01:940:489:01|4.00|4.20|3.73|4.50|4.40|3.80|3.33|3.87|3.87|3.67|4.25|4.42|3.67|3.67|3.67|3.67
KIM                 YS|01:940:490:01|4.36|4.60|4.18|4.55|4.09|4.27|4.55|4.09|4.36|4.30|4.73|4.64|4.30|4.22|3.90|4.33
