CASTILHO            LUCIANE|01:810:101:01|4.75|4.75|4.70|4.74|4.75|4.80|4.70|4.42|4.79|4.79|4.44|4.72|4.72|4.61|4.72|4.56|5.00|5.00
ROCHA               GEISA|01:810:130:01|3.00|2.67|3.00|2.00|2.67|2.00|3.67|4.67|2.00|2.00|5.00|4.50|3.50|4.00|3.50|3.50
ROCHA               GEISA|01:810:135:01|4.10|3.30|4.00|3.50|3.80|3.00|4.30|4.80|3.67|3.67|4.67|4.89|4.56|4.44|4.33|4.33
CASTILHO            LUCIANE|01:810:160:01|3.00|3.24|3.52|3.45|3.48|2.97|2.79|2.52|2.86|3.04|3.78|3.61|2.64|2.61|2.57|2.86|5.00|5.00|5.00
SERRA               ANA|01:810:201:01|4.67|4.67|4.67|4.67|4.83|4.67|4.83|4.67|4.67|4.83|5.00|5.00|4.80|4.80|4.60|4.60
SERRA               ANA|01:810:203:01|5.00|5.00|5.00|5.00|5.00|5.00|5.00|4.86|5.00|5.00|5.00|5.00|5.00|5.00|5.00|5.00
ROTHWELL            PHILLIP|01:810:240:01|5.00|5.00|5.00|5.00|5.00|5.00|5.00|5.00|5.00|5.00|5.00|5.00|3.00|3.00|3.00|5.00
BRAGAPINTO          CESA R|01:810:330:01|4.00|4.33|4.22|4.56|4.11|4.00|4.25|3.89|4.00|4.33|2.78|4.56|3.89|3.78|3.89|4.11
SERRA               ANAPAULA|01:810:345:01|5.00|5.00|4.86|5.00|5.00|5.00|4.86|4.86|5.00|5.00|4.67|5.00|4.83|4.83|4.83|5.00
SERRA               ANAPAULA|01:810:417:01|4.73|4.82|4.64|4.73|4.55|4.64|4.73|4.55|4.73|4.64|4.33|4.75|4.56|4.67|4.67|4.75|5.00|5.00|5.00
