GIGLIOTTI GARY|01:220:102:01|4.50|4.36|4.10|4.45|4.45|3.98|3.96|3.50|4.19|4.06
SWANZER             L|01:220:102:02|4.50|4.36|4.10|4.45|4.45|3.98|3.96|3.50|4.19|4.06|4.25|4.33|4.20|4.17|4.67|3.50|4.00|4.00
PERRY               M|01:220:102:03|4.50|4.36|4.10|4.45|4.45|3.98|3.96|3.50|4.19|4.06|4.25|4.33|4.20|4.17|4.67|3.50|4.00|4.00|3.00
Sheflin             Neil|01:220:103:01|4.14|3.96|3.80|3.91|3.94|3.47|3.69|3.47|3.72|3.67|3.95|3.85|3.95|3.90|4.10|3.95|3.95|3.95|3.88
CLARE               GREGORY|01:220:103:02|4.14|3.96|3.80|3.91|3.94|3.47|3.69|3.47|3.72|3.67|3.95|3.85|3.95|3.90|4.10|3.95|3.95|3.95|3.88
Sheflin             Neil|01:220:103:04|4.14|3.96|3.80|3.91|3.94|3.47|3.69|3.47|3.72|3.67|3.95|3.85|3.95|3.90|4.10|3.95|3.95|3.95|3.88
IZAGUIRRE           E|01:220:103:06|4.14|3.96|3.80|3.91|3.94|3.47|3.69|3.47|3.72|3.67
CHAUDHURI           BASANTA|01:220:103:10|4.14|3.96|3.80|3.91|3.94|3.47|3.69|3.47|3.72|3.67
CHAUDHURI           BASANTA|01:220:103:11|4.14|3.96|3.80|3.91|3.94|3.47|3.69|3.47|3.72|3.67
Sheflin             Neil|NONE|4.14|3.96|3.80|3.91|3.94|3.47|3.69|3.47|3.72|3.67
CLARE               GREGORY|01:220:200:01|4.72|4.55|4.24|4.21|3.94|4.00|4.15|3.15|4.33|3.97|5.00
OKADA DAIJIRO|01:220:203:01|4.55|4.25|4.06|4.21|4.13|3.84|4.03|3.69|4.11|3.92
HUGHES JOSEPH|01:220:203:02|4.55|4.25|4.06|4.21|4.13|3.84|4.03|3.69|4.11|3.92|5.00|5.00|5.00|5.00|5.00
MOEHLING            CAROLYN|01:220:203:03|4.55|4.25|4.06|4.21|4.13|3.84|4.03|3.69|4.11|3.92
MOEHLING            CAROLYN|01:220:203:05|4.55|4.25|4.06|4.21|4.13|3.84|4.03|3.69|4.11|3.92
HUGHES JOSEPH|01:220:203:06|4.55|4.25|4.06|4.21|4.13|3.84|4.03|3.69|4.11|3.92
ULKU                LEVENT|01:220:203:13|4.55|4.25|4.06|4.21|4.13|3.84|4.03|3.69|4.11|3.92
GULAN               ADAM|01:220:204:01|4.28|4.16|3.99|4.35|4.35|3.82|3.79|3.74|4.04|3.91|4.50|5.00|5.00|5.00|5.00|5.00|5.00|5.00|5.00
MIZRACH             BRUCE|01:220:204:04|4.28|4.16|3.99|4.35|4.35|3.82|3.79|3.74|4.04|3.91
FERNANDEZ           A|01:220:204:07|4.28|4.16|3.99|4.35|4.35|3.82|3.79|3.74|4.04|3.91|4.50
RABBY               M|01:220:204:10|4.28|4.16|3.99|4.35|4.35|3.82|3.79|3.74|4.04|3.91
OCCHINO             FILIPPO|01:220:204:13|4.28|4.16|3.99|4.35|4.35|3.82|3.79|3.74|4.04|3.91
RABBY               M|01:220:204:14|4.28|4.16|3.99|4.35|4.35|3.82|3.79|3.74|4.04|3.91|4.50|5.00|5.00|5.00|5.00|5.00|5.00
CLARE               GREGORY|01:220:300:01|4.33|4.04|3.48|4.02|4.18|3.39|3.68|3.41|3.93|3.75
SANI                MAJID|01:220:300:04|4.33|4.04|3.48|4.02|4.18|3.39|3.68|3.41|3.93|3.75
VELLANGANY          ISSAC|01:220:301:03|4.26|4.16|3.99|4.19|4.27|3.80|3.91|3.88|3.94|4.01|3.67
BHILADWALLA         MAHARUKH|01:220:301:05|4.26|4.16|3.99|4.19|4.27|3.80|3.91|3.88|3.94|4.01
WARMINGHAM          DALE|01:220:301:08|4.26|4.16|3.99|4.19|4.27|3.80|3.91|3.88|3.94|4.01
HASSAN              MARWA|01:220:301:10|4.26|4.16|3.99|4.19|4.27|3.80|3.91|3.88|3.94|4.01|3.67
KILLINGSWORTH       MARK|01:220:302:01|4.49|4.49|3.95|4.42|4.14|3.85|3.97|3.46|4.23|3.99
BHILADWALLA         M|01:220:302:02|4.49|4.49|3.95|4.42|4.14|3.85|3.97|3.46|4.23|3.99
BHILADWALLA         M|01:220:308:01|4.56|4.51|4.42|4.47|4.59|4.32|4.46|3.87|4.64|4.48
WARMINGHAM          D|01:220:308:03|4.56|4.51|4.42|4.47|4.59|4.32|4.46|3.87|4.64|4.48
BOWBLIS             J|01:220:316:01|4.83|4.61|4.65|4.55|4.54|4.32|4.51|3.81|4.58|4.52|5.00|5.00|5.00|5.00|5.00|5.00|5.00
EMARA               N|01:220:322:01|4.49|4.36|4.07|4.49|4.31|4.12|4.15|3.45|4.34|4.10|4.50
FRANCISCO           N|01:220:322:04|4.49|4.36|4.07|4.49|4.31|4.12|4.15|3.45|4.34|4.10|4.50|5.00|5.00|5.00|5.00|5.00
FRANCISCO           NOMEL|01:220:322:07|4.49|4.36|4.07|4.49|4.31|4.12|4.15|3.45|4.34|4.10|4.50
DELIA               DEREK|01:220:322:09|4.49|4.36|4.07|4.49|4.31|4.12|4.15|3.45|4.34|4.10
BOWBLIS             J|01:220:322:10|4.49|4.36|4.07|4.49|4.31|4.12|4.15|3.45|4.34|4.10|4.50
CLARE               G|01:220:335:02|4.47|4.00|3.73|3.87|4.07|3.63|3.70|3.60|3.93|3.83|5.00|5.00
CHANG R|01:220:336:01|4.79|4.43|3.86|4.36|3.93|3.93|4.14|4.08|4.14|4.00
DUTTA               M|01:220:337:01|4.22|3.98|4.32|4.19|4.25|4.12|4.40|4.18|4.16|4.24|5.00|5.00
GANG                IRA|01:220:339:01|3.34|3.70|3.45|3.86|3.70|3.20|3.38|3.47|3.31|3.27|5.00|5.00|4.00
GANG                IRA|01:220:339:02|3.34|3.70|3.45|3.86|3.70|3.20|3.38|3.47|3.31|3.27|5.00
ULKU                L|01:220:341:02|3.42|3.47|2.89|3.11|3.63|2.74|2.89|3.21|3.00|3.00
WHITE EUGENE|01:220:344:01|4.54|4.42|4.32|4.54|3.92|3.92|4.32|3.92|4.33|4.16
DUTTA|01:220:359:01|3.31|2.88|3.78|3.33|3.41|3.09|3.53|3.70|3.02|3.20|2.00|2.00|2.00
PACZKOWSKI          W|01:220:362:01|4.35|4.50|4.32|4.37|4.42|4.26|4.40|3.58|4.28|4.21|5.00|5.00|5.00|5.00|5.00|5.00|5.00|5.00|5.00
ALTSHULER ROSANNE|01:220:363:01|4.82|4.84|4.88|4.91|4.72|4.76|4.75|4.02|4.87|4.86
ALTSHULER ROSANNE|01:220:363:02|4.82|4.84|4.88|4.91|4.72|4.76|4.75|4.02|4.87|4.86
HASSAN              M|01:220:389:01|4.08|3.83|3.53|4.19|4.41|3.30|3.68|3.73|3.64|3.61
LU                  J|01:220:393:02|4.16|3.64|3.73|3.96|4.16|3.73|3.85|3.95|3.68|3.67
PALACIOS            LUIS|01:220:393:04|4.16|3.64|3.73|3.96|4.16|3.73|3.85|3.95|3.68|3.67
PACZKOWSKI          WALTER|01:220:394:01|4.47|3.94|3.88|3.47|4.00|3.63|3.88|3.59|4.00|3.59
PALACIOS            LUIS|01:220:395:01|4.07|3.64|3.53|4.22|4.14|3.51|3.64|3.95|3.66|3.75
PERRY               M|01:220:396:01|4.77|4.74|4.59|4.74|4.48|4.46|4.56|4.11|4.57|4.49|5.00
SJOSTROM            TOMAS|01:220:405:01|4.67|4.33|4.00|4.33|4.50|4.00|4.17|4.50|4.40|4.40
SJOSTROM            TOMAS|01:220:406:01|4.14|4.50|4.71|4.64|4.31|4.29|4.50|4.50|4.08|4.15
OKADA DAIJIRO|01:220:430:01|4.75|4.83|4.58|5.00|5.00|4.73|4.33|3.75|4.83|4.67
