MERHI               VANESSA|01:420:101:01|4.66|4.63|4.66|4.63|4.76|4.66|4.75|4.15|4.68|4.61
ALAMI               MYRIA|01:420:102:02|4.63|4.60|4.61|4.69|4.59|4.54|4.45|4.48|4.56|4.40|5.00|5.00|5.00|5.00|5.00|5.00|5.00|5.00
HASKOVACS           OLIA|01:420:102:30|4.63|4.60|4.61|4.69|4.59|4.54|4.45|4.48|4.56|4.40
BANU                ANAMARIA|01:420:121:01|4.68|4.50|4.75|4.26|4.68|4.45|4.56|4.47|4.60|4.45
MAUSSION            CLAIRE|01:420:131:03|4.25|4.31|4.27|4.25|4.50|4.12|4.33|4.54|4.29|4.25|4.29|2.33
BARCHANT            MARIE|01:420:131:10|4.25|4.31|4.27|4.25|4.50|4.12|4.33|4.54|4.29|4.25
BARCHANT            MARIE|01:420:131:10|4.17|4.67|4.33|4.67|4.67|4.50|4.50|4.83|4.33|4.67
ALAMI               MYRIAM|01:420:131:30|4.25|4.31|4.27|4.25|4.50|4.12|4.33|4.54|4.29|4.25|4.29
ALAMI               MYRIAM|01:420:132:02|4.66|4.55|4.58|4.50|4.30|4.37|4.47|4.73|4.47|4.45|4.50
COMARMOND           SOPHIE|01:420:132:30|4.66|4.55|4.58|4.50|4.30|4.37|4.47|4.73|4.47|4.45
FLIEGER             JERRY|01:420:213:01|4.37|4.77|4.57|4.90|4.73|4.33|4.13|4.48|4.32|4.22|4.00|4.20
BLANCHARD           THOMAS|01:420:213:30|4.37|4.77|4.57|4.90|4.73|4.33|4.13|4.48|4.32|4.22|4.00|4.20|4.00
KARMARKAR           MEDHA|01:420:214:01|4.58|4.63|4.32|4.53|4.29|4.26|4.30|4.40|4.35|4.17
AUBERT              ANNE|01:420:214:02|4.58|4.63|4.32|4.53|4.29|4.26|4.30|4.40|4.35|4.17
SHAW                MARY|01:420:215:01|4.68|4.64|4.25|4.86|4.82|4.46|4.54|4.22|4.50|4.50|4.67|5.00|5.00|5.00|5.00|4.00|5.00|4.00
KARMAKAR            MEDHA|01:420:215:02|4.68|4.64|4.25|4.86|4.82|4.46|4.54|4.22|4.50|4.50|4.67
SPEER               MARY|01:420:216:01|4.76|4.73|4.38|4.73|4.43|4.46|4.51|3.97|4.59|4.53
KARMARKAR           MEDHA|01:420:216:02|4.76|4.73|4.38|4.73|4.43|4.46|4.51|3.97|4.59|4.53
PAIRET              ANA|01:420:216:20|4.76|4.73|4.38|4.73|4.43|4.46|4.51|3.97|4.59|4.53
EISENZWEIG          URI|01:420:316:01|4.60|4.60|4.80|4.80|4.80|4.55|4.50|4.45|4.61|4.44
SHAW                MARY|01:420:338:01|4.36|4.71|4.00|4.93|4.79|4.07|4.14|3.92|4.23|4.00
PIROUX              LORRAINE|01:420:351:01|4.89|4.78|4.61|4.89|4.67|4.50|4.72|4.00|4.78|4.72
DEPREZ              VIVIANE|01:420:407:01|4.00|5.00|5.00|5.00|5.00|5.00|5.00|5.00|5.00|5.00
CORNILLIAT          FRANCOIS|01:420:455:01|4.88|4.93|4.67|4.73|4.60|4.13|4.56|3.80|4.60|4.43
SCHILLING           DEREK|01:420:471:01|4.82|5.00|4.64|4.82|4.27|4.45|4.36|4.18|4.55|4.27
FLIEGER             JERRY|01:420:491:01|4.13|4.67|4.60|4.79|4.79|4.40|4.27|4.00|4.33|4.47
PIROUX              LORRAINE|01:420:492:01|4.82|4.73|4.73|4.91|4.27|4.64|4.80|3.50|4.82|4.73|5.00|4.00|5.00|4.00|4.00|5.00|3.00|4.00
