BRILL               GARY|01:830:101:00|4.68|4.55|4.40|4.57|4.45|4.22|4.27|3.96|4.38|4.31
BRILL               GARY|01:830:101:02|4.68|4.55|4.40|4.57|4.45|4.22|4.27|3.96|4.38|4.31
LEYTON              MICHAEL|01:830:101:03|4.68|4.55|4.40|4.57|4.45|4.22|4.27|3.96|4.38|4.31|4.78|5.00|5.00|4.80|5.00|4.60|5.00|4.75|5.00
BRYANT              DEBORAH|01:830:101:05|4.68|4.55|4.40|4.57|4.45|4.22|4.27|3.96|4.38|4.31|4.78|5.00|5.00|4.80|5.00|4.60
INGATE              MARGARET|01:830:101:07|4.68|4.55|4.40|4.57|4.45|4.22|4.27|3.96|4.38|4.31
BRILL               GARY|01:830:101:08|4.68|4.55|4.40|4.57|4.45|4.22|4.27|3.96|4.38|4.31|5.00
INGATE              MARGARET|01:830:101:10|4.68|4.55|4.40|4.57|4.45|4.22|4.27|3.96|4.38|4.31
BRYANT              DEBORAH|01:830:101:14|4.68|4.55|4.40|4.57|4.45|4.22|4.27|3.96|4.38|4.31|4.78
TAYLOR             ANDREALYNN|01:830:200:04|4.59|4.48|4.09|4.57|4.43|4.10|4.03|2.94|4.39|4.07
KEER                STEPHANIE|01:830:200:15|4.59|4.48|4.09|4.57|4.43|4.10|4.03|2.94|4.39|4.07
KOWLER              EILEEN|01:830:301:01|4.71|4.64|4.57|4.64|4.54|4.36|4.37|3.49|4.56|4.42
KOWLER              EILEEN|01:830:301:02|4.71|4.64|4.57|4.64|4.54|4.36|4.37|3.49|4.56|4.42
MCGOWAN             JAMES|01:830:301:04|4.71|4.64|4.57|4.64|4.54|4.36|4.37|3.49|4.56|4.42|5.00|5.00|5.00|5.00|5.00
YAN                 GRACE|01:830:302:03|4.79|4.71|4.50|4.79|4.71|4.39|4.36|3.67|4.54|4.35
GLASS               ARNOLD|01:830:303:01|4.38|3.75|4.00|3.91|3.89|3.96|4.20|3.78|4.07|4.07|5.00|5.00
GLASS               ARNOLD|01:830:303:02|4.38|3.75|4.00|3.91|3.89|3.96|4.20|3.78|4.07|4.07
FELDMAN             JACOB|01:830:305:01|4.57|4.10|3.91|4.07|3.93|3.60|3.86|3.55|3.88|3.77
CHAPMAN             GRETCHEN|01:830:305:04|4.57|4.10|3.91|4.07|3.93|3.60|3.86|3.55|3.88|3.77
ACKROFF             JOHN|01:830:305:06|4.57|4.10|3.91|4.07|3.93|3.60|3.86|3.55|3.88|3.77
ACKROFF             JOHN|01:830:305:07|4.57|4.10|3.91|4.07|3.93|3.60|3.86|3.55|3.88|3.77
WENKATESAN          AARATHI|01:830:306:03|4.73|4.64|4.19|4.77|4.60|4.13|3.90|3.35|4.50|4.33
BETENSKI            JULIE|01:830:306:07|4.73|4.64|4.19|4.77|4.60|4.13|3.90|3.35|4.50|4.33
TOMIE               ARTHUR|01:830:311:03|4.50|3.90|3.66|4.12|4.55|3.53|3.60|3.10|3.76|3.65
JACOBS              LAWRENCE|01:830:311:06|4.44|4.54|4.49|4.83|4.73|4.34|4.13|4.06|4.39|4.35
WEST                MARK|01:830:313:05|4.67|4.34|4.02|4.34|4.03|3.79|4.15|3.64|4.14|3.98
VICARIO             DAVID|01:830:313:06|4.67|4.34|4.02|4.34|4.03|3.79|4.15|3.64|4.14|3.98
VICARIO             DAVID|01:830:313:07|4.67|4.34|4.02|4.34|4.03|3.79|4.15|3.64|4.14|3.98
RUDMAN              LAURIE|01:830:321:01|4.81|4.62|4.63|4.70|4.57|4.42|4.49|4.14|4.58|4.51|5.00|5.00|5.00|5.00|5.00|5.00
ACKROFF             JOHN|01:830:321:05|4.81|4.62|4.63|4.70|4.57|4.42|4.49|4.14|4.58|4.51
SANCHEZ             DIANA|01:830:321:07|4.81|4.62|4.63|4.70|4.57|4.42|4.49|4.14|4.58|4.51
KILIANSKI           S|01:830:321:08|4.81|4.62|4.63|4.70|4.57|4.42|4.49|4.14|4.58|4.51|5.00
CHEN                YUNG|01:830:323:01|5.00|4.55|4.64|4.64|4.55|4.64|4.73|4.36|4.73|4.55
CARPENTER KIMBERLY|01:830:331:01|4.37|4.23|3.78|4.26|4.04|3.68|3.85|4.10|3.82|3.83|3.00
CARPENTER KIMBERLY|01:830:331:01|4.64|4.40|3.96|4.47|4.24|3.75|4.04|3.98|4.11|4.02|5.00|5.00|5.00|5.00|5.00|5.00|5.00|5.00|5.00
CARPENTER KIMBERLY|01:830:331:03|4.64|4.40|3.96|4.47|4.24|3.75|4.04|3.98|4.11|4.02
INGATE              MARGARET|01:830:331:05|4.37|4.23|3.78|4.26|4.04|3.68|3.85|4.10|3.82|3.83|3.00|3.00
HSU                 VIVIAN|01:830:332:05|4.03|3.97|3.66|4.15|3.80|3.46|3.35|3.35|3.55|3.50
KNIGHT              JULIETTE|01:830:333:01|4.47|4.49|4.40|4.63|4.63|4.19|4.19|4.16|4.29|4.28
KNIGHT              JULIETTE|01:830:333:04|4.47|4.49|4.40|4.63|4.63|4.19|4.19|4.16|4.29|4.28|4.75|5.00|5.00|5.00|5.00|5.00|5.00
KRAMER              DIEDRE|01:830:335:01|4.09|3.95|3.94|4.30|4.00|3.75|3.55|3.40|3.70|3.77|5.00|5.00|5.00|5.00|5.00
OGILVIE             DANIEL|01:830:338:01|4.55|4.29|4.29|4.31|4.09|3.94|4.03|4.10|4.05|3.99|3.95|3.00|3.00|3.00|3.00
MCKENNA             STEVIE|01:830:346:01|3.91|4.24|4.35|4.61|4.69|4.00|3.98|4.46|4.16|4.14
STROMSWOLD          KARIN|01:830:351:01|4.74|4.61|4.50|4.73|4.51|4.10|4.05|3.63|4.49|4.19
TOMIE               ARTHUR|01:830:364:02|4.59|3.91|4.11|4.13|4.38|3.70|4.11|3.65|3.99|4.03
AIELLO              JOHN|01:830:373:01|4.98|4.65|4.62|4.69|4.59|4.52|4.79|3.42|4.97|4.85
AIELLO              JOHN|01:830:373:02|4.98|4.65|4.62|4.69|4.59|4.52|4.79|3.42|4.97|4.85
KNIGHT              JULIETTE|01:830:375:01|3.82|4.37|4.56|4.64|4.33|3.98|3.93|4.05|4.04|4.04
MCCARTHY            DANIELLE|01:830:377:01|4.44|4.30|3.95|4.30|4.17|3.73|3.70|3.65|4.01|3.89|5.00|5.00|5.00|5.00|5.00
WOOLFOLK            ROBERT|01:830:393:01|4.36|4.64|4.58|4.65|4.65|3.92|4.32|4.23|4.35|4.24
ELIAS               MAURICE|01:830:394:01|4.56|4.81|4.59|4.92|4.39|4.60|4.51|4.04|4.55|4.56
HARRISON            NANCY|01:830:396:03|4.76|4.90|4.75|4.85|5.00|4.71|4.90|4.75|4.70|4.79
KRAMER              DEIRDRE|01:830:396:05|4.76|4.90|4.75|4.85|5.00|4.71|4.90|4.75|4.70|4.79
KRAMER              DEIRDRE|01:830:397:05|4.75|4.50|4.75|4.75|4.67|4.75|4.75|4.75|4.75|4.75
HARTKE              GRAHAM|01:830:398:01|5.00|5.00|4.86|5.00|5.00|4.80|4.86|4.50|4.83|4.83
ELIAS               MAURICE|01:830:398:01|5.00|5.00|4.86|5.00|4.80|4.86|4.50|4.83|4.83
ROVEECOLLIER        CAROLYN|01:830:401:01|4.50|4.89|4.89|5.00|4.90|4.80|5.00|4.56|4.89|5.00
KUSNECOV            A|01:830:412:01|4.79|4.60|4.73|4.75|4.67|4.63|4.69|4.60|4.69|4.60
KRAMER              DEIRDRE|01:830:431:01|4.86|5.00|5.00|5.00|5.00|5.00|4.93|4.86|5.00|5.00|5.00|5.00|5.00|5.00
OGILVIE             DANIEL|01:830:441:01|4.88|5.00|4.88|5.00|5.00|5.00|4.75|4.88|5.00|4.88
JAMES               CARLTON|01:830:451:01|4.90|4.95|4.95|5.00|5.00|4.95|5.00|4.95|4.95|4.94|5.00|5.00|5.00|5.00|5.00|5.00|5.00|5.00|5.00
SINGH               MANISH|01:830:490:71|4.88|4.74|4.50|4.83|4.71|4.50|4.21|4.21|4.72|4.33
ELIAS               MAURICE|01:830:494:01|5.00|5.00|5.00|5.00|5.00|5.00|4.90|5.00|5.00|5.00
