SINGH               KESAR|01:960:211:01|3.62|3.50|3.36|3.81|3.88|3.29|3.24|2.78|3.39|3.33|4.50|4.00|4.00|4.00|4.00|4.00|4.00|4.00|4.00
BOUAKIZ             MOKRANE|01:960:211:04|3.62|3.50|3.36|3.81|3.88|3.29|3.24|2.78|3.39|3.33
PURANAM             SRINIVASA|01:960:211:05|3.62|3.50|3.36|3.81|3.88|3.29|3.24|2.78|3.39|3.33
LAWRENCE            SHEILA|01:960:212:01|4.86|4.86|4.64|4.95|4.64|4.36|4.33|3.68|4.62|4.55
POPEL               GEORGE|01:960:285:01|4.40|4.36|4.15|4.43|4.38|4.09|4.09|3.38|4.28|4.11|4.50|3.50|3.75|4.00|4.00|3.00|3.33|3.33|3.00
MOONDRA             SHYAM|01:960:285:03|4.40|4.36|4.15|4.43|4.38|4.09|4.09|3.38|4.28|4.11|4.50
LAWRENCE            SHEILA|01:960:285:04|4.40|4.36|4.15|4.43|4.38|4.09|4.09|3.38|4.28|4.11
CZACHOR             JAMES|01:960:285:06|4.40|4.36|4.15|4.43|4.38|4.09|4.09|3.38|4.28|4.11|4.50|3.50|4.00|3.00|3.33|3.33|3.00
DONG                HK|01:960:285:08|4.40|4.36|4.15|4.43|4.38|4.09|4.09|3.38|4.28|4.11
SIEFERHELD|01:960:285:08|4.40|4.36|4.15|4.43|4.38|4.09|4.09|3.38|4.28|4.11
MOONDRA             SHYAM|01:960:379:01|4.25|3.78|3.67|3.94|4.11|3.81|3.69|3.58|3.91|3.76
MADIGAN             DAVID|01:960:382:01|4.78|4.56|4.22|4.78|4.56|4.44|4.22|3.89|4.56|4.44
COHEN               ARTHUR|01:960:384:01|4.92|5.00|4.83|5.00|5.00|4.75|4.83|4.67|4.83|4.75
NAUS                J|01:960:401:01|4.42|4.37|4.07|4.34|4.08|3.93|3.94|3.19|4.13|3.94
POPEL               GEORGE|01:960:401:02|4.42|4.37|4.07|4.34|4.08|3.93|3.94|3.19|4.13|3.94
TYLER               DAVID|01:960:401:03|4.42|4.37|4.07|4.34|4.08|3.93|3.94|3.19|4.13|3.94
MINIERE MICHAEL|01:960:401:04|4.42|4.37|4.07|4.34|4.08|3.93|3.94|3.19|4.13|3.94|5.00
ZHANG JUAN|01:960:483:01|4.63|4.50|4.20|4.57|4.53|4.17|4.23|4.03|4.30|4.23
ROJAS               PATRICK|01:960:490:01|4.31|4.13|4.09|4.38|4.47|3.94|4.09|3.88|4.23|4.07
