WILLIAMS CAROLYN|01:350:219:00|4.32|4.29|4.22|4.55|4.19|3.99|3.90|3.49|4.12|3.81|4.25|3.08|3.63|3.89|4.22|3.76|4.21|4.30
IANNINI             CARISTOPHE|01:350:219:19|4.32|4.29|4.22|4.55|4.19|3.99|3.90|3.49|4.12|3.81|4.25|3.08|3.63|3.89|4.22|3.76|4.21
KUSCH               R|01:350:219:22|4.32|4.29|4.22|4.55|4.19|3.99|3.90|3.49|4.12|3.81|4.25|3.08|3.63|3.89|3.76|4.21
MCGRADY             SHARON|01:350:219:25|4.32|4.29|4.22|4.55|4.19|3.99|3.90|3.49|4.12|3.81|4.25|3.08|3.63|3.89|4.22|3.76|4.21|4.30
MCCLURE             JOHN|01:350:220:00|4.37|4.30|4.18|4.46|4.22|3.98|4.01|4.08|4.12|3.94|4.20|3.29|3.58|3.98|4.33|4.06|4.35|4.00
SIERRA              ERICK|01:350:220:01|4.37|4.30|4.18|4.46|4.22|3.98|4.01|4.08|4.12|3.94|4.20|3.29|3.58|3.98|4.06|4.35
BARUA               SONALI|01:350:220:02|4.37|4.30|4.18|4.46|4.22|3.98|4.01|4.08|4.12|3.94|4.20|3.29|3.58|3.98|4.06|4.35|4.00
SIERRA              ERICK|01:350:220:04|4.37|4.30|4.18|4.46|4.22|3.98|4.01|4.08|4.12|3.94|4.20|3.29|3.58|3.98|4.06|4.35
BARUA               SONALI|01:350:220:05|4.37|4.30|4.18|4.46|4.22|3.98|4.01|4.08|4.12|3.94|4.20|3.29|3.58|3.98|4.33|4.06|4.35|4.00|5.00
MCGOWAN             MATTHEW|01:350:220:20|4.37|4.30|4.18|4.46|4.22|3.98|4.01|4.08|4.12|3.94|4.20|3.29|3.58|3.98|4.06|4.35
CHARNEY             MAURICE|01:350:221:01|4.28|4.28|4.35|4.54|4.24|4.02|3.96|4.07|4.23|4.20|4.23|2.97|3.70|4.16|4.00|3.78|4.08|5.00|5.00
FULTON THOMAS|01:350:225:71|4.83|5.00|5.00|4.83|4.67|4.67|4.67|4.00|5.00|4.83|4.83|2.83|4.17|4.17|3.83|4.50
GALPERIN            WILLIAM|01:350:226:71|4.71|5.00|4.43|4.43|4.43|4.57|4.43|4.57|4.57|4.57|4.67|3.00|3.33|3.67|4.60|4.80
EVANS               BRAD|01:350:228:00|4.59|4.61|4.29|4.71|4.32|4.08|4.16|3.82|4.41|4.18|4.29|3.10|3.77|3.71|2.67|3.67|4.28|5.00
SUDHAKAR            ANANTHA|01:350:228:02|4.59|4.61|4.29|4.71|4.32|4.08|4.16|3.82|4.41|4.18|4.29|3.10|3.77|3.71|3.67|4.28
SUDHAKAR            ANANTHA|01:350:228:04|4.59|4.61|4.29|4.71|4.32|4.08|4.16|3.82|4.41|4.18|4.29|3.10|3.77|3.71|2.67|3.67|4.28|5.00
KRAMNICK            JONATHAN|01:350:306:01|4.31|4.13|3.92|4.08|4.08|3.79|3.72|3.28|4.05|3.97|4.15|2.63|3.19|3.91|4.00|3.91|4.18
JAGER               COLIN|01:350:308:01|4.84|4.79|4.58|4.79|4.43|4.38|4.32|3.54|4.51|4.37|4.16|2.83|3.56|3.94|3.67|3.97|4.42
SMITH               CAROL|01:350:312:01|4.67|4.63|4.37|4.70|4.69|4.37|4.27|4.57|4.57|4.40|4.74|2.91|3.45|4.36|4.32|4.67
JACKSON             GREGORY|01:350:323:01|4.72|4.63|4.75|4.64|4.55|4.54|4.65|4.03|4.60|4.60|3.82|3.73|4.37|3.88|3.67|4.00|4.72|5.00
COIRO               ANNE|01:350:325:01|4.92|4.90|4.95|4.90|4.66|4.79|4.84|4.00|4.85|4.76|4.67|3.91|4.03|4.31|4.15|4.46|5.00
IANNINI             CHRISTOPHE|01:350:328:01|4.50|4.45|4.32|4.71|4.48|4.23|4.09|3.57|4.48|4.24|4.53|2.82|3.58|3.94|3.81|4.44
MANGANARO           MARC|01:350:338:01|4.84|4.87|4.29|4.77|4.52|4.26|4.29|4.00|4.53|4.35|4.52|2.77|3.58|3.93|3.65|4.23
BUCKLEY             MATTHEW|01:350:347:01|4.24|4.80|4.66|4.80|4.50|4.35|4.40|3.78|4.57|4.39|4.24|3.24|3.57|3.81|3.00|3.75|4.22
BUCKLEY             MATTHEW|01:350:349:01|4.31|4.69|4.48|4.68|4.43|4.22|4.23|3.85|4.41|4.17|4.25|2.93|3.50|3.75|3.50|4.16|4.27|4.50
IAN                 MARCIA|01:350:355:01|3.69|3.72|3.40|3.85|3.55|3.33|3.27|3.83|3.38|3.34|3.86|2.74|3.15|3.70|3.00|3.46|4.03|5.00
VESTERMAN           WILLIAM|01:350:356:01|4.76|4.15|4.38|3.97|4.29|3.82|4.21|4.35|4.21|4.32|4.47|2.64|3.13|3.93|4.47|4.73
SHOCKLEY            EVIE|01:350:371:01|4.79|4.77|4.68|4.75|4.30|4.26|4.37|4.05|4.56|4.48|4.33|3.60|3.69|4.17|5.00|4.18|4.48|5.00
MATHES              CARTER|01:350:372:01|4.42|4.36|4.15|4.58|4.42|4.04|3.76|3.62|4.12|4.04|4.25|3.22|3.68|3.77|5.00|3.77|4.73
PRATER              TZARINA|01:350:378:01|4.54|4.50|4.50|4.63|4.26|4.38|4.29|3.88|4.38|4.25|4.50|4.00|4.35|3.50|4.00|4.20
BARTELS             EMILY|01:350:390:02|4.62|4.39|4.39|4.57|4.32|4.39|4.17|3.11|4.52|4.10|4.50|3.77|3.85|3.97|3.96|4.38|3.00
KRAMNICK            JONATHAN|01:350:391:01|4.06|3.94|3.75|3.56|4.25|3.31|4.00|2.80|3.69|3.69|4.57|2.86|3.00|3.71|3.85|4.25|4.00
SADOFF              DIANNE|01:350:392:02|4.43|4.34|4.23|4.23|3.80|3.93|3.70|4.47|4.14|4.00|4.00|3.30|3.65|3.78|4.00|3.64|4.20
CHUTE               HILLARY|01:350:393:01|4.47|4.59|4.50|4.63|4.68|4.33|4.23|4.39|4.41|4.44|4.44|3.13|3.61|3.99|4.00|4.17|4.36
ECHOLS              ALICE|01:350:393:02|4.47|4.59|4.50|4.63|4.68|4.33|4.23|4.39|4.41|4.44|4.44|3.13|3.61|3.99|4.17|4.36|4.67
DEKOVEN             MARRI N*|01:350:393:03|4.47|4.59|4.50|4.63|4.68|4.33|4.23|4.39|4.41|4.44|4.44|3.13|3.61|3.99|4.00|4.17|4.36
CHUTE               HILLARY|01:350:393:04|4.47|4.59|4.50|4.63|4.68|4.33|4.23|4.39|4.41|4.44|4.44|3.13|3.61|3.99|4.00|4.17|4.36|4.67
KLEIN               STACY|01:350:412:01|4.82|4.73|4.64|4.82|4.60|4.45|4.64|4.20|4.55|4.64|4.40|3.45|4.10|3.82|4.18|4.36
SCANLON             LAWRENCE|01:350:422:01|4.82|4.75|4.50|4.83|4.40|4.08|4.17|2.75|4.67|4.17|3.73|3.36|3.80|4.25|5.00|4.00|4.83
VESTERMAN           WILLIAM|01:350:427:01|4.06|3.63|3.88|4.00|4.29|3.65|3.82|4.35|3.88|3.67|4.50|3.36|3.40|4.31|4.00|4.36|4.69|4.00
MCKEON              MICHAEL|01:350:435:01|4.67|4.67|4.28|4.67|4.00|4.00|4.00|3.50|4.28|3.89|4.67|2.78|3.53|3.50|3.71|3.88|5.00
KUCICH              JOHN|01:350:437:01|4.96|4.96|4.89|5.00|4.86|4.86|4.74|4.00|4.89|4.82|5.00|3.70|3.92|4.36|4.00|4.12|4.44
JURECIC             ANN|01:350:437:02|4.96|4.96|4.89|5.00|4.86|4.86|4.74|4.00|4.89|4.82|5.00|3.70|3.92|4.36|4.12|4.44|4.00
EVANS               BRAD|01:350:442:01|4.87|4.96|5.00|4.96|4.78|4.78|4.74|4.00|5.00|4.77|4.75|4.13|4.13|4.50|5.00|4.59|4.32
JACKSON             GREGORY|01:350:442:02|4.87|4.96|5.00|4.96|4.78|4.78|4.74|4.00|5.00|4.77|4.75|4.13|4.13|4.50|5.00|4.59|4.32
MATHES              CARTER|01:350:446:01|4.75|4.88|4.63|4.81|5.00|4.63|4.80|4.19|4.69|4.63|4.56|4.14|4.71|4.50|5.00|4.33|4.50|5.00|5.00
