MOSHENBERG          ORLY|01:563:101:01|4.68|4.68|4.68|4.68|4.79|4.58|4.58|4.65|4.59|4.58
LEVY LILY|01:563:101:02|4.68|4.68|4.68|4.68|4.79|4.58|4.58|4.65|4.59|4.58|5.00|5.00|5.00|5.00|5.00|5.00|5.00
BRYNNOIMAN          EDNA|01:563:102:01|4.65|4.59|4.81|4.82|4.65|4.69|4.75|4.88|4.71|4.69
MOSHENBER           ORLY|01:563:102:02|4.65|4.59|4.81|4.82|4.65|4.69|4.75|4.88|4.71|4.69
LANGMAN             ANAISCHANA|01:563:103:01|3.57|3.00|3.14|3.14|3.71|2.71|3.71|4.43|2.43|2.17
LEVY LILY|01:563:131:01|5.00|5.00|5.00|5.00|5.00|5.00|4.91|5.00|5.00|5.00
TARTAKOFF           PAOLA|01:563:201:01|4.57|4.25|4.13|4.42|4.26|3.96|4.31|3.85|4.28|4.27
SINKOFF             NANCY|01:563:202:01|4.58|4.25|4.67|4.08|3.25|3.75|4.25|3.67|3.92|4.00
BRYNNOIMAN          EDNA|01:563:210:01|3.82|3.40|4.00|3.30|3.80|3.20|3.10|4.50|3.30|3.50
SHANDLER            JEFFERY|01:563:306:01|4.70|4.15|4.07|4.10|3.32|3.64|3.64|3.72|3.90|3.78
BUZAGLO             MEIR|01:563:311:01|3.31|3.31|3.31|3.54|2.75|2.85|2.85|3.15|3.08|3.08
BUZAGLO             M|01:563:343:01|3.93|4.07|4.29|4.43|4.14|3.86|4.07|3.79|4.07|4.00|5.00|4.00|5.00|5.00|5.00|5.00|5.00
SPRACHMAN           PAUL|01:563:350:01|4.00|4.50|4.50|4.25|3.00|4.00|5.00|4.50|3.75|4.25
ZERUBAVEL           YAEL|01:563:375:01|5.00|4.80|5.00|4.40|4.40|4.80|5.00|4.00|5.00|4.60
SINKOFF             NANCY|01:563:385:01|5.00|4.67|5.00|4.67|4.33|4.33|5.00|3.67|5.00|4.67
KLIGMAN             MARK|01:563:394:01|4.57|4.61|4.29|4.62|4.64|4.25|4.32|4.15|4.29|4.31
REDL                NINA|01:563:394:02|4.57|4.61|4.29|4.62|4.64|4.25|4.32|4.15|4.29|4.31
STAUBER             RONI|01:563:395:01|4.50|4.31|4.56|4.63|4.53|4.31|4.23|4.21|4.20|4.14
RENDSBURG           GARY|01:563:396:01|4.83|5.00|5.00|5.00|5.00|4.67|4.60|4.50|5.00|5.00
NELKIN              DOV|01:563:397:01|3.94|3.88|3.69|3.81|3.40|3.25|3.56|3.94|3.06|3.06
BRYNNOIMAN          EDNA|01:563:485:01|4.50|4.38|4.38|4.57|4.13|4.00|4.43|4.71|4.38|4.50
