LITTMAN MICHAEL|01:198:105:01|4.73|4.65|4.51|4.74|4.55|4.59|4.49|3.46|4.60|4.56|5.00|5.00|5.00|5.00|5.00|5.00|5.00|5.00|5.00
STEINBERG           LOUIS|01:198:107:01|4.55|4.46|3.60|4.48|4.26|3.57|3.31|2.55|3.95|3.49
CHIRCO              JT|01:198:110:00|4.35|4.16|3.87|4.26|4.37|3.88|3.85|2.98|4.09|3.76
CHIRCO              JT|01:198:110:00|4.35|4.16|3.87|4.26|4.37|3.88|3.85|2.98|4.09|3.76
GOELZ               KATE|01:198:110:00|4.35|4.16|3.87|4.26|4.37|3.88|3.85|2.98|4.09|3.76|4.40|4.17|4.40|4.29|4.00|4.25|4.25|4.25|4.75
BELOWICH            ALAN|01:198:110:00|4.35|4.16|3.87|4.26|4.37|3.88|3.85|2.98|4.09|3.76
KLEISOURIS          KONSTANTIN|01:198:110:00|4.35|4.16|3.87|4.26|4.37|3.88|3.85|2.98|4.09|3.76
SACHDEV             BALWINDERP|01:198:110:01|4.35|4.16|3.87|4.26|4.37|3.88|3.85|2.98|4.09|3.76
BELOWICH            ALAN|01:198:110:01|4.35|4.16|3.87|4.26|4.37|3.88|3.85|2.98|4.09|3.76|4.40|4.17|4.40|4.29|4.00|4.25|4.25|4.25|4.75
PANGRIKAR           ROHINI|01:198:110:02|4.35|4.16|3.87|4.26|4.37|3.88|3.85|2.98|4.09|3.76
MOHAN               AANCHAN|01:198:110:03|4.35|4.16|3.87|4.26|4.37|3.88|3.85|2.98|4.09|3.76
SACHDEV             BALWINDERP|01:198:110:04|4.35|4.16|3.87|4.26|4.37|3.88|3.85|2.98|4.09|3.76
PANGRIKAR           ROHINI|01:198:110:05|4.35|4.16|3.87|4.26|4.37|3.88|3.85|2.98|4.09|3.76|4.40|4.17|4.40|4.29|4.00|4.25|4.25|4.25|4.75
MOHAN               AANCHAN|01:198:110:06|4.35|4.16|3.87|4.26|4.37|3.88|3.85|2.98|4.09|3.76
MEHTA               VISAL|01:198:110:09|4.35|4.16|3.87|4.26|4.37|3.88|3.85|2.98|4.09|3.76
MEHTA               VISHAL|01:198:110:10|4.35|4.16|3.87|4.26|4.37|3.88|3.85|2.98|4.09|3.76
MEHTA               VISHAL|01:198:110:11|4.35|4.16|3.87|4.26|4.37|3.88|3.85|2.98|4.09|3.76|4.40
VISWANATHAN         HARIHARASU|01:198:110:16|4.35|4.16|3.87|4.26|4.37|3.88|3.85|2.98|4.09|3.76
VISWANATHAN         HARIHARASU|01:198:110:17|4.35|4.16|3.87|4.26|4.37|3.88|3.85|2.98|4.09|3.76
SOMAN               PARASHAR|01:198:110:18|4.35|4.16|3.87|4.26|4.37|3.88|3.85|2.98|4.09|3.76
SOMAN               PARASHAR|01:198:110:23|4.35|4.16|3.87|4.26|4.37|3.88|3.85|2.98|4.09|3.76
SOMAN               PARASHAR|01:198:110:24|4.35|4.16|3.87|4.26|4.37|3.88|3.85|2.98|4.09|3.76
VISWANATHAN         HARIHARASU|01:198:110:25|4.35|4.16|3.87|4.26|4.37|3.88|3.85|2.98|4.09|3.76|4.40
PANGRIKAR           ROHINI|01:198:110:28|4.35|4.16|3.87|4.26|4.37|3.88|3.85|2.98|4.09|3.76
JAGIRDAR            ADITYA|01:198:110:29|4.35|4.16|3.87|4.26|4.37|3.88|3.85|2.98|4.09|3.76
JAGIRDAR            ADITYA|01:198:110:30|4.35|4.16|3.87|4.26|4.37|3.88|3.85|2.98|4.09|3.76|4.40|4.17|4.40|4.29|4.00
JAGIRDAR            ADITYA|01:198:110:48|4.35|4.16|3.87|4.26|4.37|3.88|3.85|2.98|4.09|3.76|4.40|4.17|4.40|4.29|4.00
SACHDEV             BALWINDERP|01:198:110:51|4.35|4.16|3.87|4.26|4.37|3.88|3.85|2.98|4.09|3.76
HARI                PRADIP|01:198:111:00|4.48|4.46|4.24|4.63|4.41|4.16|4.22|4.11|4.25|4.09|5.00|5.00|5.00|5.00|5.00|5.00|5.00|5.00|5.00
HARI                PRADIP|01:198:111:00|4.48|4.46|4.24|4.63|4.41|4.16|4.22|4.11|4.25|4.09|5.00|5.00
HARI                PRADIP|01:198:112:00|4.59|4.52|4.26|4.63|4.32|4.18|4.27|4.38|4.47|4.30
VENUGOPAL           SESH|01:198:112:00|4.59|4.52|4.26|4.63|4.32|4.18|4.27|4.38|4.47|4.30
VENUGOPAL           SESH|01:198:113:00|4.64|4.43|3.91|4.43|4.16|3.98|4.09|4.25|4.29|3.95|4.00
SCHOONVELD          KELLY|01:198:113:02|4.64|4.43|3.91|4.43|4.16|3.98|4.09|4.25|4.29|3.95
PANDEY              SHEFALI|01:198:170:00|3.73|3.50|3.20|3.50|3.21|3.07|3.28|3.01|3.22|2.90
PANDEY              SHEFALI|01:198:170:00|3.73|3.50|3.20|3.50|3.21|3.07|3.28|3.01|3.22|2.90|3.25
JAIN                SHALINI|01:198:170:04|3.73|3.50|3.20|3.50|3.21|3.07|3.28|3.01|3.22|2.90|3.25|3.00|3.00|3.00|3.00|3.00|3.00|3.00
JAIN                SHALINI|01:198:170:05|3.73|3.50|3.20|3.50|3.21|3.07|3.28|3.01|3.22|2.90
JAIN                SHALINI|01:198:170:06|3.73|3.50|3.20|3.50|3.21|3.07|3.28|3.01|3.22|2.90
BHALLAMUDI          SUMITA|01:198:170:07|3.73|3.50|3.20|3.50|3.21|3.07|3.28|3.01|3.22|2.90
BHALLAMUDI          SUMITA|01:198:170:09|3.73|3.50|3.20|3.50|3.21|3.07|3.28|3.01|3.22|2.90
BHALLAMUDI          SUMITA|01:198:170:12|3.73|3.50|3.20|3.50|3.21|3.07|3.28|3.01|3.22|2.90|3.25
MCCARTY             THORNE|01:198:205:00|4.50|4.21|3.44|4.19|3.92|3.58|3.69|3.16|3.81|3.38
ELGAMMAL AHMED|01:198:206:00|4.24|4.09|3.61|4.22|3.86|3.78|3.80|3.13|4.07|3.73
PAULL               MARVIN|01:198:314:00|3.98|4.10|3.73|4.15|3.89|3.67|3.68|3.60|3.93|3.52
STEINBERG           LOUIS|01:198:314:00|3.98|4.10|3.73|4.15|3.89|3.67|3.68|3.60|3.93|3.52
ZARANDJOON          SAMAN|01:198:314:06|3.98|4.10|3.73|4.15|3.67|3.68|3.60|3.93|3.52
RONNEBURGER         DETLEF|01:198:323:00|3.39|4.13|3.57|4.48|4.00|3.74|3.39|2.65|3.73|3.57
ZHOU                SHIYU|01:198:336:00|4.28|4.12|3.56|4.00|3.88|3.60|3.84|3.63|3.96|3.64
KALANTARI           BAHMAN|01:198:344:00|4.75|4.37|4.29|4.45|4.55|4.22|4.22|3.73|4.53|4.16
CHEN                YINGYING|01:198:352:01|4.19|3.67|3.04|3.75|3.96|3.37|3.43|3.54|3.36|3.18
KULIKOWSKI          CASIMIR|01:198:405:01|5.00|5.00|5.00|5.00|5.00|5.00|5.00|5.00|5.00|5.00
KREMER              ULRICH|01:198:415:01|4.21|4.21|3.96|4.39|4.55|4.04|4.17|4.21|4.04|4.18
BIANCHINI           RICARDO|01:198:416:00|4.20|3.99|3.71|4.04|3.59|3.63|3.94|3.90|3.88|3.71
PAULL               MARVIN|01:198:416:00|4.20|3.99|3.71|4.04|3.59|3.63|3.94|3.90|3.88|3.71
TRUNG               KIEN|01:198:416:01|4.20|3.99|3.71|4.04|3.59|3.63|3.94|3.90|3.88|3.71
TRUNG               KIEN|01:198:416:01|4.20|3.99|3.71|4.04|3.59|3.63|3.94|3.90|3.88|3.71
KRZYZANOWSKI        PAUL|01:198:417:00|4.45|4.38|4.31|4.45|4.31|4.03|4.48|4.36|4.24|4.52
SMITH               DONALD|01:198:431:01|4.36|4.27|4.09|4.45|4.69|3.95|4.14|4.52|4.19|4.24
RONNEBERGER         DETLEF|01:198:452:01|4.20|4.50|4.10|4.50|3.90|3.80|4.20|3.10|4.20|3.80
SHKLAR              LEON|01:198:476:01|4.60|4.80|4.20|4.60|5.00|4.40|4.00|4.40|4.20|4.40
