KEATING             ANNE|01:146:328:01|4.94|4.77|4.80|4.78|4.76|4.60|4.71|4.09|4.80|4.71|4.00
CHEN                JOE|01:146:357:08|4.79|4.75|4.45|4.70|3.92|4.38|4.43|3.99|4.50|4.16
LOUDEN              JENNIFER|01:146:357:10|4.79|4.75|4.45|4.70|3.92|4.38|4.43|3.99|4.50|4.16
LOUDEN              JENNIFER|01:146:357:13|4.79|4.75|4.45|4.70|3.92|4.38|4.43|3.99|4.50|4.16|5.00
CHEN                JOE|01:146:357:14|4.79|4.75|4.45|4.70|3.92|4.38|4.43|3.99|4.50|4.16
FIRESTEIN           BONNIE|01:146:445:01|4.69|4.64|4.37|4.69|4.06|4.21|4.30|4.30|4.45|4.31
HSU                 SHU|01:146:445:01|4.69|4.64|4.37|4.69|4.06|4.21|4.30|4.30|4.45|4.31|5.00
DAVIS ROBIN|01:146:445:01|4.69|4.64|4.37|4.69|4.06|4.21|4.30|4.30|4.45|4.31
ADVIS               J|01:146:450:01|4.49|4.50|4.26|4.62|4.27|3.98|4.40|4.12|4.07|4.07
YOUNG               W|01:146:464:01|5.00|5.00|5.00|5.00|5.00|4.75|5.00|5.00|4.86|5.00
DENHARDT            D|01:146:470:01|4.50|4.44|4.32|4.53|4.19|4.00|4.41|4.35|4.26|4.03
