VARALL              ELIZABETH|01:090:126:63|4.00|3.80|3.40|4.20|5.00|3.80|2.80|3.00|4.00|4.00|2.40|3.40|2.80|2.20|3.40|1.00|3.60|3.80|4.40
BONNY               CHRISTINE|01:090:220:01|4.58|4.44|4.04|4.48|4.38|4.26|4.11|2.89|4.79|4.08|5.00
WALLACE             ADRYAN|01:090:231:01|5.00|5.00|5.00|5.00|5.00|5.00|5.00|5.00|5.00|5.00
CHUANG              YENCHEN|01:090:233:01|4.89|5.00|4.89|5.00|5.00|4.89|4.75|4.88|4.88|4.89
CHRISTELLE          PAL ACUER|01:090:235:01|5.00|5.00|5.00|5.00|5.00|5.00|5.00|5.00|5.00|5.00
GARROTZ             VALRRIA|01:090:237:01|4.18|4.36|4.18|4.45|4.64|4.00|3.73|4.36|4.18|4.09|5.00|5.00|5.00|5.00|5.00
NATALIE             JESIONKA|01:090:241:01|4.33|4.67|4.67|4.89|4.89|4.56|4.00|4.44|4.22|4.22|5.00|5.00
FOGLESONG           DAVID|01:090:251:01|5.00|5.00|4.81|5.00|4.88|4.75|4.81|4.50|4.94|4.80
HUGHES              J|01:090:252:01|4.38|4.13|3.75|4.75|4.86|3.50|4.25|3.88|4.13|4.00
STEVENS             CAMILLA|01:090:253:01|4.93|4.93|4.93|4.93|5.00|4.86|4.71|3.57|4.86|4.86
WALKER              STEVEN|01:090:254:01|4.38|4.38|4.08|4.62|4.46|4.08|4.15|3.38|4.00|4.25
CHARNEY             MAURICE|01:090:255:01|4.27|4.33|4.40|4.47|4.09|4.33|4.27|3.93|4.36|4.21
MATILSKY            TERRY|01:090:256:01|4.75|4.67|4.83|4.67|4.67|4.25|4.75|4.83|4.75|4.75
SJOSTROM            TOMAS|01:090:257:01|4.22|4.44|4.33|4.56|4.56|4.00|4.33|3.56|4.33|4.33
CLARKE              LEE|01:090:258:01|4.67|4.80|4.87|4.80|5.00|4.80|4.73|4.27|4.73|4.73
BARTELS             EMILY|01:090:260:01|4.86|4.93|4.86|4.86|4.78|4.50|4.57|4.21|4.57|4.57
MARCONE             JORGE|01:090:261:01|4.71|4.86|4.71|5.00|5.00|4.71|4.86|4.29|4.86|4.71
YANNI               CARLA|01:090:262:01|4.82|4.91|4.73|4.82|4.73|4.64|4.45|3.82|4.64|4.55
CHANG               RUTH|01:090:263:01|5.00|5.00|4.89|5.00|4.78|4.78|4.89|4.22|5.00|4.75|4.29|2.75
FISHBEIN            LESLIE|01:090:264:01|4.40|4.40|5.00|4.80|4.20|4.20|4.20|4.20|4.00|4.00|3.60|4.40|4.00
HEFFNER             RICHARD|01:090:287:01|4.73|4.55|4.64|4.55|4.90|4.55|4.82|4.00|4.60|4.60|5.00|5.00|5.00|5.00|5.00|5.00
IRRING              LAWANDA|01:090:320:01|4.93|4.90|4.68|4.90|4.93|4.85|4.49|4.69|4.77|4.74|4.60|3.27|4.68|4.61|4.85|4.80|4.88|4.61|5.00
IRVING              LANANDA|01:090:320:02|4.93|4.90|4.68|4.90|4.93|4.85|4.49|4.69|4.77|4.74|4.60|3.27|4.68|4.61|4.85|4.80|4.88|4.61|5.00
MARSHALL            REGINA|01:090:320:03|4.93|4.90|4.68|4.90|4.93|4.85|4.49|4.69|4.77|4.74|4.60|3.27|4.68|4.61|4.85|4.80|4.88|4.61|5.00
TAKACS SAROLTA|01:090:491:21|4.88|4.88|4.50|4.88|5.00|4.50|4.50|4.00|4.75|4.50
