CLEMENS             PAUL|01:512:103:00|4.65|4.41|4.32|4.52|4.46|4.13|4.12|3.77|4.34|4.22|4.60|5.00|5.00|5.00|5.00
CLEMENS             PAUL|01:512:103:03|4.65|4.41|4.32|4.52|4.46|4.13|4.12|3.77|4.34|4.22
SCHREPFER           SUSAN|01:512:103:10|4.65|4.41|4.32|4.52|4.46|4.13|4.12|3.77|4.34|4.22|4.60|5.00|5.00|5.00|5.00|5.00|5.00|5.00|5.00
LIVINGSTON          JAME*|01:512:103:12|4.65|4.41|4.32|4.52|4.46|4.13|4.12|3.77|4.34|4.22
FURMAN              HARRY|01:512:103:14|4.65|4.41|4.32|4.52|4.46|4.13|4.12|3.77|4.34|4.22
REED                JAMES|01:512:104:01|4.65|4.55|4.49|4.49|4.32|4.24|4.36|4.10|4.45|4.45|5.00|5.00|5.00|5.00|5.00|5.00|5.00|5.00|5.00
MUEHLBAUER          MATTHEW|01:512:300:01|4.57|4.61|4.18|4.79|4.25|4.07|4.18|4.21|4.36|4.33
GILLETTE            WILLIAM|01:512:303:01|4.42|3.89|4.16|3.89|3.73|3.68|4.14|4.31|3.96|3.96
RASMUSSEN           CHRIS|01:512:305:01|4.85|4.71|4.74|4.85|4.76|4.74|4.69|4.59|4.86|4.82|5.00|5.00|5.00|5.00|5.00|5.00|5.00|5.00
ISENBERG            ALISON|01:512:314:01|4.51|4.63|4.22|4.72|4.47|4.02|4.18|3.53|4.29|4.14
MARKOWITZ           NORMAN|01:512:316:01|4.00|4.38|4.50|4.50|4.50|4.19|4.38|4.15|4.27|4.38
CHAMBERS            JOHN|01:512:347:01|4.72|4.65|4.56|4.68|4.74|4.43|4.57|4.43|4.72|4.57
FOGLESONG           DAVID|01:512:354:01|4.96|4.91|4.67|4.82|4.68|4.60|4.80|4.57|4.82|4.75
ADAS                MICHAEL|01:512:355:01|4.71|4.83|4.80|4.86|4.78|4.63|4.71|4.56|4.81|4.79
MURCH               DOWNA|01:512:364:01|4.04|4.21|4.00|4.42|4.25|3.58|4.29|4.30|3.55|4.04|4.00|4.00|4.00|4.00|4.00|4.00|4.00|4.00|4.00
WHITE               DEBORAH|01:512:366:01|4.50|4.45|4.38|4.37|3.19|3.93|4.21|3.79|4.21|3.93
MAKALANI|01:512:368:01|4.26|4.26|4.37|4.32|4.05|4.00|4.37|4.00|4.17|4.16
LIVINGSTON          JI|01:512:374:01|4.17|4.50|4.50|4.45|4.33|4.39|4.29|4.03|4.15|4.07|5.00
MARKOWITZ           NORMAN|01:512:377:01|3.42|3.86|3.85|4.15|4.15|3.56|3.66|4.21|3.56|3.81|4.00|4.00|4.00|4.00|4.00|4.00|4.00|4.00
GOLD                ROBERTA|01:512:380:01|4.03|3.74|3.80|3.49|3.62|3.49|3.43|3.06|3.69|3.65
BACKES              MATTHEW|01:512:391:02|4.67|4.69|4.56|4.63|4.38|3.94|4.13|3.40|4.33|4.25
WALDRON             RICHARD|01:512:391:06|4.67|4.69|4.56|4.63|4.38|3.94|4.13|3.40|4.33|4.25
NEBEKER             FREDERIK|01:512:395:01|4.93|4.82|4.52|4.82|4.78|4.36|4.57|3.93|4.57|4.41
