LITTMAN             MICHAEL|01:198:105:01|4.71|4.71|4.44|4.71|4.65|4.53|4.38|3.67|4.82|4.73
STEINBERG           LOUIS|01:198:107:00|4.61|4.44|3.96|4.53|4.46|4.04|4.00|3.07|4.17|3.79|5.00|5.00|5.00
CHIRCO              JT|01:198:110:00|4.34|4.21|3.82|4.33|4.30|3.83|3.82|2.87|4.04|3.76
GOELZ               KATE|01:198:110:00|4.34|4.21|3.82|4.33|4.30|3.83|3.82|2.87|4.04|3.76
BELOWICH            ALAN|01:198:110:00|4.34|4.21|3.82|4.33|4.30|3.83|3.82|2.87|4.04|3.76
BELOWICH            ALAN|01:198:110:00|4.34|4.21|3.82|4.33|4.30|3.83|3.82|2.87|4.04|3.76|3.80
KLEISOURIS          KONSTANTIN|01:198:110:00|4.34|4.21|3.82|4.33|4.30|3.83|3.82|2.87|4.04|3.76
CHIRCO              JT|01:198:110:00|4.34|4.21|3.82|4.33|4.30|3.83|3.82|2.87|4.04|3.76|3.80|4.33|4.33|5.00|5.00|5.00|5.00|5.00|5.00
SACHDEV             BALWINDERP|01:198:110:13|4.34|4.21|3.82|4.33|4.30|3.83|3.82|2.87|4.04|3.76
SACHDEN             BALWINDERP|01:198:110:14|4.34|4.21|3.82|4.33|4.30|3.83|3.82|2.87|4.04|3.76
MAUNG               CRYSTAL|01:198:110:30|4.34|4.21|3.82|4.33|4.30|3.83|3.82|2.87|4.04|3.76
MAUNG               CRYSTAL|01:198:110:31|4.34|4.21|3.82|4.33|4.30|3.83|3.82|2.87|4.04|3.76
SOMAN               PARASHAR|01:198:110:41|4.34|4.21|3.82|4.33|4.30|3.83|3.82|2.87|4.04|3.76
SOMAN               PARASHAR|01:198:110:42|4.34|4.21|3.82|4.33|4.30|3.83|3.82|2.87|4.04|3.76
SACHDEN             BALWINDERP|01:198:110:43|4.34|4.21|3.82|4.33|4.30|3.83|3.82|2.87|4.04|3.76
SOMAN               PARASHAR|01:198:110:44|4.34|4.21|3.82|4.33|4.30|3.83|3.82|2.87|4.04|3.76
MUKHERJEE           SAHANA|01:198:110:45|4.34|4.21|3.82|4.33|4.30|3.83|3.82|2.87|4.04|3.76|3.80|4.33|4.33|5.00|5.00|5.00|5.00|5.00|5.00
MUKHERJEE           SAHANA|01:198:110:51|4.34|4.21|3.82|4.33|4.30|3.83|3.82|2.87|4.04|3.76|3.80
MUKHERJEE           SAHANA|01:198:110:60|4.34|4.21|3.82|4.33|4.30|3.83|3.82|2.87|4.04|3.76
HARI                PRADIP|01:198:111:00|4.67|4.71|4.50|4.76|4.55|4.46|4.45|4.25|4.57|4.40
HARI                PRADIP|01:198:111:00|4.67|4.71|4.50|4.76|4.55|4.46|4.45|4.25|4.57|4.40
VENUGOPAL           SESH|01:198:112:00|4.51|4.42|4.22|4.51|4.31|4.00|4.14|4.35|4.26|4.11
CROBAK              JOSEPH|01:198:112:05|4.51|4.42|4.22|4.51|4.31|4.00|4.14|4.35|4.26|4.11|5.00|5.00|5.00
HARI                PRADIP|01:198:112:05|4.51|4.42|4.22|4.51|4.31|4.00|4.14|4.35|4.26|4.11
VENUGOPAL           SESH|01:198:113:00|4.38|4.21|3.77|4.23|3.44|3.60|3.59|4.02|3.83|3.56
ASMUTH              JOAN|01:198:113:02|4.38|4.21|3.77|4.23|3.44|3.60|3.59|4.02|3.83|3.56
CHAUDHARI           SHIVANGI|01:198:170:08|4.16|3.90|3.67|4.02|3.64|3.49|3.71|3.14|3.66|3.22|4.29|4.25|4.40|4.40|4.40|4.33|4.33|4.33
JAYARAMAN           RAMPRABHU|01:198:170:09|4.16|3.90|3.67|4.02|3.64|3.49|3.71|3.14|3.66|3.22
JAYARAMAN           RAMPRABHU|01:198:170:15|4.16|3.90|3.67|4.02|3.64|3.49|3.71|3.14|3.66|3.22|4.29|4.40|4.40|4.40|4.33|4.33|4.33
CHAUDHARI           SHIVANGI|01:198:170:16|4.16|3.90|3.67|4.02|3.64|3.49|3.71|3.14|3.66|3.22
FRANCESCO           JOHNAUSTEN|01:198:170:19|4.16|3.90|3.67|4.02|3.64|3.49|3.71|3.14|3.66|3.22|4.40|4.40|4.40
RONNEBERGER         DETLE|01:198:205:00|4.04|4.40|4.10|4.53|4.14|3.94|3.98|3.67|4.00|3.96
SZEMEREDI           ENDRE|01:198:206:00|4.20|4.06|3.80|4.38|4.13|3.84|3.84|3.20|3.92|3.82
ZARANDINOON         SAMAN|01:198:206:02|4.20|4.06|3.80|4.38|4.13|3.84|3.84|3.20|3.92|3.82
RYDER               BARBARA|01:198:314:00|4.48|4.52|4.22|4.71|4.27|4.14|4.28|4.03|4.40|4.17
RONNEBERGER         DETLEF|01:198:314:09|4.48|4.52|4.22|4.71|4.27|4.14|4.28|4.03|4.40|4.17
ZHOU                SHIYU|01:198:323:01|4.78|4.67|4.06|4.82|4.35|4.06|4.00|3.39|4.56|4.06
BORGIDA             ALEX|01:198:336:02|4.56|4.65|4.24|4.55|3.94|3.94|4.12|4.21|4.21|4.18
GRIGORIADIS         MICHAEL|01:198:344:00|4.14|4.24|3.83|4.55|3.58|3.64|3.69|3.46|3.88|3.71
MARTIN              RICHARD|01:198:352:08|4.48|4.35|4.07|4.45|4.36|4.17|4.39|4.62|4.30|4.30
PAULL               MARVIN|01:198:416:00|4.52|4.61|4.43|4.83|4.74|4.57|4.61|4.30|4.64|4.50
KRZYZANOWSKI        PAUL|01:198:417:01|4.50|4.31|4.42|4.65|4.54|4.50|4.54|4.08|4.50|4.54
RUSSEL              BRI AN|01:198:417:01|4.50|4.31|4.42|4.65|4.54|4.50|4.54|4.08|4.50|4.54
DECARLO             DOUG|01:198:428:01|4.73|4.55|4.61|4.61|4.62|4.33|4.48|4.61|4.53|4.53
PAVLOVIC            VLADIMIR|01:198:440:01|4.29|4.24|3.71|4.10|3.62|3.43|3.90|4.19|3.90|3.70
