SPRACHMAN           PAUL|01:685:103:01|4.89|4.90|5.00|4.79|4.95|4.80|4.75|4.90|4.84|4.84
TUNAGUR             FERHAN|01:685:105:01|5.00|4.88|5.00|5.00|4.88|5.00|5.00|4.63|5.00|5.00
ELBOUZIDY           RACHID|01:685:127:03|3.78|3.80|4.00|4.10|4.40|3.90|4.10|4.10|3.80|3.89|1.00|1.00|1.00|1.00|1.00|1.00|1.00
DJABINI             AMIR|01:685:202:01|4.93|4.97|4.97|5.00|4.93|4.97|4.93|4.10|4.97|4.93
SPRACHMAN           PAUL|01:685:203:01|4.78|5.00|4.78|5.00|5.00|4.89|4.78|4.78|4.89|4.67
ALSIADI             MOHUMED|01:685:227:01|4.63|4.75|5.00|5.00|5.00|5.00|5.00|5.00|5.00|4.83
ROSSI               MICHAEL|01:685:317:01|4.50|4.50|4.50|5.00|5.00|4.50|4.50|3.00|5.00|5.00
PAVLIN              JAMES|01:685:325:01|4.50|4.25|4.43|4.63|3.75|4.25|4.25|4.63|4.00|4.25
DEHGHANI            PARVIZ|01:685:326:01|3.00|3.05|3.06|3.55|3.22|2.74|2.89|4.16|2.95|2.70
MOJADDEDI           JAWID|01:685:326:02|3.00|3.05|3.06|3.55|3.22|2.74|2.89|4.16|2.95|2.70
ENNAJI              MOHA|01:685:327:01|4.14|4.43|4.29|4.57|4.57|4.14|4.14|4.71|4.29|4.14
DJABINI             AMIR|01:685:334:01|5.00|5.00|4.95|5.00|5.00|4.85|4.81|3.74|5.00|4.95|5.00|5.00|5.00
DJABINI             AMIR|01:685:336:01|5.00|4.94|4.88|5.00|4.93|4.80|4.88|3.93|4.94|5.00
BUZAGLO             MEIR|01:685:343:01|4.00|4.50|4.00|4.50|5.00|4.00|4.00|4.50|4.50|4.50
ABDELJABER          HAMID|01:685:345:01|4.72|4.52|4.56|4.64|4.63|4.52|4.56|4.54|4.52|4.64|4.70|4.62
ABDELJABER          HAMID|01:685:346:01|4.64|4.64|4.36|4.64|4.50|4.21|4.57|4.00|4.50|4.43|4.57|4.71
SPRACHMAN           PAUL|01:685:350:01|4.19|4.41|4.52|4.38|4.00|4.30|4.29|4.29|4.23|4.17
ABDELJABER          HAMID|01:685:351:01|4.25|4.38|4.25|4.25|4.38|4.38|4.25|4.29|4.63|4.75|4.71|4.75|3.00
