BRONNER             STEPHEN|01:790:101:00|4.26|4.28|4.11|4.20|4.15|3.81|3.98|3.88|4.06|3.92
DWYER               JOHN|01:790:101:06|4.26|4.28|4.11|4.20|4.15|3.81|3.98|3.88|4.06|3.92
RHODES              EDWARD|01:790:102:00|4.70|4.64|4.61|4.70|4.30|4.43|4.51|4.15|4.60|4.51|5.00|5.00|5.00|5.00|5.00
ANDERSEN            DAVID|01:790:201:13|4.68|4.70|4.49|4.73|4.49|4.35|4.27|3.74|4.53|4.31|4.00|5.00|5.00|5.00|5.00|5.00|5.00|5.00
TOLOUDIS            NICHOLAS|01:790:210:00|4.51|4.21|3.97|4.33|4.05|3.89|4.01|3.72|4.07|3.82
GLASCOC             JOHN|01:790:247:00|3.96|4.14|3.93|4.32|3.99|3.61|3.94|3.97|3.90|3.90|4.33|4.00|4.00|4.00|4.50|4.00|3.50|3.50|3.50
BELLMISLAN          DAVID|01:790:253:02|4.35|4.00|3.80|4.00|4.10|3.65|3.42|3.45|3.74|3.32|4.00
PATEL               PARINA|01:790:300:01|4.78|4.74|4.30|4.70|4.39|4.39|4.70|3.26|4.60|4.25
RENAUD              EMILY|01:790:302:01|4.44|4.37|4.00|4.42|4.35|3.75|4.03|4.17|4.03|4.09
MCQUEENEY           KEVIN|01:790:306:01|4.61|4.54|4.28|4.62|4.57|4.04|4.32|4.09|4.25|4.25|5.00|5.00|5.00|5.00|5.00|5.00|5.00|5.00|5.00
GLASCOCK            JOHN|01:790:308:01|4.16|4.58|4.44|4.63|4.11|4.06|4.10|3.76|4.12|4.04|5.00
TOLOUDIS            NICHOLAS|01:790:311:01|4.51|4.22|3.88|4.30|3.72|3.62|3.91|3.89|3.85|3.78
BYOUNGHA            LEE|01:790:313:01|4.70|4.25|4.00|4.47|4.06|3.78|4.30|3.79|4.15|4.03
OBBAYI LAUREEN|01:790:314:01|4.50|4.29|4.50|4.57|4.36|4.21|4.71|4.14|4.33|4.40
TOLOUDIS            NICHOLAS|01:790:315:01|4.39|4.05|3.71|4.15|3.97|3.42|3.51|3.52|3.76|3.54
FIELD               WILLIAM|01:790:319:01|4.81|4.79|4.74|4.81|4.65|4.55|4.61|4.21|4.78|4.61|3.00
RITTER              JEFFREY|01:790:322:01|4.69|4.55|4.00|4.57|4.39|3.86|3.98|3.73|4.20|4.07
MILLETT             JEREMY|01:790:323:80|4.21|4.21|4.07|4.07|4.14|3.93|3.79|3.50|3.86|3.71|3.50|2.00
RUS                 IONAS|01:790:324:01|4.55|4.48|3.98|4.76|4.76|4.02|4.02|4.02|4.04|3.89
MISLAN              DAVID|01:790:327:01|4.73|4.60|4.71|4.57|4.46|4.58|4.70|4.33|4.65|4.55
DEFRANCESCO         VICTORIA|01:790:329:01|4.75|4.50|4.71|4.59|3.94|4.00|4.19|3.69|4.18|4.00
RENAUD              EMILY|01:790:330:01|4.88|4.63|4.06|4.88|4.81|4.33|4.25|3.75|4.50|4.40|5.00|5.00|5.00|5.00|5.00|5.00
HOLDEN              HANNAH|01:790:331:01|3.56|3.83|3.58|3.89|3.66|3.17|3.34|3.53|3.37|3.41
AMBAR               SALADIN|01:790:333:01|4.63|4.65|4.67|4.60|4.16|4.35|4.33|4.14|4.41|4.40|4.00
SANBONMATSU         KIRA|01:790:335:01|4.31|3.38|3.38|3.92|3.69|3.69|3.67|3.38|3.54|3.31
MILLETT             JEREMY|01:790:340:01|4.28|4.06|3.75|4.10|4.06|3.60|3.76|3.49|3.84|3.75|4.50|4.50|4.50|4.00|4.00|4.00|4.00
BLAGOJEVIC          BOJANA|01:790:341:80|4.94|4.94|4.94|5.00|4.94|4.88|4.81|3.93|4.88|4.81
RENAUD              EMILY|01:790:345:01|4.13|3.90|3.81|3.90|3.87|3.43|3.63|4.42|3.60|3.66|4.00
SHAFER              MICHAEL|01:790:349:01|4.21|4.06|4.32|4.19|3.87|3.93|4.14|3.81|3.97|4.11|5.00|5.00
KELEMEN             ROGER|01:790:350:01|4.70|4.66|4.63|4.69|4.54|4.30|4.40|3.65|4.51|4.26
YADGAR              YAACOV|01:790:352:01|4.50|4.42|3.83|4.17|3.67|3.75|4.17|4.25|4.08|3.83
KAUFMAN             ROBERT|01:790:357:01|4.64|4.53|4.07|4.44|4.36|4.00|4.20|3.73|4.31|4.22|5.00|5.00
BLAGOJEVIC          BOJANA|01:790:363:80|4.96|5.00|4.96|5.00|5.00|4.96|4.88|4.16|5.00|4.96|5.00
FIELD               WILLIAM|01:790:366:80|5.00|5.00|5.00|5.00|5.00|5.00|4.83|4.83|4.83|4.83
HABLENKO            NICOLE|01:790:374:01|4.14|4.14|4.23|4.44|4.54|4.03|4.24|3.86|4.38|4.22|5.00|5.00
BLAGOJEVIC          BOJANA|01:790:381:01|4.87|4.74|4.61|4.83|4.86|4.50|4.50|4.36|4.81|4.71
RAZANI              AFSHIN|01:790:389:01|4.83|5.00|4.83|4.83|4.00|4.33|4.67|4.33|4.50|4.50
MILLETT             JEREMY|01:790:395:04|4.67|4.68|4.50|4.79|4.56|4.40|4.46|4.03|4.63|4.48
KELEMEN             ROGER|01:790:395:07|4.67|4.68|4.50|4.79|4.56|4.40|4.46|4.03|4.63|4.48
RITTER              JEFFREY|01:790:395:08|4.67|4.68|4.50|4.79|4.56|4.40|4.46|4.03|4.63|4.48
CORNELL             DRUCILLA|01:790:395:09|4.67|4.68|4.50|4.79|4.56|4.40|4.46|4.03|4.63|4.48
CORNELL             DRUCILLA|01:790:395:09|4.67|4.68|4.50|4.79|4.56|4.40|4.46|4.03|4.63|4.48
BAKER ROSS|01:790:395:17|4.67|4.68|4.50|4.79|4.56|4.40|4.46|4.03|4.63|4.48
DAVIS               ERIC|01:790:395:18|4.67|4.68|4.50|4.79|4.56|4.40|4.46|4.03|4.63|4.48|5.00
FERNANDES           LEELA|01:790:395:19|4.67|4.68|4.50|4.79|4.56|4.40|4.46|4.03|4.63|4.48
CONDON              JAMES|01:790:404:01|4.26|3.83|4.22|4.07|3.86|3.82|3.86|4.30|3.58|3.68
HEUMANN             MILTON|01:790:406:01|4.47|4.59|4.94|4.78|4.65|4.69|4.87|4.38|4.72|4.69
ALGER               JONATHAN|01:790:410:71|4.88|5.00|4.75|5.00|5.00|4.88|4.88|4.13|4.75|4.88
FERNANDES           LEELA|01:790:424:01|4.13|4.00|3.63|4.43|4.38|3.88|4.29|3.14|4.14|4.13
DANIELS             CYNTHIA|01:790:426:01|4.69|4.72|4.83|4.76|4.62|4.54|4.55|4.45|4.74|4.64
POMPER              GERALD|01:790:428:01|4.61|4.39|4.04|4.30|3.55|4.22|4.09|4.68|4.26|4.35
WEINGART            JOHN|01:790:429:01|4.73|4.73|4.14|4.64|4.68|4.00|4.14|4.64|4.24|4.41
WOODWARD            ALISON|01:790:450:71|4.86|4.71|4.29|4.86|4.57|4.57|4.29|3.50|4.29|4.43
MAWLA               HANY|01:790:457:01|4.76|4.75|4.69|4.69|4.25|4.38|4.69|4.06|4.63|4.63
HOERL               ALEXANDRA|01:790:471:01|4.73|4.58|4.33|4.73|3.73|4.45|4.36|4.27|4.45|4.64
MASTRANGELO         JAMES|01:790:492:06|4.67|4.72|4.74|4.74|4.89|4.61|4.61|4.71|4.74|4.79|5.00|5.00|5.00|5.00|5.00|5.00|5.00|5.00
