COOPER              BARBARA|01:508:220:01|4.43|4.48|4.04|4.52|4.17|3.76|3.55|3.35|4.06|3.74
TOWNSEND            CAMILLA|01:508:280:01|4.83|4.96|4.78|4.96|4.60|4.58|4.63|3.90|4.75|4.60|3.00
BROWN               CAROLYN|01:508:325:01|2.95|2.75|3.00|2.45|3.20|2.55|3.11|3.30|2.53|2.68
GUHA                SUMIT|01:508:335:01|4.78|4.78|4.56|4.78|4.67|4.67|4.56|4.22|4.56|4.56
LIU                 XUN|01:508:340:01|4.43|4.21|3.64|4.36|3.07|3.50|4.14|2.71|4.00|3.46|5.00
TRINER              GAIL|01:508:360:01|4.48|4.45|3.77|4.33|4.20|3.91|4.19|3.73|4.19|4.14
WASSERMAN           MARK|01:508:362:01|4.78|4.67|4.52|4.64|4.58|4.30|4.67|4.12|4.64|4.64
TRINER              GAILL|01:508:364:01|4.64|4.09|3.91|4.00|4.10|3.50|4.18|3.27|4.09|3.82
KAPLAN              TEMMA|01:508:369:01|4.13|4.44|4.25|4.88|4.50|4.13|4.63|3.50|4.13|4.00
BROWN               CAROLYN|01:508:391:01|4.39|4.36|4.39|4.50|4.20|4.14|4.46|4.00|4.15|4.15|5.00|5.00|5.00|5.00|5.00|5.00|5.00|5.00|5.00
LIU                 XUN|01:508:391:02|4.39|4.36|4.39|4.50|4.20|4.14|4.46|4.00|4.15|4.15
RODEN               DONALD|01:508:450:01|4.68|4.68|4.70|4.71|4.73|4.55|4.67|4.35|4.83|4.69
