HODGSON             DOROTHY|01:070:101:00|4.47|4.32|4.24|4.43|4.39|4.02|4.11|3.54|4.19|4.07|3.67|3.67|3.67|4.00|4.00|5.00|5.00|5.00
BLUMENSCHINE        ROBERT|01:070:102:00|4.62|4.51|4.43|4.60|4.54|4.26|4.29|3.70|4.37|4.27|4.56|5.00|5.00|5.00|5.00|3.95|3.67|1.75|5.00
WOODHOUSEBEYER      KATHARINE|01:070:105:00|4.66|4.43|4.24|4.70|4.71|4.09|4.16|4.05|4.39|4.22
AHEARN              LAURA|01:070:108:00|4.12|4.05|3.80|4.34|4.26|3.74|3.92|3.84|3.86|4.03
SARASIJ             MAJUMDER|01:070:108:02|4.12|4.05|3.80|4.34|4.26|3.74|3.92|3.84|3.86|4.03
CRONK               LEE|01:070:204:01|4.84|4.55|4.43|4.48|4.56|4.18|4.41|3.56|4.44|4.29
HARRIS              JOHN|01:070:207:01|4.55|4.50|4.60|4.91|4.70|4.20|4.73|4.11|4.78|4.50
SCHRIRE             CARMEL|01:070:208:01|3.88|4.06|4.25|3.80|3.94|3.88|4.19|3.81|3.88|3.93
PALOMBIT            RYNE|01:070:212:01|4.79|4.92|4.68|4.87|4.22|4.63|4.67|4.00|4.74|4.50|3.79|3.54|4.33|3.54|3.96|3.88
FEIBEL              CRING|01:070:213:01|4.55|4.28|4.13|4.45|4.28|3.87|4.03|3.86|4.24|4.07
OBRIEN              ROBERT|01:070:216:01|4.00|4.03|4.51|3.86|4.26|3.86|4.34|3.62|4.00|4.08
GHASSEMFACHANDI     PARVIS|01:070:220:01|4.46|4.48|4.48|4.71|4.21|4.13|4.16|2.63|4.25|4.17
GOLDSTEIN           DANIEL|01:070:223:01|4.78|4.78|4.70|4.70|4.53|4.55|4.70|4.56|4.72|4.66
HEGBURG             KRISTA|01:070:238:01|4.67|5.00|4.67|4.83|4.43|4.67|4.50|3.83|4.67|4.50
TIGER               LIONEL|01:070:291:01|4.44|4.50|4.50|4.50|4.50|4.06|4.29|3.78|4.28|4.22
TIGER               LIONEL|01:070:292:01|4.08|3.92|4.22|3.81|4.33|3.48|3.63|3.23|3.89|3.67
OBRIEN              ROBERT|01:070:307:01|4.17|4.42|4.83|4.75|4.67|4.33|4.83|3.83|4.58|4.67
TIGER               LIONEL|01:070:310:01|4.31|4.63|4.25|4.50|4.64|3.94|4.00|4.00|4.25|3.94
MASCIALEES          FRAN|01:070:318:01|5.00|4.60|4.80|4.60|4.40|4.40|4.60|3.20|4.60|4.60
PALOMBIT            RYNE|01:070:348:01|5.00|4.90|4.80|4.90|4.20|5.00|4.90|4.67|4.80|4.89
CACHEL              SUSAN|01:070:356:01|4.12|4.50|4.12|4.76|4.76|3.88|4.00|3.88|4.00|3.87
HEGBURG             KRISTA|01:070:376:01|5.00|5.00|4.83|5.00|4.71|4.86|4.86|4.71|4.86|4.86
OBRIEN              ROBERT|01:070:378:01|4.06|4.31|4.56|4.67|4.50|4.06|4.13|3.75|3.93|4.06
HARRIS              JOHN|01:070:412:01|4.40|4.80|4.80|4.80|4.67|4.80|4.60|4.60|4.80|4.80
SCHRIRE             CARMEL|01:070:426:01|3.56|3.89|4.33|3.33|4.56|4.00|4.56|3.67|3.63|3.75
