CHO                 YOUNGMEE|01:574:101:01|4.76|4.63|4.71|4.73|4.59|4.58|4.70|4.51|4.63|4.59
SUH                 KUMSIL|01:574:101:02|4.76|4.63|4.71|4.73|4.59|4.58|4.70|4.51|4.63|4.59|5.00|5.00|5.00|5.00|5.00
CHO                 JEONGSOOK|01:574:101:70|4.76|4.63|4.71|4.73|4.59|4.58|4.70|4.51|4.63|4.59
KIM                 MIA|01:574:201:01|4.58|4.54|4.46|4.64|4.42|4.33|4.50|4.48|4.46|4.29
CHO                 YOUNGMEE|01:574:210:01|3.82|3.79|3.86|3.76|3.52|3.41|3.89|3.69|3.71|3.69
CHOI                ANN|01:574:220:01|4.29|4.22|3.83|4.39|4.28|3.72|3.89|3.41|3.88|3.94
HA                  SANG|01:574:230:01|2.56|2.44|2.71|2.35|2.31|2.39|2.12|2.59|2.29|2.40
LEE                 JINSUN|01:574:301:01|4.77|4.69|4.46|4.62|4.38|4.15|3.92|4.46|4.31|4.08
LEE                 MIHYE|01:574:401:01|4.50|4.50|4.35|4.58|4.40|4.30|4.30|4.20|4.45|4.45
CHOI                ANN|01:574:410:01|4.47|4.44|4.32|4.58|4.22|3.89|4.00|3.94|4.21|4.16
