WALKER              JANET|01:195:101:00|4.34|4.22|4.06|4.40|4.17|3.96|3.94|3.49|4.11|3.97|5.00|5.00|5.00
WALKER              JANET|01:195:101:02|4.34|4.22|4.06|4.40|4.17|3.96|3.94|3.49|4.11|3.97
LEVY DEENA|01:195:101:03|4.34|4.22|4.06|4.40|4.17|3.96|3.94|3.49|4.11|3.97
DEDES               HELEN|01:195:101:04|4.34|4.22|4.06|4.40|4.17|3.96|3.94|3.49|4.11|3.97
HOLM                MELANIE|01:195:135:01|4.52|4.46|4.62|4.47|4.05|4.15|4.15|3.22|4.37|4.07
MATATALLANA         SUZANA|01:195:135:02|4.05|3.78|4.21|4.00|3.58|3.47|3.89|3.89|3.78|3.83
KECK                AARON|01:195:135:03|4.52|4.46|4.62|4.47|4.05|4.15|4.15|3.22|4.37|4.07
TOYMENTSEV          SERGEY|01:195:150:01|3.99|3.60|3.92|3.83|4.07|3.54|3.67|3.70|3.59|3.58
DEDES               HELEN|01:195:150:03|3.99|3.60|3.92|3.83|4.07|3.54|3.67|3.70|3.59|3.58
UHLIROVA            ROMANA|01:195:150:04|3.99|3.60|3.92|3.83|4.07|3.54|3.67|3.70|3.59|3.58|4.62|4.60|4.75|4.90|4.05|4.40|4.67|3.35|4.40
TOYMENTSEV          SERGEY|01:195:150:06|3.99|3.60|3.92|3.83|4.07|3.54|3.67|3.70|3.59|3.58
WALKER              JANET|01:195:243:01|4.61|4.52|4.43|4.65|4.57|4.26|4.77|3.78|4.35|4.39
SCLAFANI            KATHLE*|01:195:244:01|4.67|4.61|4.47|4.53|4.28|4.11|4.17|3.56|4.28|4.17
LUKIC               JASMINA|01:195:301:01|3.85|4.20|4.00|4.89|4.65|4.05|4.00|3.05|4.05|3.84
WALKER              STEVEN|01:195:318:01|4.25|4.13|3.75|4.13|4.63|3.50|3.50|3.50|3.63|3.71|4.67|2.00|3.00|3.50|3.00|5.00
SAITO               SATORU|01:195:321:02|4.80|4.40|4.40|4.60|4.20|4.40|4.40|3.80|4.60|4.60
VETTORI             ALESSANDRO|01:195:360:01|4.93|4.93|4.93|5.00|5.00|4.80|4.93|4.40|4.93|4.93
SERRANO             RICHARD|01:195:384:01|4.80|4.90|4.90|4.90|4.71|4.80|4.70|4.22|4.90|4.70
BRAGAPINTO          CESAR|01:195:395:01|4.59|4.35|4.24|4.65|4.63|4.24|4.12|3.76|4.13|3.87
SHANDLER            JEFFREY|01:195:395:02|4.59|4.35|4.24|4.65|4.63|4.24|4.12|3.76|4.13|3.87
AVINS               CAROL|01:195:395:03|4.59|4.35|4.24|4.65|4.63|4.24|4.12|3.76|4.13|3.87
