LAWRENCE SHEILA|01:960:211:01|4.18|3.86|3.54|4.13|4.08|3.33|3.45|3.01|3.57|3.40
GOTETI              VENKATA|01:960:211:02|4.18|3.86|3.54|4.13|4.08|3.33|3.45|3.01|3.57|3.40
DONG                HK|01:960:211:03|4.18|3.86|3.54|4.13|4.08|3.33|3.45|3.01|3.57|3.40
SINGH               KESAR|01:960:212:01|4.14|3.97|3.83|4.34|4.03|3.77|3.74|3.56|3.80|3.83
HALEMANE            THIRUMALA|01:960:285:01|4.24|4.02|3.89|4.25|4.10|3.80|3.78|2.97|4.09|3.94|4.50|4.67
MOONDRA             SHYAM|01:960:285:03|4.24|4.02|3.89|4.25|4.10|3.80|3.78|2.97|4.09|3.94
CZACHOR             JAMES|01:960:285:04|4.24|4.02|3.89|4.25|4.10|3.80|3.78|2.97|4.09|3.94|4.00|4.00|4.00|4.00|4.50|4.00|4.50|4.67|4.00
POPEL               GEORGE|01:960:285:05|4.24|4.02|3.89|4.25|4.10|3.80|3.78|2.97|4.09|3.94|4.50|4.67
SINGH               KESAR|01:960:379:01|4.47|4.50|4.15|4.48|4.48|4.08|4.00|3.31|4.30|4.11
COHEN               ARTHUR|01:960:379:02|4.47|4.50|4.15|4.48|4.48|4.08|4.00|3.31|4.30|4.11
TAN                 ZHIQUIANG|01:960:381:01|3.50|2.89|2.53|3.16|3.00|2.32|2.58|2.89|2.44|2.67|5.00
STRAWDERMAN         WILLIAM|01:960:384:01|4.00|4.33|3.20|4.33|4.50|3.83|4.00|3.00|3.67|4.00
LAWRENCE SHEILA|01:960:401:01|4.50|4.45|4.10|4.53|4.52|4.06|4.05|3.33|4.24|4.06
BERK                ROBERT|01:960:401:03|4.50|4.45|4.10|4.53|4.52|4.06|4.05|3.33|4.24|4.06
MINIERE             MICHAEL|01:960:401:04|4.50|4.45|4.10|4.53|4.52|4.06|4.05|3.33|4.24|4.06|5.00|4.00|3.00|4.00|3.00|4.00|4.00
LUKE                REGINALD|01:960:463:01|4.72|4.71|4.69|4.80|4.66|4.60|4.49|4.33|4.56|4.53
STRAWDERMAN         WILLIAM|01:960:484:01|4.78|4.22|3.78|4.44|4.67|3.89|4.22|3.89|4.33|4.44
CABRERA             JAVIER|01:960:486:01|3.48|3.61|3.48|3.70|3.65|3.29|3.26|3.18|3.41|3.32
