FERGUSON            KEVIN|01:351:201:01|4.59|4.23|4.37|4.44|4.44|4.00|3.85|3.80|4.19|4.14|4.00|2.95|3.56|3.56|4.20|4.46
MORAN               DANIEL|01:351:201:03|4.59|4.23|4.37|4.44|4.44|4.00|3.85|3.80|4.19|4.14|4.00|2.95|3.56|3.56|5.00|4.20|4.46
MCQUADE             MOLLY|01:351:211:02|4.18|4.16|4.26|4.12|3.96|3.98|3.96|4.44|4.00|4.14|3.82|3.08|3.43|3.85|4.07|4.17
MCQUADE             MOLLY|01:351:211:03|4.18|4.16|4.26|4.12|3.96|3.98|3.96|4.44|4.00|4.14|3.82|3.08|3.43|3.85|4.27|4.07|4.17|4.11
HOBAYAN             LESLIEANN|01:351:211:04|4.18|4.16|4.26|4.12|3.96|3.98|3.96|4.44|4.00|4.14|3.82|3.08|3.43|3.85|4.07|4.17|4.11
JAVIER              PAOLO|01:351:211:09|4.18|4.16|4.26|4.12|3.96|3.98|3.96|4.44|4.00|4.14|3.82|3.08|3.43|3.85|4.27|4.07|4.17|4.11
JAVIER              PAOLO|01:351:211:10|4.18|4.16|4.26|4.12|3.96|3.98|3.96|4.44|4.00|4.14|3.82|3.08|3.43|3.85|4.27|4.07|4.17|4.11
JOHNSON             KARMA|01:351:211:12|4.18|4.16|4.26|4.12|3.96|3.98|3.96|4.44|4.00|4.14|3.82|3.08|3.43|3.85|4.27|4.07|4.17
BETTS               TARA|01:351:211:15|4.18|4.16|4.26|4.12|3.96|3.98|3.96|4.44|4.00|4.14|3.82|3.08|3.43|3.85|4.27|4.07|4.17|4.11|4.75
MURRAY              RICHARD|01:351:211:16|4.18|4.16|4.26|4.12|3.96|3.98|3.96|4.44|4.00|4.14|3.82|3.08|3.43|3.85|4.27|4.07|4.17
HOBAYAN             LESLIEANN|01:351:211:17|4.18|4.16|4.26|4.12|3.96|3.98|3.96|4.44|4.00|4.14|3.82|3.08|3.43|3.85|4.27|4.07|4.17|4.11|4.75
BETTS               TARA|01:351:211:18|4.18|4.16|4.26|4.12|3.96|3.98|3.96|4.44|4.00|4.14|3.82|3.08|3.43|3.85|4.27|4.07|4.17|4.11|4.75
FUHRMAN             JOANNA|01:351:211:19|4.18|4.16|4.26|4.12|3.96|3.98|3.96|4.44|4.00|4.14|3.82|3.08|3.43|3.85|4.27|4.07|4.17
FUHRMAN             JOANNA|01:351:211:20|4.18|4.16|4.26|4.12|3.96|3.98|3.96|4.44|4.00|4.14|3.82|3.08|3.43|3.85|4.27|4.07|4.17
BUCKLEY             MATTHEW|01:351:240:01|4.58|4.70|4.63|4.70|4.52|4.38|4.41|3.68|4.55|4.35|4.31|3.02|3.21|3.66|4.50|4.02|4.50|5.00
GLISERMAN           MARTIN|01:351:242:01|5.00|4.93|4.83|4.91|4.82|4.84|4.57|4.52|4.89|4.76|4.76|3.36|3.80|4.25|4.00|4.34|4.58
JOHNSON             KARMA|01:351:306:01|4.38|4.16|4.40|4.19|4.10|3.92|3.81|4.85|4.04|4.27|4.08|3.43|3.68|4.32|4.25|4.48|5.00
OSBORN              SUSAN|01:351:307:01|4.41|4.51|4.38|4.44|4.31|4.36|4.21|4.59|4.32|4.32|4.66|3.34|3.57|4.16|3.00|4.18|4.00|3.00
TUPPER              LARA|01:351:307:02|4.41|4.51|4.38|4.44|4.31|4.36|4.21|4.59|4.32|4.32|4.66|3.34|3.57|4.16|4.18|4.00|4.00
TUPPER              LARA|01:351:307:03|4.41|4.51|4.38|4.44|4.31|4.36|4.21|4.59|4.32|4.32|4.66|3.34|3.57|4.16|4.18|4.00
SVICH               CARIDAD|01:351:308:01|4.00|3.40|3.60|4.20|4.00|2.60|3.40|3.40|2.80|3.00|2.80|2.00|3.00|3.50|4.60|4.60
SEIDEL              DENA|01:351:312:01|3.72|4.18|4.15|4.20|3.85|3.83|4.32|3.69|3.79|3.17|3.28|3.76|3.68|4.11|4.39
SEIDEL              DENA|01:351:312:02|3.72|4.18|4.15|4.20|3.91|3.85|3.83|4.32|3.69|3.79|3.17|3.28|3.76|3.68|3.00|4.11|4.39
MATIN               SAMIHA|01:351:312:03|3.72|4.18|4.15|4.20|3.91|3.85|3.83|4.32|3.69|3.79|3.17|3.28|3.76|3.68|4.11|4.39
MATIN               SAMIHA|01:351:312:04|3.72|4.18|4.15|4.20|3.91|3.85|3.83|4.32|3.69|3.79|3.17|3.28|3.76|3.68|3.00|4.11|4.39
WALKER              STEVEN|01:351:322:01|4.25|4.38|4.13|4.69|4.94|4.00|3.81|4.25|4.13|4.07|4.38|3.38|4.00|3.75|3.71|4.57
GLISERMAN           MARTIN|01:351:347:01|4.94|4.94|4.94|4.97|4.83|4.89|4.84|4.50|4.86|4.92|4.79|3.58|3.89|4.16|5.00|4.03|4.55
SVICH               CARIDAD|01:351:405:02|4.76|4.76|4.83|4.79|4.84|4.76|4.76|4.78|4.85|4.72|4.65|4.17|4.45|4.56|4.58|4.54
OSBORN              SUSAN|01:351:405:05|4.76|4.76|4.83|4.79|4.84|4.76|4.76|4.78|4.85|4.72|4.65|4.17|4.45|4.56|4.58|4.54|5.00
