MASTRANGELO         JAMES|01:790:101:23|4.50|4.58|4.41|4.66|4.41|4.31|4.19|3.96|4.40|4.15|4.33|4.00|4.00|4.00|4.00|4.00|4.00|4.00|4.00
MCFALL              JONATHAN|01:790:101:71|4.50|4.58|4.41|4.66|4.41|4.31|4.19|3.96|4.40|4.15
MASTRANGELO         JAMES|01:790:101:71|4.50|4.58|4.41|4.66|4.41|4.31|4.19|3.96|4.40|4.15
LICKLIDER ROY|01:790:102:00|4.38|4.07|3.98|4.28|3.99|3.83|3.88|4.09|3.97|3.88
MISLAN              DAVID|01:790:102:12|4.38|4.07|3.98|4.28|3.99|3.83|3.88|4.09|3.97|3.88
BAKER ROSS|01:790:104:00|4.73|4.70|4.52|4.69|4.48|4.34|4.39|4.03|4.57|4.40|5.00
ANDERSEN            DAVID|01:790:104:15|4.73|4.70|4.52|4.69|4.48|4.34|4.39|4.03|4.57|4.40
LEVINE              BERT|01:790:106:00|4.26|4.53|4.45|4.60|4.38|4.17|4.23|4.18|4.27|4.28|5.00|5.00|5.00|5.00|5.00
PATEL               PARINA|01:790:300:01|4.74|4.57|4.10|4.40|4.43|4.28|4.20|2.70|4.46|4.18|5.00
LAU                 RICHARD|01:790:303:01|4.59|4.37|4.17|4.47|4.38|4.17|4.29|4.05|4.46|4.37
WWEST               LE|01:790:306:01|4.30|4.38|3.82|4.42|4.23|3.67|3.78|3.67|3.92|3.80|4.00|4.00|4.00
RUS                 IONAS|01:790:311:01|4.62|4.76|4.38|4.86|4.71|4.05|4.17|4.02|4.27|4.29
KAUFMAN ROBERT|01:790:312:01|4.35|4.44|4.09|4.46|4.53|3.87|4.33|3.80|4.24|4.16|5.00|5.00|5.00|5.00
LEE                 BYOUNGHA|01:790:313:01|4.88|4.56|4.25|4.75|4.63|4.13|4.88|4.43|4.50|4.50
FERNANDES LEELA|01:790:315:01|4.46|4.16|3.84|4.16|4.08|3.77|4.05|3.59|3.95|3.94
ROSSI               MICHAEL|01:790:317:01|4.92|5.00|5.00|5.00|4.85|5.00|5.00|4.31|5.00|5.00|5.00|5.00|5.00|5.00|5.00|5.00|5.00|5.00|5.00
FIELD               WILLIAM|01:790:318:01|4.49|4.61|4.44|4.70|4.51|4.26|4.30|3.39|4.45|4.20|5.00|5.00|5.00|5.00|5.00
FIELD               WILLIAM|01:790:319:01|4.34|4.51|4.49|4.55|4.10|4.10|4.31|4.27|4.34|4.35
BLAGOJEVIC          BOJANA|01:790:321:80|4.94|5.00|5.00|4.94|5.00|4.94|5.00|4.18|4.94|4.94
BLAGOJEVIC          BOJANA|01:790:324:80|4.95|4.89|4.84|4.89|4.84|4.95|4.68|3.95|4.84|4.69
TILLERY ALVIN|01:790:333:01|4.89|4.97|4.95|4.97|4.78|4.81|4.89|4.22|4.97|4.89
GRAF                BRIAN|01:790:336:01|4.32|4.32|4.07|4.36|3.74|3.71|3.79|3.74|3.89|3.85
WOLLENBERG|01:790:340:01|4.64|4.55|4.61|4.61|4.65|4.29|4.27|4.12|4.45|4.35|3.00|3.00|3.00|3.00|3.00|3.00|3.00|3.00|3.00
MCGINNIS            EILEEN|01:790:342:71|5.00|4.93|4.87|4.93|5.00|4.79|4.73|4.87|4.85|5.00
LARACY              MICHAEL|01:790:342:71|5.00|4.93|4.87|4.93|5.00|4.79|4.73|4.87|4.85|5.00
MCFALL              JONATHAN|01:790:344:01|4.75|4.83|4.79|4.83|4.74|4.79|4.61|4.04|4.77|4.68|4.00|4.00|4.00|4.00|5.00|4.00|4.00|5.00|5.00
RITTER JEFFREY|01:790:349:02|4.45|4.37|4.29|4.39|4.43|4.19|4.43|3.62|4.34|4.26
DANIELS CYNTHIA|01:790:355:01|4.81|4.81|4.65|4.85|4.50|4.45|4.55|3.80|4.65|4.65
GRAF                BRIAN|01:790:361:01|4.70|4.50|4.30|4.67|4.20|4.17|4.45|4.14|4.27|4.27
HABLENKO            NICOLE|01:790:373:01|3.93|3.82|3.54|3.71|3.93|3.33|3.37|3.00|3.63|3.45
BOROS               DIANNA|01:790:375:01|4.54|4.52|4.34|4.71|4.00|3.98|4.26|3.68|4.38|4.17
KUBIK JAN|01:790:383:01|4.50|4.32|4.23|4.50|4.23|4.18|4.32|4.00|4.23|4.05
BLAIR DOUGLAS|01:790:390:01|5.00|5.00|4.13|4.88|4.88|4.13|4.25|2.86|4.50|4.14
FIELD               WM|01:790:393:01|4.91|4.83|4.67|4.92|4.80|4.92|4.67|4.67|4.92|4.73
LEVINE              BERT|01:790:395:01|4.64|4.72|4.66|4.71|4.63|4.45|4.60|4.12|4.65|4.55
RITTER JEFFREY|01:790:395:03|4.64|4.72|4.66|4.71|4.63|4.45|4.60|4.12|4.65|4.55
KAUFMAN ROBERT|01:790:395:05|4.64|4.72|4.66|4.71|4.63|4.45|4.60|4.12|4.65|4.55
DANIELS CYNTHIA|01:790:395:12|4.64|4.72|4.66|4.71|4.63|4.45|4.60|4.12|4.65|4.55
CALLAWAY BARBARA|01:790:395:19|4.64|4.72|4.66|4.71|4.63|4.45|4.60|4.12|4.65|4.55
BAKER ROSS|01:790:395:20|4.64|4.72|4.66|4.71|4.63|4.45|4.60|4.12|4.65|4.55
BRONNER STEPHEN|01:790:395:22|4.64|4.72|4.66|4.71|4.63|4.45|4.60|4.12|4.65|4.55
MILLER LISA|01:790:401:01|4.77|4.75|4.57|4.79|4.41|4.45|4.64|4.20|4.63|4.52|3.00|4.00|3.00
WOLLENBERG          YVONNE|01:790:409:01|4.73|4.79|4.71|4.79|4.86|4.85|4.75|3.93|4.64|4.60
HEUMANN MILTON|01:790:410:72|4.77|4.92|4.92|5.00|5.00|5.00|5.00|4.85|5.00|5.00
MASTRANGELO         JAMES|01:790:437:01|3.97|4.53|4.63|4.50|4.00|4.03|4.25|3.76|4.13|4.26
ABDELJABER|01:790:456:01|4.71|4.75|4.63|4.79|4.57|4.46|4.71|4.42|4.67|4.67|4.73|4.50
HARRIS              JOHN|01:790:472:01|4.47|4.62|4.78|4.67|4.41|4.47|4.49|4.13|4.64|4.49|5.00
