SINGSON             ANDREW|01:447:315:00|4.69|4.62|4.45|4.67|4.63|4.55|4.53|4.36|4.60|4.55
NEMEROFF            MARTIN|01:447:315:00|4.93|4.93|4.87|4.93|4.79|4.87|4.73|4.40|5.00|4.57
NEMEROFF            MARTIN|01:447:315:00|4.69|4.62|4.45|4.67|4.63|4.55|4.53|4.36|4.60|4.55|5.00
DIMOVA              DESSI|01:447:315:00|4.69|4.62|4.45|4.67|4.63|4.55|4.53|4.36|4.60|4.55
GRANT               BARTH|01:447:315:03|4.69|4.62|4.45|4.67|4.63|4.55|4.53|4.36|4.60|4.55
SINGSON             ANDREW|01:447:315:04|4.69|4.62|4.45|4.67|4.63|4.55|4.53|4.36|4.60|4.55
SINHA               NAVIN|01:447:380:00|4.44|4.30|4.10|4.47|4.40|3.99|3.92|3.80|4.11|3.92|3.00
YU                  SIMON|01:447:380:08|4.44|4.30|4.10|4.47|4.40|3.99|3.92|3.80|4.11|3.92
YU                  SIMON|01:447:380:09|4.44|4.30|4.10|4.47|4.40|3.99|3.92|3.80|4.11|3.92
YU                  SIMON|01:447:380:12|4.44|4.30|4.10|4.47|4.40|3.99|3.92|3.80|4.11|3.92
DAMORA              DOMENIC|01:447:382:06|4.43|4.42|4.14|4.46|4.35|4.10|3.87|3.77|4.27|3.94|3.11|3.74|3.96
DAMORE              DOMENIC|01:447:382:07|4.43|4.42|4.14|4.46|4.35|4.10|3.87|3.77|4.27|3.94|3.11|3.74|3.96
BRENNEMAN           MARK|01:447:385:01|4.68|4.51|4.39|4.70|4.24|4.32|4.43|4.42|4.45|4.51
GORDON              DEREK|01:447:385:01|4.68|4.51|4.39|4.70|4.24|4.32|4.43|4.42|4.45|4.51
BRENNEMAN           MARK|01:447:385:02|4.68|4.51|4.39|4.70|4.24|4.32|4.43|4.42|4.45|4.51|5.00|5.00|5.00|5.00|5.00|5.00|5.00|5.00|5.00
GVZZI               KAITLIN|01:447:385:02|4.68|4.51|4.39|4.70|4.24|4.32|4.43|4.42|4.45|4.51
KEATING             ANNE|01:447:390:00|4.82|4.73|4.68|4.78|4.62|4.55|4.68|4.20|4.68|4.52
SIMON               LEE|01:447:398:01|4.60|4.60|4.00|3.60|3.50|3.60|4.00|4.00|3.80|3.80
MCKIM               KIM|01:447:404:02|4.29|4.54|4.14|4.57|4.40|4.00|4.07|4.00|4.31|3.92
HAVILAND            MARTHA|01:447:481:01|4.66|4.54|4.33|4.51|4.18|4.12|4.19|4.25|4.31|4.13
MATISE              TARA|01:447:481:01|4.66|4.54|4.33|4.51|4.18|4.12|4.19|4.25|4.31|4.13
MCGUIRE TERRY|01:447:484:01|4.89|4.79|4.72|4.72|4.48|4.69|4.64|4.04|4.63|4.41
HEY                 JODY|01:447:486:01|4.75|4.42|4.13|4.50|4.17|4.13|4.21|3.83|4.09|4.09
