KOENICK             RUTHANNE|01:988:101:01|4.40|4.28|4.36|4.43|4.36|4.14|4.05|3.32|4.21|4.07
KUMARI              VALSALA|01:988:101:04|4.40|4.28|4.36|4.43|4.36|4.14|4.05|3.32|4.21|4.07|4.50|4.00|5.00|4.00
BODNARDEREN         SUSAN|01:988:101:07|4.40|4.28|4.36|4.43|4.36|4.14|4.05|3.32|4.21|4.07
BAPTISTE            JEANNE|01:988:101:08|4.40|4.28|4.36|4.43|4.36|4.14|4.05|3.32|4.21|4.07
PERSIN              MARGARET|01:988:150:01|4.00|3.94|3.88|4.06|3.36|3.50|3.69|3.40|4.19|3.81
SEVCIK              SALLY|01:988:202:02|3.41|3.15|3.63|3.60|3.38|3.08|3.04|2.80|3.16|3.08
JACKSONBREWER       KARLA|01:988:206:01|4.43|4.57|4.71|4.57|4.86|4.57|4.71|3.86|4.71|4.57
HYDE                ELIZABETH|01:988:253:01|3.55|3.32|3.39|3.65|3.20|3.00|3.05|4.10|2.89|2.74
SPRINGER            KRISTEN|01:988:272:01|4.59|4.78|4.32|4.68|4.52|3.95|4.05|3.55|4.27|4.17|4.00
SCHEIN              LOUISA|01:988:290:01|3.73|3.61|3.97|3.72|3.78|3.58|3.88|4.12|3.50|3.52|3.00
MAZZASCHI           ANDREW|01:988:301:01|2.80|3.00|2.87|3.33|3.20|2.67|2.67|3.53|2.67|2.93
PUAR                JASBIR|01:988:302:01|4.76|4.82|4.82|5.00|4.82|4.65|4.76|4.18|4.82|4.65
SMITH               BONNIE|01:988:303:01|4.16|4.38|4.24|4.38|4.11|4.05|4.14|4.05|3.94|3.95
TELLINI             UTE|01:988:305:01|4.00|4.75|4.75|3.67|3.25|4.00|4.00|3.75|3.75|3.75
SEIF                HINDA|01:988:309:01|3.88|4.25|4.75|4.88|4.50|3.63|4.25|3.75|4.00|3.71
COHEN               ED|01:988:318:01|4.79|4.72|4.77|4.82|4.78|4.56|4.78|3.92|4.75|4.69
RAJAN               JULIE|01:988:330:01|4.82|4.72|5.00|4.67|4.71|4.83|4.82|4.38|4.59|4.65|1.00|1.00|1.00|3.00
DECENA              CARLOS|01:988:332:01|4.33|4.48|4.58|4.56|4.38|4.27|4.33|3.97|4.50|4.42
RODGERS             YANA|01:988:335:01|5.00|5.00|5.00|5.00|5.00|4.75|4.75|3.75|5.00|4.75
SANBONMATSEN        KIRA|01:988:336:01|4.86|3.86|3.29|4.14|3.50|3.43|3.71|3.57|3.57|3.33
PERERA              SONALI|01:988:340:01|4.80|5.00|4.80|5.00|4.80|4.80|4.60|4.20|4.60|4.60|4.00|3.00|3.00|3.00|4.00|5.00
GUMERT              LYNN|01:988:341:01|4.36|4.30|4.11|4.58|4.50|4.22|3.85|4.04|4.16|4.00
ECHOLS              ALICE|01:988:346:01|4.40|4.80|4.20|5.00|5.00|4.20|4.00|4.00|4.60|4.20|5.00|5.00|5.00|5.00|5.00|5.00|5.00
JACKSONBREWER       KARLA|01:988:350:01|4.41|4.70|4.77|4.78|4.85|4.48|4.52|3.96|4.63|4.59|4.00|5.00|4.00|5.00|5.00|5.00|5.00|5.00
SCHUSTER            SHERRIL|01:988:354:01|4.67|4.33|4.56|4.56|4.11|4.22|4.89|4.33|4.33|4.44
DIAMOND             MARIE|01:988:368:01|4.10|4.32|4.22|4.35|4.55|3.89|3.79|3.32|3.89|4.00|5.00
BALLIET             BARBARA|01:988:371:01|4.50|4.54|4.54|4.67|4.60|4.08|4.43|3.86|4.29|4.14
BROWN               WESLEY|01:988:372:01|3.86|4.14|4.29|4.21|3.50|3.86|4.14|4.07|3.92|3.93
CLARKE              CHERYL|01:988:372:01|3.86|4.14|4.29|4.21|3.50|3.86|4.14|4.07|3.92|3.93
GROSZ               ELIZABETH|01:988:387:01|5.00|5.00|4.75|5.00|4.67|5.00|4.63|3.50|4.75|4.38
COHEN               ED|01:988:392:01|4.79|4.72|4.77|4.82|4.78|4.56|4.78|3.92|4.75|4.69
GOSSY               MARY|01:988:396:02|5.00|5.00|5.00|5.00|4.82|5.00|4.91|4.36|5.00|5.00
BUNCH               CHARLOTTE|01:988:405:01|4.89|5.00|5.00|5.00|4.80|4.90|5.00|5.00|5.00|5.00
TRIGG               MARY|01:988:426:01|4.85|4.92|4.92|4.85|4.83|5.00|4.92|4.43|4.83|4.92|5.00
KAWASH              SAMIRA|01:988:485:01|4.57|4.57|4.43|4.29|4.43|4.29|4.43|4.00|4.43|4.29
GOSSY               MARY|01:988:490:01|4.45|4.60|4.75|4.74|4.62|4.60|4.55|3.89|4.80|4.89
JONES               JENNIFER|01:988:491:01|4.77|4.85|4.77|4.92|4.77|4.77|4.62|4.69|4.75|4.67
