TRANSUE             GREGG|01:119:100:00|4.35|4.31|4.24|4.43|4.17|4.04|4.27|4.21|4.17|4.04|5.00
RANGWALLA           IMTIAZ|01:119:100:73|4.35|4.31|4.24|4.43|4.17|4.04|4.27|4.21|4.17|4.04
BUCHANNAN           ALICIA|01:119:102:31|4.49|4.35|4.11|4.48|4.21|4.06|4.04|3.81|4.30|3.85
MATUSNICODEMOS      RODRIGO|01:119:102:43|4.49|4.35|4.11|4.48|4.21|4.06|4.04|3.81|4.30|3.85|4.33|4.00|3.67|4.00|3.67|3.67|3.67
WANG                JANZ|01:119:102:55|4.49|4.35|4.11|4.48|4.21|4.06|4.04|3.81|4.30|3.85
MATUSNICODEMUS      RODRIGO|01:119:102:61|4.49|4.35|4.11|4.48|4.21|4.06|4.04|3.81|4.30|3.85|4.33
UZWIAK              A|01:119:128:00|4.35|4.46|4.36|4.44|4.17|4.14|4.34|4.19|4.16|4.18|3.00|4.00|3.00|4.00|4.00|5.00
KONLOS              DANIEL|01:119:128:01|4.35|4.46|4.36|4.44|4.17|4.14|4.34|4.19|4.16|4.18
KNMLOS              DANIEL|01:119:128:02|4.35|4.46|4.36|4.44|4.17|4.14|4.34|4.19|4.16|4.18|4.00
SCOTT               KATHLEEN|01:119:148:01|4.81|4.77|4.54|4.73|4.31|4.42|4.50|3.73|4.72|4.42
BREY                CHRISTOPHE|01:119:150:01|3.96|3.37|3.59|4.08|3.90|3.33|3.67|3.48|3.23|3.34
KABIR               ZOGHUL|01:119:160:01|4.01|3.70|4.16|4.07|4.11|3.95|3.97|3.30|4.18|4.12|4.50|4.67|5.00|5.00|5.00
KABIR               ZOGHLUL|01:119:160:02|4.01|3.70|4.16|4.07|4.11|3.95|3.97|3.30|4.18|4.12
UZWIAK              A|01:119:182:01|4.81|4.73|4.70|4.69|4.42|4.32|4.39|3.64|4.45|4.34|5.00|5.00|5.00|5.00|5.00|5.00|5.00|5.00|5.00
