DINZEYFLORES        ZAIRE|01:595:100:01|3.86|3.70|3.83|3.83|3.86|3.38|3.89|3.55|3.55|3.48
RAMOSZAYAS          ANA|01:595:101:01|4.73|4.40|4.40|4.47|4.20|4.53|4.60|4.07|4.64|4.43|5.00|4.00|3.00|4.00|4.00|5.00|5.00|4.00
ECHEVARIA           DARIUS|01:595:101:02|4.73|4.40|4.40|4.47|4.20|4.53|4.60|4.07|4.64|4.43
DENIS               MILAGROS|01:595:204:01|4.31|4.31|4.38|4.56|4.56|4.19|4.31|3.67|4.36|4.31
BRILL               DEIRDRE|01:595:205:01|4.37|4.60|4.32|4.58|4.67|4.16|4.25|3.89|4.35|4.16
RIPTON              JOHN|01:595:206:01|5.00|4.71|4.71|5.00|5.00|4.57|4.57|4.43|4.86|4.86
CASTROPONCE         CLARA|01:595:266:01|4.89|5.00|4.67|5.00|4.89|4.56|4.56|4.33|4.89|4.67
BERG                ULLA|01:595:298:01|4.50|4.43|4.77|4.57|4.23|4.38|4.21|4.14|4.15|4.08
ECHEVERRIA          DARIUS|01:595:299:02|4.38|4.85|4.85|4.92|4.85|4.46|4.69|4.23|4.54|4.54
DINZEYFLORES        ZAIRE|01:595:305:01|4.75|4.50|4.50|5.00|4.75|4.25|4.50|3.50|4.50|4.50
MENDIOLA            DANDRA|01:595:312:02|4.16|4.26|4.11|4.32|4.21|3.84|4.16|3.95|4.00|4.11
NAZARIO             JULIO|01:595:312:06|4.16|4.26|4.11|4.32|4.21|3.84|4.16|3.95|4.00|4.11
DECENA              CARLOS|01:595:326:01|4.65|4.80|4.79|4.84|4.70|4.60|4.60|4.21|4.67|4.65
BRILL               DEIRDRE|01:595:390:01|4.39|4.44|4.11|4.56|4.59|3.88|4.28|4.41|4.11|4.11
LAURIASANTIAGO      ALDO|01:595:497:01|3.38|3.88|3.88|4.00|2.50|3.29|2.75|4.25|3.50|3.38
