REED                JAMES|01:512:103:01|4.70|4.58|4.58|4.54|4.33|4.32|4.40|4.03|4.51|4.38|4.50|5.00|5.00|5.00|5.00|5.00|5.00|5.00|5.00
RASSMUSSEN          CHRIS|01:512:104:00|4.82|4.65|4.63|4.69|4.62|4.53|4.47|4.18|4.65|4.50|5.00|5.00|5.00|5.00|5.00|5.00|5.00|5.00
RASMUSSEN           CHRIS|01:512:104:01|4.82|4.65|4.63|4.69|4.62|4.53|4.47|4.18|4.65|4.50|5.00|5.00
WARNER              A|01:512:104:15|4.82|4.65|4.63|4.69|4.62|4.53|4.47|4.18|4.65|4.50
GILLETTE            WILLIAM|01:512:104:20|4.82|4.65|4.63|4.69|4.62|4.53|4.47|4.18|4.65|4.50|5.00
FURMAN HARRY|01:512:104:22|4.82|4.65|4.63|4.69|4.62|4.53|4.47|4.18|4.65|4.50
EDDY                TRACY|01:512:242:01|4.61|4.40|4.49|4.47|4.20|4.16|4.46|4.55|4.55|4.48|1.00
MARKOWITZ           NORMAN|01:512:305:01|4.00|4.26|4.23|4.35|4.52|3.67|3.74|4.17|3.91|3.92|5.00|5.00|5.00|5.00|5.00
LAWSON              STEVEN|01:512:315:01|4.89|4.96|4.93|4.96|4.85|4.81|4.74|4.35|4.88|4.88
SCHREPFER           SUSAN|01:512:320:01|4.84|4.84|4.75|5.00|4.79|4.64|4.60|4.00|4.72|4.71
SCHREPFER           S|01:512:324:01|4.60|4.69|4.77|4.83|4.38|4.38|4.57|4.07|4.70|4.57
CHAMBER J|01:512:348:01|4.69|4.56|4.67|4.70|4.64|4.50|4.57|4.51|4.64|4.63|5.00|5.00|5.00|5.00|5.00|5.00|5.00|5.00|5.00
FOGLESONG           DAVID|01:512:352:01|4.90|4.81|4.51|4.64|4.39|4.38|4.61|4.54|4.63|4.65
WHITE DEBORAH|01:512:366:01|4.44|4.37|4.44|4.23|3.04|4.08|4.08|3.88|4.27|4.08
LIVINGSTON JAMES|01:512:372:01|4.54|5.00|4.92|4.92|4.75|4.85|4.69|4.31|4.83|4.75
MITCHELL            CHRIRTOPHE|01:512:375:01|4.63|4.81|4.88|4.94|4.63|4.73|4.81|4.38|4.81|4.63|5.00
RASMUSSEN           CHRIS|01:512:376:01|4.78|4.75|4.59|4.75|4.63|4.57|4.59|4.28|4.75|4.71
HARDING             MARK|01:512:379:01|4.23|4.41|4.36|4.64|4.32|4.09|4.24|4.23|4.45|4.32
WARNER              ALEX|01:512:392:02|4.44|4.37|4.30|4.04|3.96|4.26|4.15|3.41|4.15|4.04
EDDY                TRACY|01:512:400:01|4.79|4.74|4.53|4.58|4.47|4.21|4.37|4.21|4.44|4.56
GILLETTE            WILLIAM|01:512:410:01|4.48|3.60|4.00|3.50|3.70|3.36|4.08|3.87|3.56|3.70|4.00|4.00
