KUHN                KENNETH|01:470:101:04|4.57|4.44|4.52|4.57|4.46|4.39|4.57|4.26|4.44|4.39|4.53|4.56|4.06|3.89
BOGHOSSIAN          ANNELIESE|01:470:102:01|4.75|4.83|4.67|4.75|4.75|4.67|4.67|4.00|4.75|4.25|4.30|4.90|3.80|3.80
DINE                UTE|01:470:105:01|5.00|4.90|5.00|5.00|4.80|4.90|4.80|4.90|4.89|4.89|4.88|4.88|4.50|4.71|5.00
GLOWACKI            DORIS|01:470:131:02|4.74|4.81|4.63|4.91|4.88|4.47|4.33|4.67|4.63|4.53|4.76|4.68|4.46|4.54
CLARK               CHRISTOPHE|01:470:231:01|4.10|4.30|4.05|4.45|4.56|4.15|3.81|4.43|3.90|3.81|3.75|3.11|4.40|3.80
CLARK               CHRISTOPHE|01:470:301:01|4.86|5.00|5.00|5.00|5.00|5.00|5.00|4.17|5.00|4.86|4.86|4.43|4.86|4.86
CRAIG               CHARLOTTE|01:470:315:01|3.64|2.64|2.64|3.45|2.30|2.22|1.70|4.40|2.18|2.09|2.10|4.18|4.73|2.10
CIKLAMINI           MARLENE|01:470:326:01|4.50|4.80|4.30|5.00|4.70|4.60|4.60|3.90|4.50|4.40|4.78|4.78|4.67|4.67
HELFER              MARTHA|01:470:335:01|5.00|5.00|4.75|4.92|4.83|4.67|4.92|4.58|4.92|4.83|4.82|4.45|5.00|5.00|5.00
LEVINE              MICHAEL|01:470:380:01|4.80|4.88|4.89|5.00|5.00|4.50|4.63|3.38|4.88|4.33|5.00|4.43|2.86|3.57
CLARK               CHRIS|01:470:390:01|4.50|4.63|4.13|4.63|4.75|4.25|4.13|3.86|4.25|4.25|4.33|4.00|2.33|2.67
