JONES               JENNIFER|01:510:101:01|4.74|4.53|4.37|4.51|4.36|4.15|4.31|3.89|4.38|4.21
KELLY               SAMANTHA|01:510:101:02|4.74|4.53|4.37|4.51|4.36|4.15|4.31|3.89|4.38|4.21|4.40|4.01
KELLY               SAMANTHA|01:510:101:03|4.74|4.53|4.37|4.51|4.36|4.15|4.31|3.89|4.38|4.21|4.40|4.01
KELLY               SAMANTHA|01:510:101:04|4.74|4.53|4.37|4.51|4.36|4.15|4.31|3.89|4.38|4.21|4.40|4.01
KELLY               SAMANTHA|01:510:101:06|4.74|4.53|4.37|4.51|4.36|4.15|4.31|3.89|4.38|4.21|4.40|4.01
KELLY               SAMANTHA|01:510:101:07|4.74|4.53|4.37|4.51|4.36|4.15|4.31|3.89|4.38|4.21|4.40|4.01
BELLANY             ALASTAIR|01:510:101:08|4.74|4.53|4.37|4.51|4.36|4.15|4.31|3.89|4.38|4.21|4.40
ROLLINS             WILLIAM|01:510:102:01|4.69|4.80|4.55|4.76|4.62|4.34|4.28|4.18|4.55|4.38
GILLES              ERICA|01:510:213:01|4.62|4.77|4.61|4.82|4.49|3.97|4.45|3.86|4.40|4.44
GILLES              ERICA|01:510:213:03|4.62|4.77|4.61|4.82|4.49|3.97|4.45|3.86|4.40|4.44
HANEBRINK           PAUL|01:510:261:01|4.86|4.75|4.68|4.77|4.47|4.47|4.82|4.46|4.67|4.74|3.00
SCOTT               ANDREW|01:510:306:01|4.72|4.39|4.28|4.56|4.53|4.03|4.28|4.28|4.26|4.29
KELLY               SAMANTHA|01:510:317:01|4.87|4.73|4.50|4.67|4.59|4.47|4.47|4.21|4.60|4.53
LEE                 MAURICE|01:510:319:01|4.95|4.80|4.52|4.71|4.67|4.29|4.62|3.79|4.50|4.48
FIGUEIRA            T|01:510:320:01|4.38|4.62|3.90|4.38|3.89|3.66|4.21|3.68|4.03|4.00
SMITH               RONNIE|01:510:327:01|4.65|4.77|4.71|4.74|4.65|4.52|4.45|4.16|4.68|4.48
BORECZKY            ELEMER|01:510:329:01|4.25|4.55|4.37|4.45|4.33|4.05|4.00|3.35|4.10|3.95
DAVIDSON            NAOMI|01:510:335:01|4.47|4.71|4.12|4.88|4.63|4.18|4.24|3.59|4.24|4.31
BELL                RUDOLPH|01:510:354:01|4.70|4.82|4.70|4.85|4.85|4.58|4.33|4.16|4.76|4.56
ROLLINS             WILLIAM|01:510:363:01|4.15|4.55|4.10|4.70|4.44|4.05|3.89|4.45|4.10|4.10
HELLBECK            JOCHEN|01:510:373:01|4.59|4.43|4.47|4.58|4.43|4.35|4.54|4.17|4.43|4.46|5.00|5.00|5.00|5.00|5.00
SINKOFF             NANCY|01:510:385:01|5.00|4.33|4.67|4.33|4.33|4.00|5.00|4.67|4.67|4.67
KOVEN               SETH|01:510:391:01|4.64|4.72|4.64|4.80|4.64|4.48|4.60|4.17|4.72|4.58
HANEBRINK           PAUL|01:510:391:04|4.64|4.72|4.64|4.80|4.64|4.48|4.60|4.17|4.72|4.58
