SMITH               BONNIE|01:506:110:01|4.28|4.28|4.12|4.35|4.04|3.64|3.77|3.60|3.87|3.68
HOWARD              ALLEN|01:506:114:01|3.86|3.76|3.23|4.12|3.33|2.99|3.16|2.99|3.28|2.98|5.00|5.00|5.00|5.00
MATSUDA             MATT|01:506:203:01|4.33|4.19|4.24|4.38|3.95|3.81|3.76|3.38|3.86|3.65|5.00|5.00|5.00|5.00|5.00|5.00|5.00|5.00|5.00
PAULY               PHILIP|01:506:221:01|4.50|4.52|4.44|4.50|4.41|4.30|4.50|3.64|4.36|4.33|4.00
WEEKS               DANIEL|01:506:224:01|4.53|4.63|4.33|4.53|4.42|4.13|4.47|3.50|4.10|4.10
PAULY               PHILIP|01:506:251:01|4.47|4.47|4.53|4.68|4.61|4.42|4.47|4.00|4.53|4.42
SINKOFF             NANCY|01:506:272:01|4.17|4.00|3.67|4.17|2.60|3.67|4.17|3.67|3.67|3.50
ZERUBAVEL           YAEL|01:506:375:01|4.50|4.25|4.00|3.75|3.50|3.50|4.00|3.50|4.00|3.75
MENDIOLA            SANDRA|01:506:391:01|4.57|4.71|4.71|4.86|4.57|4.71|4.71|3.71|4.86|4.71
MURCH               DONNA|01:506:401:01|4.68|4.68|4.71|4.71|4.69|4.62|4.71|4.32|4.76|4.73
GILLETTE            BILL|01:506:401:03|4.68|4.68|4.71|4.71|4.69|4.62|4.71|4.32|4.76|4.73
MUEHLBAUER          MATTHEW|01:506:401:06|4.68|4.68|4.71|4.71|4.69|4.62|4.71|4.32|4.76|4.73
JONES               JENNIFER|01:506:401:06|4.68|4.68|4.71|4.71|4.69|4.62|4.71|4.32|4.76|4.73
CHAMBERS            JOHN|01:506:401:07|4.68|4.68|4.71|4.71|4.69|4.62|4.71|4.32|4.76|4.73
WASSERMAN           MARK|01:506:401:09|4.68|4.68|4.71|4.71|4.69|4.62|4.71|4.32|4.76|4.73
HELLBECK            JOCHEN|01:506:401:10|4.68|4.68|4.71|4.71|4.69|4.62|4.71|4.32|4.76|4.73
MENDIOLA            SANDRA|01:506:401:12|4.68|4.68|4.71|4.71|4.69|4.62|4.71|4.32|4.76|4.73
JONES               TOBY|01:506:401:15|4.68|4.68|4.71|4.71|4.69|4.62|4.71|4.32|4.76|4.73
SARETZKY            GARY|01:506:451:01|4.77|4.67|4.50|4.83|4.60|4.54|4.92|4.64|4.75|4.67|5.00
