ZAMANI              AMIR|01:840:101:01|4.30|3.70|3.30|3.80|3.75|3.20|3.63|3.45|3.55|3.53|4.00
OBAYASHI            HIROSHI|01:840:112:01|4.37|3.93|3.97|4.14|4.10|3.59|3.85|3.50|3.77|3.72
OBAYASHI            HIROSHI|01:840:112:02|4.37|3.93|3.97|4.14|4.10|3.59|3.85|3.50|3.77|3.72|4.00
WALLACE             GREGORY|01:840:201:01|4.76|4.73|4.61|4.83|4.91|4.49|4.66|4.20|4.63|4.65
WIGGINS             STEVE|01:840:201:02|4.76|4.73|4.61|4.83|4.91|4.49|4.66|4.20|4.63|4.65
WIGGINS             STEVE|01:840:201:03|4.76|4.73|4.61|4.83|4.91|4.49|4.66|4.20|4.63|4.65
WALLACE             GREGORY|01:840:202:01|4.28|4.09|3.99|4.25|4.33|3.71|4.15|4.03|4.01|4.01
DARDEN              LYNNE|01:840:202:02|4.28|4.09|3.99|4.25|4.33|3.71|4.15|4.03|4.01|4.01
DARDEN              LYNNE|01:840:202:03|4.28|4.09|3.99|4.25|4.33|3.71|4.15|4.03|4.01|4.01|5.00|5.00|5.00|5.00|5.00|5.00|5.00|5.00|5.00
MYLADIL             THOMAS|01:840:211:01|4.12|3.99|4.15|4.44|4.21|3.80|4.18|3.81|3.94|3.96
MYLADIL             THOMAS|01:840:211:02|4.12|3.99|4.15|4.44|4.21|3.80|4.18|3.81|3.94|3.96
DEHGHANI            PARVEZ|01:840:211:03|4.12|3.99|4.15|4.44|4.21|3.80|4.18|3.81|3.94|3.96
ZAMANI              AMIR|01:840:212:01|4.55|4.43|4.19|4.45|4.18|3.98|4.18|3.91|4.24|4.14
PAVLIN              JAMES|01:840:212:02|4.55|4.43|4.19|4.45|4.18|3.98|4.18|3.91|4.24|4.14
MCGINLEY            DUGAN|01:840:212:03|4.55|4.43|4.19|4.45|4.18|3.98|4.18|3.91|4.24|4.14|3.00
KEARNS              CLEO|01:840:317:01|4.44|4.90|4.80|4.90|4.89|4.70|4.70|4.70|4.78|4.60
JIANG               TAO|01:840:323:01|4.52|4.58|4.36|4.63|4.57|4.24|4.29|3.75|4.56|4.58
PAVLIN              JAMES|01:840:325:01|4.48|4.36|4.16|4.64|3.76|4.00|4.36|4.44|4.20|4.08
DEHGHANI            PARVIZ|01:840:326:01|3.62|3.73|3.65|3.85|3.58|3.35|3.50|4.12|3.38|3.42
MOJADDEDI           JAWID|01:840:326:02|3.62|3.73|3.65|3.85|3.58|3.35|3.50|4.12|3.38|3.42
TERRONE             ANTONIO|01:840:337:01|4.21|4.42|3.79|4.67|4.42|3.50|4.00|3.92|3.96|3.92
JONES               JAMES|01:840:341:01|4.28|4.39|3.89|4.28|4.00|3.59|3.86|3.62|3.79|3.79
JOHNSON             JAMES|01:840:346:01|4.44|4.60|4.12|4.72|4.46|3.88|4.29|3.96|4.28|4.20|5.00
JOHNSON             JAMES|01:840:347:01|3.89|4.59|4.06|4.47|3.89|3.47|3.94|3.82|3.94|4.00
JONES               JAMES|01:840:352:01|4.32|4.16|4.21|4.42|4.11|4.05|4.05|3.78|4.21|4.00
JIANG               TAO|01:840:367:01|4.92|4.81|4.73|4.89|4.96|4.56|4.73|4.44|4.88|4.80
BRYANT              EDWIN|01:840:393:01|4.43|4.55|4.64|4.78|4.58|4.38|4.75|4.38|4.61|4.59
KOLBABA             T|01:840:426:01|4.50|5.00|4.67|4.83|4.50|4.50|4.83|4.00|5.00|4.50
MOJADDEDI           JAWID|01:840:456:01|5.00|5.00|5.00|5.00|5.00|5.00|5.00|5.00|5.00|5.00
