CARGILL             JACK|01:508:200:01|4.59|4.14|3.95|3.86|3.81|3.65|3.66|3.22|3.89|3.66
KORIEH              CHIMA|01:508:224:01|4.09|4.10|4.15|4.62|4.59|3.95|3.81|4.05|3.81|3.79
GUHA                SUMIT|01:508:231:01|4.39|4.45|3.94|4.36|4.29|3.70|4.09|3.44|3.97|3.85
GIRALDO             CAROLINA|01:508:260:01|4.10|3.70|3.67|4.10|3.83|3.47|4.00|3.57|3.83|3.59
WASSERMAN MARK|01:508:262:01|4.59|4.41|4.24|4.39|4.36|3.85|3.97|3.78|4.29|4.28|5.00|5.00
YADGAR              YAACOV|01:508:310:01|4.71|4.86|4.43|4.86|5.00|4.14|4.57|3.86|4.86|4.71
CHATTERJEE INDRANI|01:508:331:01|4.83|4.81|4.76|4.69|4.33|4.51|4.66|3.93|4.67|4.50
LIU                 XUN|01:508:342:01|4.40|4.40|4.10|4.50|3.70|3.92|4.38|3.69|4.20|4.18|5.00|5.00|5.00|5.00|5.00|5.00|5.00
RODEN               D|01:508:352:01|4.75|4.61|4.64|4.86|4.75|4.59|4.75|4.57|4.71|4.68
TOWNSEND CAMILLA|01:508:380:01|4.76|4.85|4.78|4.83|4.81|4.72|4.69|4.11|4.83|4.75
PAPAZIAN            DENNIS|01:508:392:01|4.54|4.54|4.52|4.67|4.67|4.44|4.52|4.38|4.48|4.30
SANTIAGO            ALDOLAURIA|01:508:392:02|4.54|4.54|4.52|4.67|4.67|4.44|4.52|4.38|4.48|4.30
BUTLER              KIM|01:508:468:01|4.67|4.71|4.72|4.68|4.68|4.68|4.53|4.32|4.68|4.47
