LAURENCE            S|01:960:211:01|4.75|4.73|4.46|4.78|4.73|4.39|4.31|3.52|4.53|4.45
MINIERE             M|01:960:211:02|4.75|4.73|4.46|4.78|4.73|4.39|4.31|3.52|4.53|4.45
DONG                HK|01:960:211:03|4.75|4.73|4.46|4.78|4.73|4.39|4.31|3.52|4.53|4.45
POPEL               G|01:960:212:01|4.76|4.80|4.80|4.84|4.72|4.68|4.84|4.56|4.84|4.68|5.00
CABREA              J|01:960:285:01|4.31|4.14|3.96|4.36|4.08|3.86|3.74|3.01|3.98|3.87
MOONDRA             S|01:960:285:03|4.31|4.14|3.96|4.36|4.08|3.86|3.74|3.01|3.98|3.87
CZACHOR             J|01:960:285:04|4.31|4.14|3.96|4.36|4.08|3.86|3.74|3.01|3.98|3.87
POPEL               G|01:960:285:05|4.31|4.14|3.96|4.36|4.08|3.86|3.74|3.01|3.98|3.87
MOONDRA             S|01:960:379:01|4.64|4.44|4.21|4.49|4.51|4.20|4.17|3.51|4.46|4.26
SINGH               KESAR|01:960:379:02|4.64|4.44|4.21|4.49|4.51|4.20|4.17|3.51|4.46|4.26
SHEPP               LAWRENCE|01:960:381:01|3.33|2.69|2.80|2.33|2.63|1.57|1.93|3.07|1.64|1.79
NAUS                JOSEPH|01:960:384:01|3.94|4.18|3.59|4.24|3.94|3.53|3.65|3.81|3.71|3.76
LAWRENCE            SHEILA|01:960:401:01|4.28|3.96|3.59|4.00|3.96|3.59|3.54|3.04|3.72|3.56
BERK                ROBERT|01:960:401:03|4.28|3.96|3.59|4.00|3.96|3.59|3.54|3.04|3.72|3.56
SACKROWITZ          HAROLD|01:960:401:04|4.28|3.96|3.59|4.00|3.96|3.59|3.54|3.04|3.72|3.56
LAKSHMINARAYANAN    MANI|01:960:463:01|4.79|4.73|3.82|4.71|4.26|3.89|4.04|3.64|4.19|4.08
NAUS                JOSEPH|01:960:484:01|4.31|4.33|3.81|4.25|4.15|3.80|4.20|3.87|4.19|4.29
CABRERA             JAVIER|01:960:486:01|4.00|3.93|3.96|4.10|4.07|3.66|3.55|4.04|3.72|3.76|5.00
