DEBEVISE            DAVID|01:560:101:02|4.55|4.49|4.56|4.63|4.67|4.40|4.52|4.29|4.43|4.41|5.00|5.00|5.00|5.00|5.00|5.00|5.00|5.00|5.00
GALUZZO             DARIO|01:560:101:03|4.55|4.49|4.56|4.63|4.67|4.40|4.52|4.29|4.43|4.41
BELLOCCHIO          LETIZIA|01:560:101:04|4.55|4.49|4.56|4.63|4.67|4.40|4.52|4.29|4.43|4.41|5.00
GALUZZO             DARIO|01:560:101:05|4.55|4.49|4.56|4.63|4.67|4.40|4.52|4.29|4.43|4.41
COSTANZO            SAMANTHA|01:560:101:06|4.55|4.49|4.56|4.63|4.67|4.40|4.52|4.29|4.43|4.41
COSTANZO            SAMANTHA|01:560:101:07|4.55|4.49|4.56|4.63|4.67|4.40|4.52|4.29|4.43|4.41
PITTI               ILENIA|01:560:101:21|4.55|4.49|4.56|4.63|4.67|4.40|4.52|4.29|4.43|4.41
METALLO             CLAUDINE|01:560:101:22|4.55|4.49|4.56|4.63|4.67|4.40|4.52|4.29|4.43|4.41|5.00|5.00|5.00
CRACCHIB            BRYAN|01:560:101:23|4.55|4.49|4.56|4.63|4.67|4.40|4.52|4.29|4.43|4.41
RUSNAK              MATTHEW|01:560:102:21|4.71|4.69|4.81|4.79|4.34|4.74|4.66|4.49|4.61|4.47
NICOSIA             ROBERTO|01:560:107:01|5.00|5.00|5.00|5.00|5.00|4.75|4.75|4.25|5.00|4.75
DEBEVOISE           DAVID|01:560:121:01|4.88|4.88|5.00|5.00|5.00|4.94|4.94|4.75|5.00|4.93|5.00|5.00
DEBEVOISE           DAVID|01:560:123:01|4.56|4.64|4.73|4.70|4.73|4.73|4.45|4.55|4.55|4.55
GALUZZO             DARIO|01:560:131:02|4.67|4.54|4.63|4.59|4.52|4.21|4.20|4.66|4.31|4.24|4.00
MARSH               DAVID|01:560:231:01|4.91|4.78|4.88|4.91|4.63|4.78|4.72|4.48|4.75|4.75|5.00|5.00|5.00|5.00|5.00|5.00
DEFED               DANIELE|01:560:250:01|4.55|4.37|4.42|4.61|4.24|4.26|4.18|4.58|4.41|4.13
PASCALE             VINCENZO|01:560:250:02|4.55|4.37|4.42|4.61|4.24|4.26|4.18|4.58|4.41|4.13
NICOSIA             ROBERTO|01:560:305:01|4.33|4.78|4.33|5.00|4.11|4.22|4.44|4.44|4.11|4.33
GAMBAROTA           PAOLA|01:560:316:01|4.64|4.82|4.64|4.82|4.73|4.36|4.64|4.05|4.57|4.45
LEAKE               ELIZABETH|01:560:345:01|4.92|4.95|4.92|4.90|4.79|4.77|4.85|4.13|4.82|4.79|5.00|5.00
WHITE               LAURA|01:560:391:01|4.97|4.87|4.97|4.97|4.71|4.80|4.77|4.60|4.80|4.87|5.00
