VALENTI             P|01:508:205:01|4.81|4.78|4.86|4.78|4.58|4.59|4.84|3.89|4.83|4.75
BRAUN               L|01:508:220:01|4.60|4.87|4.33|4.84|4.72|4.20|4.37|3.17|4.27|4.10
BENNETT             H|01:508:260:01|4.06|3.75|4.31|3.69|3.67|3.69|4.38|3.31|3.75|4.27
ALVAREZ             L|01:508:271:01|2.63|3.00|2.88|3.88|4.43|2.50|2.38|3.50|2.50|2.50
TOWNSEND            C|01:508:280:01|4.81|4.88|4.68|4.89|4.60|4.39|4.55|4.09|4.65|4.54
HOWARD              A|01:508:321:01|4.13|4.42|4.48|4.57|4.04|4.22|4.04|3.75|4.35|4.17
CHATTERJEE          I|01:508:332:01|4.89|4.78|4.59|4.70|4.48|4.52|4.70|3.70|4.59|4.48|5.00
LIU                 X|01:508:340:01|4.50|4.00|3.79|4.13|4.00|3.71|4.17|3.92|3.87|3.78
TRINER              G|01:508:360:01|4.36|4.00|4.07|4.37|4.44|3.89|4.00|3.42|4.12|3.96
WASSERMAN           M|01:508:362:01|4.61|4.56|4.30|4.50|4.25|4.04|4.30|3.89|4.32|4.11
TRINER              G|01:508:364:01|4.58|4.42|4.33|4.58|4.50|4.50|4.50|3.33|4.55|4.33
ELLER               A|01:508:372:01|4.91|4.83|4.58|4.92|4.75|4.50|4.67|3.75|4.73|4.80
GOLDEN              P|01:508:391:01|4.58|4.58|4.29|4.47|4.20|4.16|4.26|3.78|4.45|4.34
RAZANI              A|01:508:391:02|4.58|4.58|4.29|4.47|4.20|4.16|4.26|3.78|4.45|4.34
LIU                 X|01:508:391:04|4.58|4.58|4.29|4.47|4.20|4.16|4.26|3.78|4.45|4.34|3.00
RODEN               D|01:508:450:01|4.63|4.83|4.86|4.86|4.64|4.63|4.74|4.39|4.69|4.69|5.00|5.00
