SCHJOTT             JESSICA|01:146:245:01|4.84|4.64|4.49|4.82|4.69|4.34|4.69|4.62|4.54|4.63
CARRSCHMIDT ELEANOR|01:146:270:01|4.82|4.81|4.68|4.79|4.51|4.30|4.34|4.10|4.46|4.33|5.00
KEATING             ANNE|01:146:328:01|4.85|4.85|4.71|4.75|4.61|4.45|4.49|3.90|4.77|4.60|5.00|5.00|5.00|5.00|5.00
PAGE                CHARLES|01:146:356:01|3.82|3.62|3.21|3.62|3.74|3.01|3.61|3.65|3.18|3.39|4.50|5.00|5.00|5.00|5.00|5.00|5.00|5.00|5.00
FIRESTEIN           BONNIE|01:146:405:01|4.93|4.93|4.96|5.00|4.76|4.86|4.71|4.86|4.96|4.96
HSU                 SHU|01:146:405:01|4.93|4.93|4.96|5.00|4.76|4.86|4.71|4.86|4.96|4.96
DAVIS               ROBIN|01:146:446:01|5.00|4.91|5.00|5.00|4.75|4.82|5.00|5.00|5.00|5.00|5.00
PLUMMER             MARK|01:146:446:01|5.00|4.91|5.00|5.00|4.75|4.82|5.00|5.00|5.00|5.00
HSU                 SHUCHAN|01:146:448:01|5.00|5.00|5.00|5.00|4.60|5.00|5.00|5.00|5.00|5.00
RABII               JAMSHID|01:146:450:01|4.81|4.67|4.44|4.86|4.36|4.17|4.36|3.94|4.47|4.29
FONG                DUNNE|01:146:471:01|4.60|4.90|5.00|4.80|4.86|4.60|4.60|4.90|4.50|4.70
COVEY               LORI|01:146:474:01|4.34|4.06|3.91|4.10|3.80|3.70|4.17|4.11|3.95|3.87|3.00
WERLEN              GUY|01:146:474:01|4.34|4.06|3.91|4.10|3.80|3.70|4.17|4.11|3.95|3.87
FIRESTEIN           BONNIE|01:146:475:01|4.69|4.78|4.53|4.83|4.55|4.48|4.54|4.35|4.64|4.45
FIRESTEIN           BONNIE|01:146:475:02|4.69|4.78|4.53|4.83|4.55|4.48|4.54|4.35|4.64|4.45
LIU ALICE|01:146:478:01|4.69|4.69|4.58|4.85|4.77|4.46|4.36|4.20|4.62|4.46
