CASTILHO            CUCIANE|01:810:101:01|4.76|4.71|4.71|4.76|4.76|4.55|4.70|4.40|4.60|4.63|4.44|4.88|4.56|4.31|4.50|4.13
ROCHA               GEISA|01:810:101:02|4.76|4.71|4.71|4.76|4.76|4.55|4.70|4.40|4.60|4.63|4.44|4.88|4.56|4.31|4.50|4.13
ROCHA               GEISA|01:810:130:01|4.20|4.00|4.20|3.80|3.60|3.80|4.00|4.80|3.80|3.80|4.80|5.00|4.00|4.20|4.00|4.20
ROCHA               GEISA|01:810:135:01|3.82|3.27|3.45|3.27|3.45|2.69|3.64|4.27|3.30|3.10|4.30|4.50|3.89|3.67|3.67|3.89
SERRA               ANA|01:810:201:01|5.00|5.00|5.00|5.00|5.00|5.00|4.83|4.83|5.00|4.83|4.67|5.00|4.83|4.83|4.83|4.40
SERRA               ANA|01:810:203:01|5.00|5.00|5.00|5.00|5.00|5.00|5.00|5.00|5.00|5.00|5.00|5.00|5.00|5.00|5.00|5.00
ROTHWELL            PHILLIP|01:810:240:01|5.00|5.00|5.00|5.00|5.00|5.00|5.00|5.00|5.00|5.00|4.80|5.00|4.80|4.40|5.00|5.00
SERRA               ANA|01:810:326:01|4.89|5.00|4.89|5.00|4.89|4.89|4.89|5.00|4.89|5.00|4.78|5.00|5.00|5.00|5.00|5.00
ROTHWELL            PHILLIP|01:810:350:01|4.77|4.85|4.85|4.85|4.85|4.85|4.85|4.62|4.83|4.83|4.77|4.85|4.69|4.69|4.69|4.90|5.00|5.00
SERRA               ANA|01:810:491:01|4.75|4.75|4.75|4.75|4.63|4.63|4.75|4.75|4.75|4.75|4.63|4.50|4.63|4.75|4.75|4.63|5.00|5.00|5.00
