MOUNTAIN            GREGORY|01:460:100:01|4.50|4.33|4.11|4.44|4.37|3.92|3.80|2.99|4.17|3.95|3.72|4.00|2.70|3.53|4.02|3.04|3.45
BROWNING            JAMES|01:460:100:02|4.50|4.33|4.11|4.44|4.37|3.92|3.80|2.99|4.17|3.95|3.72|4.00|2.70|3.53|4.02|3.04|3.45|4.25|4.50
TURRIN              BRENT|01:460:100:03|4.50|4.33|4.11|4.44|4.37|3.92|3.80|2.99|4.17|3.95|3.72|4.00|2.70|3.53|4.02|3.04
SUGARMAN            PETER|01:460:100:07|4.50|4.33|4.11|4.44|4.37|3.92|3.80|2.99|4.17|3.95|3.72
BEMIS               KAREN|01:460:100:08|4.50|4.33|4.11|4.44|4.37|3.92|3.80|2.99|4.17|3.95|3.72|4.00|2.70|3.53|4.02|3.04|3.45|4.25
MONTEVERDE          DONALD|01:460:100:09|4.50|4.33|4.11|4.44|4.37|3.92|3.80|2.99|4.17|3.95|3.72|4.00|2.70|3.53|4.02|3.04|3.45|4.25|4.50
SERFES              MICHAEL|01:460:100:10|4.50|4.33|4.11|4.44|4.37|3.92|3.80|2.99|4.17|3.95|4.00|3.53
SWISHER             T|01:460:101:01|4.56|4.72|4.61|4.81|4.78|4.37|4.47|3.51|4.40|4.43
WRIGHT              J|01:460:102:01|4.76|4.80|4.63|4.80|4.84|4.68|4.56|3.36|4.80|4.72|5.00
SHERRELL    ROBERT|01:460:120:01|4.47|4.29|4.18|4.43|4.21|3.82|3.82|3.17|4.07|3.85
SIKES ELISABETH|01:460:120:01|4.47|4.29|4.18|4.43|4.21|3.82|3.82|3.17|4.07|3.85|2.63|3.25|1.33
BIDLE        KAY|01:460:120:02|4.47|4.29|4.18|4.43|4.21|3.82|3.82|3.17|4.07|3.85
SUGARMAN            P|01:460:202:01|4.77|4.59|4.52|4.61|4.66|4.44|4.43|3.26|4.59|4.54|4.50|4.00|4.00|4.00|4.00
YEE                 NATHAN|01:460:202:02|4.77|4.59|4.52|4.61|4.66|4.44|4.43|3.26|4.59|4.54
ROSENTHAL           Y|01:460:204:01|4.59|4.38|4.16|4.50|4.51|4.06|3.95|3.31|4.17|4.00|5.00|5.00|5.00|4.67|5.00|5.00|4.67|5.00|5.00
WITHJACK            MARTHA|01:460:307:01|5.00|4.80|4.87|4.80|4.93|4.67|4.80|4.33|4.87|4.80
SCHLISCHE           R|01:460:307:01|5.00|4.80|4.87|4.80|4.93|4.67|4.80|4.33|4.87|4.80
MILLER              K|01:460:341:01|4.63|4.50|4.50|4.50|5.00|4.63|5.00|4.75|4.50|4.63
ASHLEY              G|01:460:408:01|4.88|4.88|4.88|4.88|4.75|4.63|4.50|3.88|4.75|4.63
