CHO                 Y|01:574:101:01|4.66|4.58|4.71|4.62|4.47|4.41|4.63|4.47|4.60|4.53
CHO                 J|01:574:101:02|4.66|4.58|4.71|4.62|4.47|4.41|4.63|4.47|4.60|4.53
CHO                 J|01:574:101:70|4.66|4.58|4.71|4.62|4.47|4.41|4.63|4.47|4.60|4.53
KIM                 M|01:574:201:01|4.84|4.63|4.63|4.79|4.61|4.37|4.44|4.44|4.47|4.40|5.00
LEE                 E|01:574:210:01|4.94|4.80|4.73|4.87|4.80|4.47|4.80|4.73|4.83|4.67|5.00|5.00|5.00|5.00|5.00|5.00|5.00|5.00|5.00
CHOI                A|01:574:220:01|4.45|4.50|4.10|4.25|4.16|4.00|3.85|3.35|4.15|4.00
LEE                 J|01:574:230:01|4.57|4.39|4.13|4.39|4.00|3.74|3.91|3.83|4.09|4.09
CHO                 S|01:574:301:01|4.13|4.13|3.88|4.53|3.87|3.53|3.93|4.07|3.88|3.69
LEE                 M|01:574:401:01|4.59|4.71|4.65|4.94|4.41|4.53|4.50|4.60|4.69|4.27
CHOI                A|01:574:410:01|4.56|4.67|4.50|4.61|4.12|4.33|4.28|4.32|4.32|4.32
