SINHA               NAVIN|01:447:380:00|4.52|4.38|4.14|4.47|4.41|4.05|4.10|3.86|4.25|4.05|4.20|5.00
DDAMORE             DOMENIC|01:447:380:02|4.52|4.38|4.14|4.47|4.41|4.05|4.10|3.86|4.25|4.05
DDAMORE             DOMENIC|01:447:380:13|4.52|4.38|4.14|4.47|4.41|4.05|4.10|3.86|4.25|4.05
DDAMORE             DOMENIC|01:447:380:14|4.52|4.38|4.14|4.47|4.41|4.05|4.10|3.86|4.25|4.05
GORDON DEREK|01:447:385:00|4.40|4.00|3.86|4.24|3.72|3.80|3.99|4.31|3.89|3.89
BRENNEMAN           MARK|01:447:385:00|4.40|4.00|3.86|4.24|3.72|3.80|3.99|4.31|3.89|3.89
KEATING             ANNE|01:447:390:00|4.55|4.50|4.32|4.50|4.20|4.13|4.50|4.01|4.33|4.13
SIMON               LEE|01:447:398:01|4.67|4.67|4.33|4.83|4.33|3.50|4.50|4.17|4.17|4.50
TOKE                DAVID|01:447:404:02|4.67|4.80|4.73|4.80|4.71|4.73|4.47|4.29|4.79|4.79
HEY                 EMANUEL|01:447:479:02|4.46|4.38|4.14|4.46|4.14|4.43|4.34|3.90|4.43|4.30
BRZUSTOWICZ         LINDA|01:447:479:02|4.46|4.38|4.14|4.46|4.14|4.43|4.34|3.90|4.43|4.30
MATISE TARA|01:447:481:00|4.64|4.69|4.36|4.71|4.50|4.33|4.39|4.17|4.49|4.38
MATISE TARA|01:447:481:01|4.64|4.69|4.36|4.71|4.50|4.33|4.39|4.17|4.49|4.38
