KAPLOWITZ           S|01:377:140:01|4.57|4.46|4.57|4.56|4.33|4.31|4.46|4.57|4.47|4.42
KAPLOWITZ           S|01:377:140:02|4.57|4.46|4.57|4.56|4.33|4.31|4.46|4.57|4.47|4.42|4.50|5.00|5.00|5.00
HUNT                J|01:377:140:03|4.57|4.46|4.57|4.56|4.33|4.31|4.46|4.57|4.47|4.42|4.50
HUNT                J|01:377:140:04|4.57|4.46|4.57|4.56|4.33|4.31|4.46|4.57|4.47|4.42
DIFABIO             D|01:377:170:01|4.82|4.82|4.95|4.91|4.50|4.77|4.82|4.77|4.71|4.76
GLADIS              K|01:377:180:01|4.75|4.67|4.73|4.73|4.44|4.65|4.57|4.42|4.69|4.71|5.00|5.00|5.00|5.00|5.00|5.00|5.00|5.00|5.00
GLADIS              K|01:377:191:02|4.88|4.74|4.72|4.80|4.70|4.73|4.48|4.20|4.77|4.65|5.00
BYRD                M|01:377:213:00|4.82|4.87|4.65|4.77|4.61|4.50|4.77|4.65|4.67|4.70
DIVINE              ADAM|01:377:213:01|4.82|4.87|4.65|4.77|4.61|4.50|4.77|4.65|4.67|4.70
DIVINE              ADAM|01:377:213:02|4.82|4.87|4.65|4.77|4.61|4.50|4.77|4.65|4.67|4.70
DIVINE              ADAM|01:377:213:03|4.82|4.87|4.65|4.77|4.61|4.50|4.77|4.65|4.67|4.70
BYRD                M|01:377:213:04|4.82|4.87|4.65|4.77|4.61|4.50|4.77|4.65|4.67|4.70
BYRD                M|01:377:213:05|4.82|4.87|4.65|4.77|4.61|4.50|4.77|4.65|4.67|4.70
DIVINE              ADAM|01:377:213:06|4.82|4.87|4.65|4.77|4.61|4.50|4.77|4.65|4.67|4.70
DIVINE              ADAM|01:377:213:07|4.82|4.87|4.65|4.77|4.61|4.50|4.77|4.65|4.67|4.70
LAWRENCE            S|01:377:275:01|4.22|4.24|3.79|4.54|4.62|3.65|3.63|2.62|3.89|3.81
DOEMLAND            J|01:377:301:01|4.50|4.25|4.31|4.28|4.31|4.14|4.06|3.92|4.17|4.06
DANDREA             C|01:377:303:01|4.64|4.55|4.64|4.74|4.69|4.34|4.50|4.39|4.45|4.29
KAPLOWITZ           S|01:377:304:01|4.19|4.19|4.38|4.35|3.85|4.24|4.16|3.24|3.88|4.08|4.00|4.00|4.00|4.00|4.00|4.00|4.00|4.00|4.00
DOEMLAND            J|01:377:305:01|4.57|4.57|4.38|4.45|4.33|4.27|4.28|3.77|4.21|4.24
DOEMLAND            J|01:377:305:02|4.57|4.57|4.38|4.45|4.33|4.27|4.28|3.77|4.21|4.24
COLLINCINI          G|01:377:306:01|4.33|4.39|4.17|4.16|4.35|3.89|3.94|4.11|4.05|3.94
KAPLOWITZ           SUSAN|01:377:310:01|3.15|3.59|3.16|3.74|3.52|2.70|3.10|3.33|2.79|2.85
FINKELSTEIN         M|01:377:311:01|4.73|4.82|4.86|4.86|4.77|4.81|4.68|4.38|4.82|4.81|5.00|5.00
ROSENWASSER         M|01:377:313:01|5.00|5.00|5.00|5.00|4.92|4.96|4.96|4.88|5.00|5.00
ROSENWASSER         M|01:377:317:01|4.96|4.96|4.89|5.00|4.96|4.81|4.70|4.35|4.88|4.81|5.00
DOUGHERTY           NEIL|01:377:320:01|4.81|4.33|4.49|4.31|4.24|4.22|4.24|3.40|4.38|4.22
DOUGHERTY           N|01:377:320:02|4.81|4.33|4.49|4.31|4.24|4.22|4.24|3.40|4.38|4.22
DOUGHERTY           N|01:377:323:01|4.84|4.53|4.56|4.47|4.02|4.19|4.26|3.74|4.35|4.33
DOUGHERTY           N|01:377:323:02|4.84|4.53|4.56|4.47|4.02|4.19|4.26|3.74|4.35|4.33
SHARKEY             L|01:377:324:01|4.41|4.57|4.31|4.41|4.34|3.98|4.27|3.85|4.25|4.18
SHARKEY             L|01:377:324:02|4.41|4.57|4.31|4.41|4.34|3.98|4.27|3.85|4.25|4.18
ROSENWASSER         M|01:377:330:01|5.00|4.96|4.64|5.00|4.89|4.71|4.57|4.11|4.96|4.81|5.00|5.00
ROSENWASSER         M|01:377:331:01|4.79|4.92|4.54|4.79|4.74|4.70|4.52|4.15|4.88|4.68|3.50|3.00
DANDREA             C|01:377:346:01|4.74|4.83|4.91|4.91|4.77|4.70|4.52|4.30|4.55|4.59
MANFREDONIA         E|01:377:350:01|5.00|4.96|4.83|5.00|4.83|4.71|4.92|4.75|4.87|4.83
ARENT               S|01:377:370:01|4.96|4.91|4.92|4.84|4.58|4.70|4.80|4.44|4.84|4.72
PELLEGRINO          J|01:377:371:01|4.56|4.81|4.68|4.84|4.52|4.49|4.57|4.35|4.65|4.43
PELLEGRINO          J|01:377:371:02|4.56|4.81|4.68|4.84|4.52|4.49|4.57|4.35|4.65|4.43
EPSTEIN             MERYL|01:377:371:03|4.56|4.81|4.68|4.84|4.52|4.49|4.57|4.35|4.65|4.43
EPSTEIN             MERYL|01:377:371:04|4.56|4.81|4.68|4.84|4.52|4.49|4.57|4.35|4.65|4.43
EPSTEIN             MERYL|01:377:371:05|4.56|4.81|4.68|4.84|4.52|4.49|4.57|4.35|4.65|4.43
PELLEGRINO          J|01:377:371:06|4.56|4.81|4.68|4.84|4.52|4.49|4.57|4.35|4.65|4.43
FINKELSTEIN         M|01:377:406:02|4.68|4.80|4.60|4.89|4.89|4.41|4.44|4.13|4.58|4.53
COLLINCINI          G|01:377:406:03|4.68|4.80|4.60|4.89|4.89|4.41|4.44|4.13|4.58|4.53|5.00|5.00|5.00|5.00
FINKELSTEIN         M|01:377:412:01|5.00|5.00|4.93|5.00|4.92|5.00|5.00|4.87|5.00|4.93|5.00|5.00|5.00|5.00|5.00|5.00|5.00|5.00
SADLEY              C|01:377:496:01|4.92|4.92|4.83|5.00|4.92|4.92|5.00|4.50|5.00|5.00
