DINZEYFLORES|01:595:100:01|4.16|3.64|3.60|3.68|3.49|3.20|3.71|3.66|3.41|3.37|3.00|3.00
RAMOSZAYAS|01:595:101:01|4.39|4.29|4.40|4.23|4.38|4.09|4.15|4.09|4.24|4.26|5.00|5.00|5.00
BONANO|01:595:101:02|4.39|4.29|4.40|4.23|4.38|4.09|4.15|4.09|4.24|4.26
WARNOCK|01:595:205:01|4.14|4.53|4.21|4.50|4.24|3.86|4.17|3.39|3.96|4.00|5.00|5.00|5.00|5.00
RIPTON|01:595:206:01|4.42|4.67|4.67|4.58|4.45|4.42|4.50|3.20|4.82|4.73
WARNOCK|01:595:210:01|4.18|4.12|4.41|4.69|4.47|4.19|3.94|3.06|4.12|3.94
STEPHENS            T|01:595:250:01|5.00|4.75|4.75|4.75|4.75|4.75|4.75|5.00|4.75|4.50|5.00|5.00|3.75|3.75|3.75|4.00
SANMIGUEL|01:595:266:01|5.00|5.00|5.00|5.00|4.50|4.75|4.75|4.25|4.75|4.50
BERG|01:595:298:01|4.58|4.67|4.50|4.92|4.50|3.92|4.50|3.54|4.38|4.31
BONANO|01:595:299:01|4.30|4.30|4.40|4.10|3.70|4.20|4.56|4.30|4.20|4.40
PEREZ|01:595:312:03|4.44|4.74|4.65|4.69|4.64|4.31|4.74|4.15|4.41|4.48
NAZARIO|01:595:312:06|4.44|4.74|4.65|4.69|4.64|4.31|4.74|4.15|4.41|4.48
LAURIASANTIAGO|01:595:369:01|4.00|4.50|4.25|4.75|4.25|4.25|4.13|4.38|4.25|4.13
ELLER|01:595:372:01|4.93|4.93|4.93|5.00|4.71|4.73|4.80|4.33|4.80|4.85|5.00
WARNOCK|01:595:390:01|3.78|4.61|4.50|4.61|4.33|3.83|3.83|4.22|3.94|4.00
RAMOSZAYAS|01:595:497:01|5.00|5.00|5.00|5.00|5.00|5.00|5.00|4.67|5.00|5.00
