LITTMAN             MICHAEL|01:198:105:01|4.67|4.72|4.52|4.72|4.57|4.45|4.14|2.89|4.72|4.50
STEINBERG           LOUIS|01:198:107:00|4.45|4.41|3.92|4.48|4.17|3.65|3.53|2.73|3.89|3.61
FRANCISCO|01:198:107:01|4.45|4.41|3.92|4.48|4.17|3.65|3.53|2.73|3.89|3.61
CHIRCO              JT|01:198:110:00|4.33|4.10|3.94|4.33|4.35|3.84|3.94|3.03|4.10|3.88|4.00|4.00|3.75|3.33|3.33
MAUNG               CRYSTAL|01:198:110:01|4.33|4.10|3.94|4.33|4.35|3.84|3.94|3.03|4.10|3.88
CHIRCO              JT|01:198:110:01|4.33|4.10|3.94|4.33|4.35|3.84|3.94|3.03|4.10|3.88|4.00|4.00|3.75|3.33|3.33|3.50|3.50|3.50|2.00
BELOWICH            ALAN|01:198:110:01|4.33|4.10|3.94|4.33|4.35|3.84|3.94|3.03|4.10|3.88|4.00|4.00|3.75|3.33|3.33|3.50|3.50|3.50
BELOWICH            ALAN|01:198:110:01|4.33|4.10|3.94|4.33|4.35|3.84|3.94|3.03|4.10|3.88
BELOWICH            ALAN|01:198:110:01|4.33|4.10|3.94|4.33|4.35|3.84|3.94|3.03|4.10|3.88
YALAMANCHI          DEEPAK|01:198:110:02|4.33|4.10|3.94|4.33|4.35|3.84|3.94|3.03|4.10|3.88
YALAMANCHI          DEEPAK|01:198:110:03|4.33|4.10|3.94|4.33|4.35|3.84|3.94|3.03|4.10|3.88|4.00
MAUNG               CRYSTAL|01:198:110:07|4.33|4.10|3.94|4.33|4.35|3.84|3.94|3.03|4.10|3.88
BALAKRISHNAN        SUBHASHNI|01:198:110:11|4.33|4.10|3.94|4.33|4.35|3.84|3.94|3.03|4.10|3.88
RAJAGOPALAN         SANGEETHA|01:198:110:13|4.33|4.10|3.94|4.33|4.35|3.84|3.94|3.03|4.10|3.88
BALAKRISHNAN        SUBHASHNI|01:198:110:14|4.33|4.10|3.94|4.33|4.35|3.84|3.94|3.03|4.10|3.88
RAJAGOPALAN         SANGEETHA|01:198:110:15|4.33|4.10|3.94|4.33|4.35|3.84|3.94|3.03|4.10|3.88
YUN                 JIN|01:198:110:30|4.33|4.10|3.94|4.33|4.35|3.84|3.94|3.03|4.10|3.88
VYAS                NITYA|01:198:110:54|4.33|4.10|3.94|4.33|4.35|3.84|3.94|3.03|4.10|3.88
VYAS                NITYA|01:198:110:55|4.33|4.10|3.94|4.33|4.35|3.84|3.94|3.03|4.10|3.88
HARI                PRADIP|01:198:111:00|4.75|4.68|4.46|4.64|4.21|4.34|4.32|4.19|4.59|4.44
HARI                PRADIP|01:198:111:00|4.75|4.68|4.46|4.64|4.21|4.34|4.32|4.19|4.59|4.44
VENUGOPAL           SESH|01:198:112:00|4.63|4.62|4.22|4.66|4.39|4.26|4.34|4.40|4.45|4.30
HARI                PRADIP|01:198:112:00|4.63|4.62|4.22|4.66|4.39|4.26|4.34|4.40|4.45|4.30
VENUGOPAL           SESH|01:198:113:00|4.42|4.26|3.95|4.23|4.32|3.91|4.14|4.22|4.13|4.02
STOUT               KRISTIAN|01:198:170:00|4.60|4.58|4.46|4.63|4.56|4.38|4.46|3.70|4.53|4.35|4.50|4.78|4.50|4.56|5.00|5.00|5.00|5.00|5.00
STOVT               KRISTIAN|01:198:170:00|4.60|4.58|4.46|4.63|4.56|4.38|4.46|3.70|4.53|4.35|4.50|4.78|4.50|4.56|5.00|5.00|5.00|5.00|5.00
BHAMIDIPATI         SSANDILYA|01:198:170:03|4.60|4.58|4.46|4.63|4.56|4.38|4.46|3.70|4.53|4.35
BHAMIDIPATHI        SANDILYA|01:198:170:04|4.60|4.58|4.46|4.63|4.56|4.38|4.46|3.70|4.53|4.35
PANDYA              CHIRAG|01:198:170:05|4.60|4.58|4.46|4.63|4.56|4.38|4.46|3.70|4.53|4.35
NAIK                SAUDAMINI|01:198:170:07|4.60|4.58|4.46|4.63|4.56|4.38|4.46|3.70|4.53|4.35
NAIK                SAUDAMINI|01:198:170:08|4.60|4.58|4.46|4.63|4.56|4.38|4.46|3.70|4.53|4.35
VE                  JANANI|01:198:170:17|4.60|4.58|4.46|4.63|4.56|4.38|4.46|3.70|4.53|4.35
PANDYA              CHIRAG|01:198:170:18|4.60|4.58|4.46|4.63|4.56|4.38|4.46|3.70|4.53|4.35|4.50|4.78|4.50|4.56
MINSKY              NAFTALY|01:198:205:00|3.79|3.60|3.44|3.91|3.47|3.28|3.26|3.23|3.47|3.40
STEIGER             WILLIAM|01:198:206:00|4.78|4.61|4.16|4.68|4.35|4.35|4.43|3.35|4.51|4.38|4.80|4.53|3.73|4.20|4.33
KREMER              ULRICH|01:198:314:00|4.24|4.24|3.85|4.47|4.23|3.94|3.82|4.06|4.00|3.94
ZHOU                SHIYU|01:198:336:00|3.91|3.77|3.48|4.00|3.91|3.50|3.68|3.77|3.48|3.38
FREDMAN             MICHAEL|01:198:344:00|4.00|4.14|3.49|4.32|3.82|3.31|3.30|3.27|3.54|3.37
NATH                BADRI|01:198:352:01|4.78|4.70|4.52|4.78|4.64|4.35|4.57|4.43|4.59|4.41|4.00
NGUYEN              THU|01:198:416:00|4.58|4.55|4.29|4.71|3.97|4.13|4.42|3.74|4.52|4.26
DECARLO             DECARLO|01:198:428:01|4.89|4.81|4.63|4.74|4.88|4.70|4.74|4.41|4.78|4.78
BORGIDA             ALEX|01:198:431:01|4.68|4.72|4.36|4.84|4.63|4.40|4.24|4.64|4.55|4.32
MCCARTY             LTHORNE|01:198:440:01|4.82|3.82|4.00|4.09|3.44|3.45|3.82|4.09|3.91|3.91
GANAPATHY           VINOD|01:198:442:01|4.53|4.41|4.19|4.50|4.07|4.13|4.00|4.22|4.19|3.81
