BRILL               GARY|01:830:101:00|4.63|4.48|4.39|4.57|4.55|4.21|4.27|3.99|4.33|4.27|4.73|4.56|4.44
CARPENTER           KIMBERLY|01:830:101:01|4.63|4.48|4.39|4.57|4.55|4.21|4.27|3.99|4.33|4.27|4.73|4.56|4.44|4.60|4.45|4.40|4.33|4.40|4.25
Brill Gary|01:830:101:02|4.78|4.61|4.56|4.67|4.57|4.47|4.41|3.84|4.52|4.43
LEYTON              MICHAEL|01:830:101:03|4.63|4.48|4.39|4.57|4.55|4.21|4.27|3.99|4.33|4.27|4.73|4.56|4.44|4.60|4.45|4.40|4.33|4.40|4.25
MAYHEW              ESTELLE|01:830:101:05|4.63|4.48|4.39|4.57|4.55|4.21|4.27|3.99|4.33|4.27|4.73|4.56|4.44|4.33
BRILL               GARY|01:830:101:08|4.63|4.48|4.39|4.57|4.55|4.21|4.27|3.99|4.33|4.27|4.73|4.56|4.44|4.60|4.45|4.40|4.33|4.40|4.25
JACOBS              LARRY|01:830:101:09|4.63|4.48|4.39|4.57|4.55|4.21|4.27|3.99|4.33|4.27|4.73|4.56|4.44|4.60|4.45|4.40|4.33|4.40|4.25
INGATE              MARGARET|01:830:101:10|4.63|4.48|4.39|4.57|4.55|4.21|4.27|3.99|4.33|4.27|4.73|4.56
JAMES               CARLTON|01:830:101:12|4.63|4.48|4.39|4.57|4.55|4.21|4.27|3.99|4.33|4.27|4.73
FUNICIELLO          LINDA|01:830:101:14|4.63|4.48|4.39|4.57|4.55|4.21|4.27|3.99|4.33|4.27|4.73|4.56|4.44|4.60|4.45|4.40|4.33|4.40|4.25
ACKROFF             JOHN|01:830:200:00|4.38|3.91|3.87|3.94|4.18|3.78|3.86|2.81|3.96|3.74
STEIN|01:830:200:04|4.28|4.26|3.89|4.42|4.28|3.94|4.12|2.55|4.08|3.77
CASTELLANOS|01:830:200:14|4.28|4.26|3.89|4.42|4.28|3.94|4.12|2.55|4.08|3.77
KOWLER              EILEEN|01:830:301:01|4.61|4.54|4.33|4.63|4.48|4.18|4.27|3.58|4.42|4.26
KOWLER              EILEEN|01:830:301:02|4.61|4.54|4.33|4.63|4.48|4.18|4.27|3.58|4.42|4.26
YAN                 GRACE|01:830:302:02|4.62|4.56|4.22|4.76|4.42|4.14|3.98|3.51|4.40|4.10
GLASS               ARNOLD|01:830:303:01|3.82|4.36|4.09|4.24|4.18|3.91|4.18|3.68|4.15|3.88
GLASS|01:830:303:02|3.37|3.31|3.41|3.25|3.44|3.18|3.26|3.50|3.11|3.21
FELDMAN             J|01:830:305:01|4.56|4.36|4.23|4.46|4.23|4.00|3.86|3.66|4.16|4.04|4.75
MUSOLINO            JULIEN|01:830:305:03|4.56|4.36|4.23|4.46|4.23|4.00|3.86|3.66|4.16|4.04|4.75|4.67
ACKROFF             JOHN|01:830:305:05|4.56|4.36|4.23|4.46|4.23|4.00|3.86|3.66|4.16|4.04
ACKROFF             JOHN|01:830:305:07|4.56|4.36|4.23|4.46|4.23|4.00|3.86|3.66|4.16|4.04|4.75|4.67|4.00|4.00|4.00|4.00
CHAPMAN             GRETCHEN|01:830:308:01|4.94|4.89|4.89|4.89|4.89|4.44|4.72|3.72|4.83|4.78|4.28|4.17|4.72|4.22|3.28|4.50|4.39|3.13|3.50
HAMILTON            LEONARD|01:830:310:01|4.70|4.62|4.28|4.66|4.42|4.10|4.09|4.23|4.24|4.14
TOMIE               ART|01:830:311:03|4.49|4.38|4.04|4.58|4.42|3.90|3.96|3.47|4.17|4.13
KOHMAN              RACHEL|01:830:311:06|4.49|4.38|4.04|4.58|4.42|3.90|3.96|3.47|4.17|4.13|5.00|4.00|5.00|4.00|5.00|5.00|5.00|5.00
ROVEECOLLIER        CAROLYN|01:830:311:71|4.49|4.38|4.04|4.58|4.42|3.90|3.96|3.47|4.17|4.13
YQDER               KATHLEEN|01:830:312:02|4.57|4.70|4.39|4.65|4.65|4.44|4.39|3.76|4.56|4.51
VICARIO             DAVID|01:830:313:06|4.60|4.31|4.20|4.49|4.07|3.75|3.93|3.34|3.95|3.81
VICARIO|01:830:313:07|4.24|4.35|3.74|4.28|4.13|3.54|3.80|3.65|3.78|3.84
SANCHEZ             D|01:830:321:03|4.72|4.61|4.67|4.67|4.60|4.50|4.47|4.13|4.64|4.56|5.00
WILDER              D|01:830:321:04|4.72|4.61|4.67|4.67|4.60|4.50|4.47|4.13|4.64|4.56
WILDER|01:830:321:05|4.19|3.98|4.05|4.13|4.00|3.77|3.84|4.10|4.00|3.95
KILIANSKI|01:830:321:08|4.72|4.61|4.67|4.67|4.60|4.50|4.47|4.13|4.64|4.56
MAYHEW              E|01:830:331:01|4.46|4.24|4.15|4.31|4.13|3.85|4.10|4.04|4.02|4.02|5.00
DICKSON             L|01:830:331:03|4.46|4.24|4.15|4.31|4.13|3.85|4.10|4.04|4.02|4.02
INGATE|01:830:331:05|4.46|4.24|4.15|4.31|4.13|3.85|4.10|4.04|4.02|4.02|5.00|5.00|5.00
HUDSON|01:830:331:71|4.46|4.24|4.15|4.31|4.13|3.85|4.10|4.04|4.02|4.02
COOPER|01:830:332:04|4.71|4.69|4.18|4.64|3.91|4.11|4.04|3.70|4.34|3.91
KNIGHT|01:830:333:01|4.00|3.98|3.84|3.95|4.35|3.51|3.65|3.77|3.73|3.74
KNIGHT|01:830:333:03|4.00|3.98|3.84|3.95|4.35|3.51|3.65|3.77|3.73|3.74|4.00|3.50|3.50|3.50|3.50|3.50|3.50|3.50|3.50
EDWARDSWILSON|01:830:333:06|4.00|3.98|3.84|3.95|4.35|3.51|3.65|3.77|3.73|3.74
MUSUMECISZABO|01:830:335:01|4.83|4.84|4.67|4.84|4.74|4.57|4.51|3.88|4.69|4.63|5.00|5.00|5.00|5.00|5.00|5.00|5.00|5.00|5.00
OGILVIE|01:830:338:01|4.58|4.31|4.50|4.42|4.38|4.15|4.22|4.05|4.33|4.32|3.00|3.00|3.00|3.00|3.00|3.00
ATWOOD|01:830:340:02|4.83|4.60|4.91|4.72|4.57|4.63|4.64|4.43|4.74|4.74
MOHLMAN             J|01:830:340:05|5.00|4.97|4.93|5.00|4.86|4.91|4.92|4.57|4.95|4.90
ABELA|01:830:346:01|4.77|4.76|4.71|4.69|4.33|4.44|4.53|4.49|4.53|4.49|5.00|5.00|5.00|5.00|5.00
STROMSWOLD          K|01:830:351:01|4.23|4.38|4.51|4.64|4.54|4.05|4.15|3.92|4.05|4.05
TOMIE               A|01:830:364:02|4.73|4.36|4.41|4.55|4.49|4.25|4.46|3.97|4.45|4.46
AIELLO|01:830:373:01|4.84|4.66|4.84|4.64|4.54|4.37|4.76|3.49|5.00|4.60
AIELLO              J|01:830:373:02|4.84|4.66|4.84|4.64|4.54|4.37|4.76|3.49|5.00|4.60
KNIGHT|01:830:375:01|4.21|4.49|4.57|4.50|4.43|4.40|4.26|4.00|4.29|4.29|5.00
CONTRADA            R|01:830:377:01|4.75|4.65|4.43|4.62|4.45|4.20|4.29|3.96|4.40|4.28|3.11|2.41|3.15|2.69|2.87|4.04|5.00|5.00
MCCARTHY            D|01:830:377:02|4.75|4.65|4.43|4.62|4.45|4.20|4.29|3.96|4.40|4.28|3.11|2.41|3.15|2.69
JAMES|01:830:393:01|4.60|4.72|4.74|4.82|4.56|4.53|4.61|4.62|4.64|4.59|5.00|5.00
ELIAS               M|01:830:394:01|4.46|4.84|4.58|4.88|4.58|4.46|4.40|3.80|4.52|4.43
HUDSON              J|01:830:396:02|4.48|4.43|4.41|4.54|4.34|4.27|4.15|4.56|4.29|4.25
HARRISON            NANCY|01:830:396:03|4.48|4.43|4.41|4.54|4.34|4.27|4.15|4.56|4.29|4.25
HARRIS              S|01:830:396:04|4.48|4.43|4.41|4.54|4.34|4.27|4.15|4.56|4.29|4.25
SELMAN              J|01:830:398:01|4.92|5.00|4.92|5.00|5.00|4.92|4.92|4.33|4.85|4.92
ROVEECOLLIER|01:830:401:01|4.45|4.67|4.42|4.42|4.00|4.55|4.25|4.00|4.42|4.27
KUSNECOV            A|01:830:412:01|4.73|4.27|4.62|4.48|4.27|4.31|4.69|4.58|4.42|4.56|3.00
INGATE              M|01:830:474:01|4.82|4.82|4.29|4.88|4.82|4.41|3.94|2.94|4.71|4.24
KUSNECOV|01:830:490:71|4.00|4.50|4.00|4.75|4.00|4.25|3.50|4.25|4.25|3.50
ELIAS               M|01:830:494:01|4.92|5.00|5.00|5.00|5.00|5.00|4.92|4.75|5.00|5.00|5.00|5.00|5.00|5.00|5.00|5.00|5.00|5.00|5.00
