KOENICK             RuthAnne|01:988:101:01|4.34|4.34|4.38|4.41|4.25|4.08|4.08|3.33|4.21|4.09|4.67|4.50|5.00|5.00|5.00|5.00
TANER               Sasha|01:988:101:04|4.34|4.34|4.38|4.41|4.25|4.08|4.08|3.33|4.21|4.09
CLARKE              Cheryl|01:988:101:06|4.34|4.34|4.38|4.41|4.25|4.08|4.08|3.33|4.21|4.09
RODGERS             Yana|01:988:101:11|4.34|4.34|4.38|4.41|4.25|4.08|4.08|3.33|4.21|4.09|4.67|4.50
SHIN YOUNGHWA|01:988:130:01|4.37|4.27|4.30|4.20|4.30|3.93|4.04|3.47|4.17|4.03
SCHANTZ             Diane|01:988:130:02|4.37|4.27|4.30|4.20|4.30|3.93|4.04|3.47|4.17|4.03
PERSIN              Margo|01:988:150:01|4.41|4.50|4.41|4.63|4.52|4.19|4.27|3.89|4.33|4.19|4.00
BALLIET             Barbara|01:988:201:01|4.61|4.65|4.48|4.65|4.39|4.39|4.22|3.74|4.74|4.52
JACKSONBREWER            Karla|01:988:206:01|4.00|4.23|4.17|4.08|4.42|3.75|4.00|4.50|4.00|3.92
RAJAN               Julie|01:988:235:02|4.52|4.63|4.45|4.67|4.47|4.06|4.30|3.47|4.32|4.34
SPRINGER KRISTEN|01:988:272:01|4.87|4.80|4.73|4.87|4.67|4.73|4.56|4.13|4.69|4.60
SMITH               Bonnie|01:988:303:01|4.48|4.42|4.18|4.33|3.97|4.16|4.25|4.09|4.09|4.03
KALARMADAM          Svidya|01:988:303:02|4.48|4.42|4.18|4.33|3.97|4.16|4.25|4.09|4.09|4.03|4.00
CARTER              Roslyn|01:988:307:01|4.14|3.49|3.65|3.59|3.33|3.10|3.60|3.30|3.41|3.34
MCKAY               Dianne|01:988:309:01|4.40|4.70|4.27|4.55|4.27|4.36|4.36|4.00|4.36|4.36
RAJAN               Julie|01:988:310:01|4.18|4.43|4.43|4.57|4.14|4.29|4.43|3.71|4.25|4.35
COHEN               Ed|01:988:318:01|4.53|4.53|4.60|4.60|4.63|4.30|4.30|4.17|4.41|4.32
GERSON|01:988:324:01|2.33|2.33|3.33|3.00|3.00|2.00|2.33|3.00|2.33|2.67
WHITE               Deborah|01:988:329:01|4.35|4.12|4.18|4.12|3.82|3.94|4.29|4.18|4.24|4.13
DECENA              Carlos|01:988:339:01|4.84|4.79|4.71|4.87|4.75|4.71|4.75|4.54|4.84|4.83
JACKSONBREWER            Karla|01:988:350:01|4.69|4.77|4.88|4.92|4.80|4.69|4.52|4.28|4.80|4.67
SCHUSTER            Sherril|01:988:354:01|3.55|2.60|3.65|3.11|3.00|3.15|4.05|4.15|2.75|3.15
SADOFF              Dianne|01:988:357:01|5.00|5.00|5.00|5.00|5.00|4.67|5.00|4.67|5.00|5.00
PRATER              Tzarina|01:988:366:01|5.00|5.00|5.00|5.00|5.00|4.33|4.67|5.00|5.00|4.67
GERSON              Judith|01:988:370:01|3.57|4.43|3.57|4.57|4.14|3.67|3.67|3.00|3.71|3.29
SAMPAIO             Anna|01:988:372:01|4.90|4.95|4.90|4.95|4.85|4.80|4.75|3.89|4.83|4.75
FLITTERMANLEWIS        Sandy|01:988:376:01|4.00|4.00|3.50|4.00|4.00|3.50|3.50|3.00|4.00|3.50
BLISSETT            Dawn|01:988:396:01|4.36|4.57|4.36|4.64|4.50|4.07|4.23|3.29|4.29|4.14
TURNER              Henry|01:988:396:03|4.36|4.57|4.36|4.64|4.50|4.07|4.23|3.29|4.29|4.14
RAJAN                  Julie|01:988:405:01|4.84|4.85|4.76|4.88|4.55|4.58|4.74|4.49|4.69|4.56|2.00
BUNCH                Charlotte|01:988:405:01|4.84|4.85|4.76|4.88|4.55|4.58|4.74|4.49|4.69|4.56
FERNANDES             Leela|01:988:424:01|4.88|4.75|4.88|4.75|4.50|4.38|4.50|4.25|4.50|4.50
GORMAN              Cynthia|01:988:425:01|5.00|5.00|5.00|5.00|5.00|5.00|4.67|5.00|5.00|4.33|5.00
TRIGG               Mary|01:988:426:01|4.86|4.71|4.36|4.71|4.21|4.43|4.21|4.43|4.50|4.43
ALEXANDERFLOYD       Nikol|01:988:490:01|5.00|4.90|5.00|4.90|5.00|4.90|5.00|4.80|4.90|4.89
ALEXANDERFLOYD      Nikol|01:988:490:01|5.00|4.90|5.00|4.90|5.00|4.90|5.00|4.80|4.90|4.89|3.50|4.67|3.33|4.00|4.00
JONES JENNIFER|01:988:491:01|4.67|4.73|4.80|4.80|4.40|4.47|4.40|4.40|4.60|4.60
HARTMAN MARY|01:988:494:03|5.00|5.00|5.00|5.00|4.75|5.00|4.70|4.90|5.00|5.00
