BALITE              FLORDELIA|01:565:102:01|4.50|4.33|4.39|4.36|4.30|4.08|4.34|4.59|4.10|4.24
SAKAGAMI            SHIZUKA|01:565:102:02|4.50|4.33|4.39|4.36|4.30|4.08|4.34|4.59|4.10|4.24|4.50
BALITE              DELIA|01:565:102:04|4.50|4.33|4.39|4.36|4.30|4.08|4.34|4.59|4.10|4.24|4.50|5.00|5.00|5.00|5.00|5.00|5.00|5.00
SAKAGAMI            SHIZUKA|01:565:102:70|4.50|4.33|4.39|4.36|4.30|4.08|4.34|4.59|4.10|4.24
SAKAGAMI            SHIZUKA|01:565:202:01|4.26|4.18|4.33|4.38|4.13|3.89|4.20|4.64|4.18|4.11
BALITE              F|01:565:202:02|4.26|4.18|4.33|4.38|4.13|3.89|4.20|4.64|4.18|4.11
SAITO               SATORU|01:565:242:01|4.82|4.82|4.64|4.86|4.73|4.55|4.73|4.45|4.80|4.80
BAXER               Harumi|01:565:302:01|4.72|4.58|4.67|4.94|4.64|4.39|4.61|4.88|4.64|4.52
HAWALKA             Yasuko|01:565:302:02|4.72|4.58|4.67|4.94|4.64|4.39|4.61|4.88|4.64|4.52
SCHALOW             Paul|01:565:315:01|4.94|4.83|4.78|4.89|4.78|4.58|4.95|4.17|4.89|4.89
SCHALOW             Paul|01:565:320:01|4.83|4.92|4.75|4.75|4.50|4.50|4.67|4.67|4.67|4.67
SAITO               SATORU|01:565:362:01|4.97|4.97|4.94|5.00|4.69|4.86|4.74|4.71|4.91|4.91|5.00|5.00
MAYNARD             SENKO|01:565:470:01|4.33|4.60|4.22|4.80|4.70|4.40|4.00|4.10|4.67|4.11
