DEIS                Frank|01:694:301:01|4.20|4.22|4.36|4.30|4.37|4.09|4.28|3.41|4.26|4.09|4.55|4.44|3.28|3.00
VERSHON             ANDREW|01:694:315:00|4.54|4.50|4.46|4.50|4.41|4.39|4.45|4.29|4.42|4.43|4.50|4.50|4.00|4.00
SINGSON             ANDY|01:694:315:00|4.54|4.50|4.46|4.50|4.41|4.39|4.45|4.29|4.42|4.43
NEMEROFF                   Marty|01:694:315:00|4.54|4.50|4.46|4.50|4.41|4.39|4.45|4.29|4.42|4.43|4.50
DRISCOLL            MONICA|01:694:315:00|4.54|4.50|4.46|4.50|4.41|4.39|4.45|4.29|4.42|4.43|4.50|4.50
BARR                MAUREEN|01:694:315:01|4.54|4.50|4.46|4.50|4.41|4.39|4.45|4.29|4.42|4.43
GABRIEL             ABRAHAM|01:694:408:00|4.30|4.18|4.02|4.17|3.94|3.93|3.94|3.93|4.06|4.03|2.00|1.67|2.00|1.67|1.67|2.00|1.00|2.00|1.33
VERSHON             ANDREW|01:694:408:00|4.30|4.18|4.02|4.17|3.94|3.93|3.94|3.93|4.06|4.03|2.00|1.67|2.00|1.67|1.67|2.00|1.00|2.00|1.33
GUNDERSON           Samuel|01:694:408:00|4.30|4.18|4.02|4.17|3.94|3.93|3.94|3.93|4.06|4.03|2.00|1.67|2.00|1.67|1.67|2.00|1.00|2.00|1.33
BRILL               STEVE|01:694:408:00|4.30|4.18|4.02|4.17|3.94|3.93|3.94|3.93|4.06|4.03
MONTELIONE          Gaetano|01:694:412:01|4.90|5.00|5.00|5.00|4.90|4.90|4.75|4.55|4.95|4.80|5.00|4.75|1.00|1.67|1.00
ANDERSON            STEPHEN|01:694:412:01|4.90|5.00|5.00|5.00|4.90|4.90|4.75|4.55|4.95|4.80|5.00|4.75|1.00|1.67
GUNDERSON           Samuel|01:694:484:01|4.57|4.60|4.30|4.60|4.43|4.17|4.13|4.07|4.40|4.40
GRANT               BARTH|01:694:484:01|4.57|4.60|4.30|4.60|4.43|4.17|4.13|4.07|4.40|4.40
NIEDERMAN           ROBERT|01:694:484:01|4.57|4.60|4.30|4.60|4.43|4.17|4.13|4.07|4.40|4.40
