ZBAIDA              SHMUEL|01:160:128:01|4.36|3.64|3.63|4.18|4.10|3.34|3.49|2.68|3.63|3.58
HALL                GENE|01:160:160:00|4.64|4.58|4.10|4.60|4.17|4.06|3.70|3.00|4.34|3.56
MARVASTI            SETAREH|01:160:160:00|4.64|4.58|4.10|4.60|4.17|4.06|3.70|3.00|4.34|3.56|4.58|5.00|5.00|5.00|5.00|5.00|5.00|5.00
ROYCHOWDHURY        LIPIKA|01:160:160:01|4.64|4.58|4.10|4.60|4.17|4.06|3.70|3.00|4.34|3.56
PETRONE|01:160:160:03|4.64|4.58|4.10|4.60|4.17|4.06|3.70|3.00|4.34|3.56
ROYCHOWDHURY        LIPIKA|01:160:160:04|4.64|4.58|4.10|4.60|4.17|4.06|3.70|3.00|4.34|3.56
ROYCHOWDHURY        LIPIKA|01:160:160:08|4.64|4.58|4.10|4.60|4.17|4.06|3.70|3.00|4.34|3.56|4.58
ROYCHOWDHURY        LIPIKA|01:160:160:12|4.64|4.58|4.10|4.60|4.17|4.06|3.70|3.00|4.34|3.56
PETRONE|01:160:160:14|4.64|4.58|4.10|4.60|4.17|4.06|3.70|3.00|4.34|3.56
HALL                GENE|01:160:160:15|4.64|4.58|4.10|4.60|4.17|4.06|3.70|3.00|4.34|3.56
PETRONE             LOUIS|01:160:160:16|4.64|4.58|4.10|4.60|4.17|4.06|3.70|3.00|4.34|3.56
PETRONE             LOUIS|01:160:160:18|4.64|4.58|4.10|4.60|4.17|4.06|3.70|3.00|4.34|3.56
VASSILIAN           ASBED|01:160:161:00|4.23|4.09|3.93|4.15|4.08|3.67|3.68|3.23|3.82|3.54
WAIDLICH            JUDY|01:160:161:01|4.23|4.09|3.93|4.15|4.08|3.67|3.68|3.23|3.82|3.54
PORCJA              ROBERT|01:160:161:02|4.23|4.09|3.93|4.15|4.08|3.67|3.68|3.23|3.82|3.54
WAIDLICH            JUDITH|01:160:161:07|4.23|4.09|3.93|4.15|4.08|3.67|3.68|3.23|3.82|3.54
PORCJA              ROBERT|01:160:161:08|4.23|4.09|3.93|4.15|4.08|3.67|3.68|3.23|3.82|3.54
WAIDLICH            JUDY|01:160:161:10|4.23|4.09|3.93|4.15|4.08|3.67|3.68|3.23|3.82|3.54
PORCJA              ROBERT|01:160:161:11|4.23|4.09|3.93|4.15|4.08|3.67|3.68|3.23|3.82|3.54
WAIDLICH            JUDITH|01:160:161:13|4.23|4.09|3.93|4.15|4.08|3.67|3.68|3.23|3.82|3.54
PORCJA              ROBERT|01:160:161:14|4.23|4.09|3.93|4.15|4.08|3.67|3.68|3.23|3.82|3.54
RABEONY             MANESE|01:160:162:00|4.38|4.18|4.06|4.28|4.27|3.96|3.92|3.49|4.11|3.73|4.71
SIEGEL              DONALD|01:160:162:00|4.38|4.18|4.06|4.28|4.27|3.96|3.92|3.49|4.11|3.73
SIEGEL              DONALD|01:160:162:00|4.38|4.18|4.06|4.28|4.27|3.96|3.92|3.49|4.11|3.73
KIMMEL              PAUL|01:160:162:00|4.38|4.18|4.06|4.28|4.27|3.96|3.92|3.49|4.11|3.73|4.71
VASSILIAN           ASBED|01:160:162:00|4.38|4.18|4.06|4.28|4.27|3.96|3.92|3.49|4.11|3.73
AGARWAL             RAMESHWAR|01:160:162:01|4.38|4.18|4.06|4.28|4.27|3.96|3.92|3.49|4.11|3.73
AGARWAL             RAMESHWAR|01:160:162:03|4.38|4.18|4.06|4.28|4.27|3.96|3.92|3.49|4.11|3.73|4.71|4.50
MARKY               NANCY|01:160:162:04|4.38|4.18|4.06|4.28|4.27|3.96|3.92|3.49|4.11|3.73
SHIN YEUNG|01:160:162:06|4.38|4.18|4.06|4.28|4.27|3.96|3.92|3.49|4.11|3.73
MARKY               NANCY|01:160:162:07|4.38|4.18|4.06|4.28|4.27|3.96|3.92|3.49|4.11|3.73|4.71|4.50|5.00|5.00
MARVASTI            SETAREH|01:160:162:08|4.38|4.18|4.06|4.28|4.27|3.96|3.92|3.49|4.11|3.73|4.71
MARKY               NANCY|01:160:162:11|4.38|4.18|4.06|4.28|4.27|3.96|3.92|3.49|4.11|3.73|4.71|4.50|5.00|5.00|5.00|5.00|5.00|5.00
RABEONY             MANESE|01:160:162:17|4.38|4.18|4.06|4.28|4.27|3.96|3.92|3.49|4.11|3.73
MARKY               NANCY|01:160:162:19|4.38|4.18|4.06|4.28|4.27|3.96|3.92|3.49|4.11|3.73|4.71|4.50|5.00|5.00|5.00|5.00|5.00|5.00|5.00
MARVASTI            SETAREH|01:160:162:20|4.38|4.18|4.06|4.28|4.27|3.96|3.92|3.49|4.11|3.73|4.71
TAVSS EDWARD|01:160:162:23|4.38|4.18|4.06|4.28|4.27|3.96|3.92|3.49|4.11|3.73|4.71
TAVSS EDWARD|01:160:162:25|4.38|4.18|4.06|4.28|4.27|3.96|3.92|3.49|4.11|3.73|4.71|4.50|5.00
MARKY               NANCY|01:160:162:30|4.38|4.18|4.06|4.28|4.27|3.96|3.92|3.49|4.11|3.73
TAVSS EDWARD|01:160:162:31|4.38|4.18|4.06|4.28|4.27|3.96|3.92|3.49|4.11|3.73
AGARWAL             RAMESHWAR|01:160:162:33|4.38|4.18|4.06|4.28|4.27|3.96|3.92|3.49|4.11|3.73
MARKY               NANCY|01:160:162:34|4.38|4.18|4.06|4.28|4.27|3.96|3.92|3.49|4.11|3.73|4.71|4.50|5.00|5.00|5.00|5.00|5.00|5.00|5.00
MARVASTI            SETAREH|01:160:162:36|4.38|4.18|4.06|4.28|4.27|3.96|3.92|3.49|4.11|3.73|4.71
ZBAIDA              SHMUEL|01:160:162:37|4.38|4.18|4.06|4.28|4.27|3.96|3.92|3.49|4.11|3.73
ZBAIDA              SHMUEL|01:160:162:39|4.38|4.18|4.06|4.28|4.27|3.96|3.92|3.49|4.11|3.73
RABEONY             MANESE|01:160:162:71|4.38|4.18|4.06|4.28|4.27|3.96|3.92|3.49|4.11|3.73
RABEONY             MANESE|01:160:162:72|4.38|4.18|4.06|4.28|4.27|3.96|3.92|3.49|4.11|3.73
MARKY               NANCY|01:160:162:73|4.38|4.18|4.06|4.28|4.27|3.96|3.92|3.49|4.11|3.73
MARKY               NANCY|01:160:162:74|4.38|4.18|4.06|4.28|4.27|3.96|3.92|3.49|4.11|3.73
POTENZA             JOSEPH|01:160:164:00|4.20|4.11|3.99|4.27|3.83|3.79|3.91|3.62|3.97|3.94
HERZOG              GREGORY|01:160:164:01|4.20|4.11|3.99|4.27|3.83|3.79|3.91|3.62|3.97|3.94|3.00|5.00|5.00|5.00|5.00|5.00|5.00|5.00|5.00
HERZOG              GREGORY|01:160:164:02|4.20|4.11|3.99|4.27|3.83|3.79|3.91|3.62|3.97|3.94|3.00
WANG                CHEN|01:160:171:08|4.45|4.25|4.01|4.28|4.18|3.95|3.87|3.42|4.15|3.65|4.67|4.38|4.00|4.17|4.50
WANG                CHEN|01:160:171:13|4.45|4.25|4.01|4.28|4.18|3.95|3.87|3.42|4.15|3.65|4.67|4.38|4.00|4.17|4.50|3.75|4.25|4.50|5.00
KLEIN               LAUREN|01:160:171:47|4.45|4.25|4.01|4.28|4.18|3.95|3.87|3.42|4.15|3.65
MARVASTI            SETAREH|01:160:251:00|4.38|4.33|4.03|4.41|3.39|3.95|3.75|3.22|4.03|3.58|4.60|5.00
KIMMEL              JANE|01:160:251:02|4.38|4.33|4.03|4.41|3.39|3.95|3.75|3.22|4.03|3.58
BOIKESS             R|01:160:308:01|4.19|4.00|3.68|4.02|3.78|3.66|3.96|3.29|3.84|3.58|4.00|3.83
JIMENEZ             LESLIE|01:160:308:01|4.19|4.00|3.68|4.02|3.78|3.66|3.96|3.29|3.84|3.58|4.00|3.83|2.67|2.67|2.67|1.50|1.50|1.50
BOIKESS             ROBERT|01:160:308:11|4.19|4.00|3.68|4.02|3.78|3.66|3.96|3.29|3.84|3.58|4.00|3.83|2.67|2.67|2.67|1.50|1.50|1.50|2.00
JIMENEZ             LESLIE|01:160:308:11|4.19|4.00|3.68|4.02|3.78|3.66|3.96|3.29|3.84|3.58
OCONNOR             PATRICK|01:160:308:20|4.19|4.00|3.68|4.02|3.78|3.66|3.96|3.29|3.84|3.58|4.00|3.83|2.67|2.67|2.67
TAYLOR              JOHN|01:160:309:00|4.83|4.71|4.59|4.71|4.65|4.65|4.70|4.24|4.77|4.64
DE                  CHANDRAKAN|01:160:309:02|4.83|4.71|4.59|4.71|4.65|4.65|4.70|4.24|4.77|4.64
GOVINDARAJOO        GEETA|01:160:311:01|4.51|4.31|3.96|4.34|4.11|3.98|4.02|3.34|4.25|3.92|3.27|3.80|3.91|3.40
ZHANG               HONGMEI|01:160:311:05|4.51|4.31|3.96|4.34|4.11|3.98|4.02|3.34|4.25|3.92
GOVINDARAJOO        GEETA|01:160:311:05|4.51|4.31|3.96|4.34|4.11|3.98|4.02|3.34|4.25|3.92|3.27|3.80|3.91
ARBERG              MICHAEL|01:160:311:06|4.51|4.31|3.96|4.34|4.11|3.98|4.02|3.34|4.25|3.92
GOVINDARAJOO        G|01:160:311:06|4.51|4.31|3.96|4.34|4.11|3.98|4.02|3.34|4.25|3.92|3.27|3.80|3.91
GOVINDARAJOO        G|01:160:311:07|4.51|4.31|3.96|4.34|4.11|3.98|4.02|3.34|4.25|3.92|3.27|3.80|3.91
GOVINDARAJOO        GEETA|01:160:311:08|4.51|4.31|3.96|4.34|4.11|3.98|4.02|3.34|4.25|3.92|3.27|3.80|3.91
GOVINDARAJOO        GEETA|01:160:311:10|4.51|4.31|3.96|4.34|4.11|3.98|4.02|3.34|4.25|3.92|3.27|3.80|3.91
GOVINDARAJOO        GEETA|01:160:311:11|4.51|4.31|3.96|4.34|4.11|3.98|4.02|3.34|4.25|3.92|3.27|3.80|3.91|3.40
ZHANG               HONGMEI|01:160:311:11|4.51|4.31|3.96|4.34|4.11|3.98|4.02|3.34|4.25|3.92|3.27|3.80|3.91
GOVINDARAJOO        GEETA|01:160:311:13|4.51|4.31|3.96|4.34|4.11|3.98|4.02|3.34|4.25|3.92|3.27|3.80|3.91
GOVINDARAJOO        G|01:160:311:14|4.51|4.31|3.96|4.34|4.11|3.98|4.02|3.34|4.25|3.92|3.27|3.80|3.91|3.40
GOVINDARAJOO        G|01:160:311:15|4.51|4.31|3.96|4.34|4.11|3.98|4.02|3.34|4.25|3.92|3.27|3.80|3.91
GOVINDARAJOO        GEETA|01:160:311:16|4.51|4.31|3.96|4.34|4.11|3.98|4.02|3.34|4.25|3.92
ARBERG              MICHAEL|01:160:311:16|4.51|4.31|3.96|4.34|4.11|3.98|4.02|3.34|4.25|3.92
GOVINDARAJOO        GEETA|01:160:311:17|4.51|4.31|3.96|4.34|4.11|3.98|4.02|3.34|4.25|3.92
GOVINDARAJOO        GEETA|01:160:311:19|4.51|4.31|3.96|4.34|4.11|3.98|4.02|3.34|4.25|3.92|3.27|3.80|3.91
GOVINDARAJOO        GEETA|01:160:311:20|4.51|4.31|3.96|4.34|4.11|3.98|4.02|3.34|4.25|3.92|3.27|3.80|3.91
GOVINDARAJOO        GEETA|01:160:311:21|4.51|4.31|3.96|4.34|4.11|3.98|4.02|3.34|4.25|3.92|3.27|3.80|3.91
GOVINDARAJOO        GEETA|01:160:311:22|4.51|4.31|3.96|4.34|4.11|3.98|4.02|3.34|4.25|3.92|3.27|3.80|3.91
GOVINDARAJOO        GEETA|01:160:311:23|4.51|4.31|3.96|4.34|4.11|3.98|4.02|3.34|4.25|3.92|3.27|3.80|3.91
GOVINDARAJOO        GEETA|01:160:311:24|4.51|4.31|3.96|4.34|4.11|3.98|4.02|3.34|4.25|3.92|3.27|3.80|3.91
GOVINDARAJOO        GEETA|01:160:311:25|4.51|4.31|3.96|4.34|4.11|3.98|4.02|3.34|4.25|3.92|3.27|3.80|3.91
GOVINDARAJOO        GEETA|01:160:311:26|4.51|4.31|3.96|4.34|4.11|3.98|4.02|3.34|4.25|3.92|3.27|3.80|3.91
GOVINDARAJOO        GEETA|01:160:311:27|4.51|4.31|3.96|4.34|4.11|3.98|4.02|3.34|4.25|3.92|3.27|3.80|3.91
GOVINDARAJOO        GEETA|01:160:311:28|4.51|4.31|3.96|4.34|3.98|4.02|3.34|4.25|3.92|3.27|3.80|3.91|3.40|3.00|3.00
GOVINDARAJOO        GEETA|01:160:311:30|4.51|4.31|3.96|4.34|4.11|3.98|4.02|3.34|4.25|3.92|3.27|3.80|3.91
GOVINDARAJOO        G|01:160:311:31|4.51|4.31|3.96|4.34|4.11|3.98|4.02|3.34|4.25|3.92|3.27|3.80|3.91|3.40
COTTER              MARTHA|01:160:328:01|3.80|3.61|3.26|3.66|3.58|3.13|3.00|3.14|3.24|3.15
HINCH               BARBARAJ|01:160:328:02|3.80|3.61|3.26|3.66|3.58|3.13|3.00|3.14|3.24|3.15
MARCOTRIGIANO       JOSEPH|01:160:342:01|4.70|4.41|4.58|4.70|4.18|4.36|4.31|3.63|4.41|4.03
GREENBLATT          MARTHA|01:160:371:01|3.46|3.17|3.17|2.92|3.63|2.92|3.13|3.67|3.00|3.17
WARMUTH             RALF|01:160:412:01|5.00|5.00|5.00|4.50|4.50|4.50|4.50|4.50|5.00|5.00
HULTZSCH            KAI|01:160:475:01|5.00|5.00|5.00|5.00|4.00|5.00|5.00|5.00|5.00|5.00
ROMSTED             LARRY|01:160:492:01|4.59|4.67|4.37|4.63|4.56|4.52|4.15|3.96|4.63|4.35
ARNOLD              EDDY|01:160:492:02|4.59|4.67|4.37|4.63|4.56|4.52|4.15|3.96|4.63|4.35
LI                  JING|01:160:492:03|4.59|4.67|4.37|4.63|4.56|4.52|4.15|3.96|4.63|4.35
