ALAMI               M|01:420:101:02|4.70|4.80|4.73|4.87|4.71|4.67|4.67|4.53|4.61|4.55
KARMARKAR           M|01:420:101:20|4.70|4.80|4.73|4.87|4.71|4.67|4.67|4.53|4.61|4.55|5.00|5.00|5.00|5.00|5.00|5.00|5.00|5.00|5.00
GAUDIN              O|01:420:101:30|4.70|4.80|4.73|4.87|4.71|4.67|4.67|4.53|4.61|4.55
ALAMI               MYRIAM|01:420:131:02|4.69|4.73|4.68|4.80|4.83|4.63|4.69|4.69|4.72|4.59|4.50
HASKOVACS           OLIA|01:420:131:10|4.69|4.73|4.68|4.80|4.83|4.63|4.69|4.69|4.72|4.59|4.50
KARMARKAR           MEDHA|01:420:131:20|4.69|4.73|4.68|4.80|4.83|4.63|4.69|4.69|4.72|4.59
ALAMI               MYRIAM|01:420:132:30|4.76|4.71|4.90|4.86|4.60|4.76|4.81|4.81|4.76|4.71
TOUBOUL             CLEMENCE|01:420:210:30|5.00|5.00|4.91|4.91|4.91|4.91|4.82|4.73|4.82|4.80
FLIEGER             JERRY|01:420:213:01|3.96|4.32|4.29|4.59|4.45|4.06|3.86|4.46|4.12|3.80
AUBERT              ANNE|01:420:213:02|3.96|4.32|4.29|4.59|4.45|4.06|3.86|4.46|4.12|3.80
ALLAMAND            CAROLE|01:420:213:30|3.96|4.32|4.29|4.59|4.45|4.06|3.86|4.46|4.12|3.80
SWENSON             JAMES|01:420:214:01|4.19|4.03|3.94|3.94|3.97|3.91|3.88|4.44|3.97|4.00
AUBERT              ANNE|01:420:214:30|4.19|4.03|3.94|3.94|3.97|3.91|3.88|4.44|3.97|4.00
CORNILLIAT          FRANCOIS|01:420:215:01|4.44|4.77|4.56|4.74|4.74|4.46|4.44|4.17|4.47|4.35
FLIEGER             JERRYY|01:420:215:02|4.44|4.77|4.56|4.74|4.74|4.46|4.44|4.17|4.47|4.35
MERHI               VANESSA|01:420:215:30|4.44|4.77|4.56|4.74|4.74|4.46|4.44|4.17|4.47|4.35|5.00
PAIRET              ANA|01:420:216:01|4.63|4.88|4.50|4.71|4.83|4.42|4.54|4.39|4.55|4.41
CORNILLIAT          FRANCOIS|01:420:216:02|4.63|4.88|4.50|4.71|4.83|4.42|4.54|4.39|4.55|4.41
LARRIER|01:420:217:71|4.13|4.13|3.88|4.75|3.88|4.00|4.50|4.00|4.00|4.29
SHAW                MARY|01:420:260:01|4.93|4.87|4.47|4.87|4.87|4.50|4.47|4.14|4.67|4.47
WILLIAMS            ALAN|01:420:305:01|4.73|4.47|4.67|4.40|4.53|4.43|4.47|4.20|4.67|4.47
WILLIAMS            ALAN|01:420:308:01|4.93|4.73|4.79|4.67|4.47|4.50|4.53|4.00|4.73|4.67
DIAMOND             MARIE|01:420:313:01|4.75|5.00|4.88|5.00|5.00|4.88|4.63|4.25|4.75|4.75
DEPREZ              VIVIANE|01:420:333:01|4.29|4.00|4.29|4.71|4.93|4.14|4.29|3.64|3.93|4.00
SPEER               MARY|01:420:341:01|4.86|4.86|4.86|5.00|5.00|4.86|4.86|4.00|4.86|4.86
SCHILLING           DEREK|01:420:392:01|5.00|5.00|4.89|4.89|4.67|4.89|5.00|4.44|5.00|4.88
MACRAE              SHEILA|01:420:401:20|4.17|3.42|3.82|3.67|3.50|3.75|3.75|4.25|3.67|3.75|4.25|4.67
LARRIER             RENEE|01:420:409:20|4.17|4.50|4.67|4.67|3.67|4.00|4.40|3.83|4.50|4.50
BOMBART             MATHILDE|01:420:480:01|5.00|5.00|4.89|5.00|5.00|4.78|4.78|4.00|5.00|4.89
PAIRET              ANA|01:420:481:01|4.38|4.35|4.28|4.56|4.06|3.83|3.65|4.11|3.94|3.78
