OBAYASHI            HIROSHI|01:840:112:01|4.24|3.92|3.98|4.04|3.81|3.59|3.85|3.48|3.80|3.73|4.00
WIGGINS             STEVE|01:840:201:01|4.80|4.67|4.60|4.76|4.77|4.43|4.57|4.24|4.52|4.52
WALLACE             GREGORY|01:840:201:02|4.80|4.67|4.60|4.76|4.77|4.43|4.57|4.24|4.52|4.52
WIGGINS             STEVE|01:840:201:03|4.80|4.67|4.60|4.76|4.77|4.43|4.57|4.24|4.52|4.52
KOLBABA TIA|01:840:202:01|4.45|4.33|4.08|4.50|4.52|4.03|4.24|4.02|4.13|4.09
DARDEN              LYNNE|01:840:202:02|4.45|4.33|4.08|4.50|4.52|4.03|4.24|4.02|4.13|4.09
DARDEN              LYNNE|01:840:202:03|4.45|4.33|4.08|4.50|4.52|4.03|4.24|4.02|4.13|4.09
WALLACE             GREGORY|01:840:202:04|4.45|4.33|4.08|4.50|4.52|4.03|4.24|4.02|4.13|4.09
PAVLIN              JAMES|01:840:203:01|4.74|4.79|4.53|4.79|4.21|3.95|4.68|4.56|4.26|4.32|4.00|1.00
MYLAADIL            THOMAS|01:840:211:01|4.28|4.17|4.21|4.45|4.18|4.02|4.10|3.88|4.00|3.96
DEHGHANI            P|01:840:211:02|4.28|4.17|4.21|4.45|4.18|4.02|4.10|3.88|4.00|3.96
MYLADIL             THOMAS|01:840:211:03|4.28|4.17|4.21|4.45|4.18|4.02|4.10|3.88|4.00|3.96
DEHGHANI            PARVIZ|01:840:211:04|4.28|4.17|4.21|4.45|4.18|4.02|4.10|3.88|4.00|3.96
ZAMANI              AMIR|01:840:212:01|4.53|4.37|4.27|4.42|4.01|3.99|4.21|3.98|4.25|4.26
PAVLIN              JAMES|01:840:212:02|4.53|4.37|4.27|4.42|4.01|3.99|4.21|3.98|4.25|4.26
MCGINLEY            DUGAN|01:840:212:03|4.53|4.37|4.27|4.42|4.01|3.99|4.21|3.98|4.25|4.26
JONES JAMES|01:840:222:01|4.56|4.34|4.00|4.22|3.81|3.38|3.84|3.59|3.81|3.65
JOHNSON             JAMES|01:840:240:01|4.77|4.54|4.38|4.65|4.54|4.27|4.46|3.69|4.44|4.39
KOLBABA TIA|01:840:313:01|4.64|4.95|4.32|4.86|4.18|4.41|4.45|3.36|4.57|4.23
KEARNS              E|01:840:317:01|4.70|4.84|4.72|4.91|4.69|4.53|4.63|4.38|4.64|4.61|5.00
ZAMANI              AMIR|01:840:326:01|4.51|4.50|4.29|4.51|4.63|4.03|4.37|4.51|4.16|4.22
MOJADDEDI           JAWID|01:840:326:02|4.51|4.50|4.29|4.51|4.63|4.03|4.37|4.51|4.16|4.22
TERRONE             A|01:840:337:01|4.35|4.42|3.90|4.42|4.38|3.74|4.24|4.00|4.20|3.97
MOJADDEDI           JAWID|01:840:356:01|4.56|4.63|4.35|4.74|4.56|4.30|4.37|4.22|4.44|4.33
BRYANT              EDWIN|01:840:368:01|4.75|4.73|4.72|4.79|4.63|4.60|4.60|4.11|4.71|4.62|5.00
JONES JAMES|01:840:420:01|5.00|5.00|5.00|4.38|4.50|4.63|4.89|4.50|4.63|4.63
JOHNSON             JAMES|01:840:421:01|4.60|4.60|4.17|4.83|4.33|4.50|4.50|4.00|4.50|4.33
