PERKINS             J|01:615:101:07|4.56|4.43|4.25|4.52|4.28|4.12|4.23|3.42|4.33|4.19
KOEV                T|01:615:101:08|4.56|4.43|4.25|4.52|4.28|4.12|4.23|3.42|4.33|4.19
PERKINS             J|01:615:101:09|4.56|4.43|4.25|4.52|4.28|4.12|4.23|3.42|4.33|4.19
KOEV                T|01:615:101:10|4.56|4.43|4.25|4.52|4.28|4.12|4.23|3.42|4.33|4.19
SCHWEITZER          S|01:615:101:13|4.56|4.43|4.25|4.52|4.28|4.12|4.23|3.42|4.33|4.19|5.00|5.00|5.00
LEE                 J|01:615:201:01|4.54|4.61|4.65|4.66|4.70|4.47|4.52|3.88|4.49|4.47
SCHWEITZER          S|01:615:201:02|4.54|4.61|4.65|4.66|4.70|4.47|4.52|3.88|4.49|4.47|5.00
MANNA               J|01:615:201:03|4.54|4.61|4.65|4.66|4.70|4.47|4.52|3.88|4.49|4.47
LSANCHEZ|01:615:305:01|4.57|4.62|4.33|4.90|4.65|4.19|4.33|3.85|4.38|4.19
MBITTNER|01:615:325:01|4.54|4.31|3.46|4.54|4.31|3.15|3.69|3.62|3.62|3.58
KAWAHARA            S|01:615:451:01|3.88|4.12|4.15|4.35|4.48|3.73|3.88|4.31|3.92|3.85
