MCCROSSIN           EDWARD|01:730:403:01|4.32|4.50|4.43|4.73|4.64|4.27|4.36|3.83|4.27|4.36
MCCROSSIN           EDWARD|01:730:403:01|4.32|4.50|4.43|4.73|4.64|4.27|4.36|3.83|4.27|4.36
FELDER              Sidney|01:730:101:01|4.18|4.45|4.30|4.76|4.82|4.26|4.10|4.03|4.26|4.18|5.00|5.00|5.00|5.00|5.00|5.00|5.00|5.00|5.00
BODANSZKY           Eva|01:730:103:01|4.24|4.25|4.14|4.51|4.24|4.05|3.98|3.88|4.14|4.04
BALDINO ANTHONY|01:730:103:05|4.24|4.25|4.14|4.51|4.24|4.05|3.98|3.88|4.14|4.04
WEATHERSON          Brian|01:730:103:71|4.24|4.25|4.14|4.51|4.24|4.05|3.98|3.88|4.14|4.04
JEHLE               DAVID|01:730:104:02|4.56|4.53|4.31|4.63|4.30|4.25|4.23|3.79|4.44|4.22
JEHLE               DAVID|01:730:104:08|4.56|4.53|4.31|4.63|4.30|4.25|4.23|3.79|4.44|4.22
MCCROSSIN           Edward|01:730:105:02|4.56|4.65|4.58|4.78|4.70|4.43|4.40|3.89|4.48|4.42
DOUARD              John|01:730:105:04|4.56|4.65|4.58|4.78|4.70|4.43|4.40|3.89|4.48|4.42
SMITH               Holly|01:730:108:00|4.68|4.53|4.19|4.51|3.98|3.98|4.02|3.70|4.21|3.99|3.00|2.01|2.58|3.32|4.57|1.00
MATTHEWS            Robert|01:730:201:04|4.25|4.20|3.79|4.44|4.44|3.86|3.86|3.51|4.11|4.00|4.00|3.00|3.50|4.00|3.00|3.00
MAUDLIN             Tim|01:730:208:01|4.55|4.82|4.50|4.45|4.58|4.73|4.50|4.00|4.36|4.36
MAUDLIN             Vishnya|01:730:225:01|4.72|4.33|4.44|4.61|4.33|4.06|4.22|4.17|4.28|4.22
MCMAHAN             Jeff|01:730:249:01|4.57|4.76|4.78|4.81|4.57|4.56|4.59|4.31|4.68|4.59
ZIMMERMAN           DEAN|01:730:297:01|4.17|4.00|4.00|4.75|4.75|3.83|4.00|4.55|4.00|4.00
CODE                Alan|01:730:302:01|4.42|4.20|3.64|4.65|4.65|3.62|3.69|3.50|4.00|4.00
MCCROSSIN           Edward|01:730:308:01|4.23|4.73|4.42|4.84|4.46|4.29|4.20|4.19|4.32|4.23|5.00
REDL                Nina|01:730:312:01|4.53|4.47|4.18|4.65|4.59|4.18|4.00|3.06|4.18|4.12
VANLEEUWEN        DSNeil|01:730:328:01|4.50|4.49|4.42|4.74|4.15|4.32|4.29|4.03|4.50|4.44
ASARO               Peter|01:730:329:01|4.68|4.53|4.37|4.63|4.56|4.42|4.21|4.32|4.53|4.53|4.53|3.95|3.68|5.00
ISRAEL              Jeff|01:730:342:01|4.76|4.82|4.47|4.82|4.82|4.44|4.24|4.13|4.53|4.29
HUSAK               Douglas|01:730:345:01|4.86|4.86|4.77|4.77|4.43|4.82|4.64|4.26|4.82|4.81
KIVY                Peter|01:730:362:01|4.44|3.96|3.88|3.84|4.16|3.72|3.92|3.92|3.96|3.84
BUZALGO            Meir|01:730:375:01|4.29|4.43|4.27|4.85|4.70|4.21|4.07|3.79|4.21|4.07|5.00
ASHBAUGH            Anne|01:730:401:01|4.74|4.68|4.74|4.68|4.50|4.47|4.32|4.42|4.53|4.38
MCCROSSIN           EDWARD|01:730:403:01|4.32|4.50|4.43|4.73|4.64|4.27|4.36|3.83|4.27|4.36
MCCROSSIN           T|01:730:405:01|4.32|4.50|4.43|4.81|4.64|4.27|4.36|3.83|4.27|4.36
DEAN                W|01:730:407:01|4.63|4.42|3.74|4.32|4.26|4.00|3.68|4.16|4.05|3.95
BOLTON              Martha|01:730:416:01|4.70|4.90|4.30|4.91|5.00|4.55|4.40|3.18|4.91|4.50|5.00|5.00|5.00|5.00
EGAN                Frances|01:730:419:01|4.86|4.72|4.48|4.76|4.68|4.38|4.66|3.86|4.61|4.56
MAUDLIN             Timothy|01:730:425:01|4.83|5.00|4.67|4.80|4.50|4.50|4.33|4.50|4.67|4.50
HUSAK               Douglas|01:730:450:01|4.68|4.82|4.70|4.75|4.44|4.50|4.44|4.46|4.77|4.70|5.00
KIVY                Peter|01:730:461:01|4.27|3.80|4.20|4.40|4.13|4.07|4.47|4.20|4.07|4.13
