SPRACHMAN        Paul|01:685:104:01|4.73|4.91|4.91|4.73|4.82|4.82|4.82|4.82|4.64|4.64
TUNAGUR              Ferhan|01:685:106:01|5.00|5.00|5.00|5.00|4.91|5.00|5.00|4.73|5.00|5.00|5.00
ENNAJI              Moha|01:685:127:01|4.49|4.51|4.64|4.57|4.41|4.26|4.47|4.64|4.34|4.29|5.00
SOUEID              John|01:685:127:02|4.49|4.51|4.64|4.57|4.41|4.26|4.47|4.64|4.34|4.29|5.00|5.00
SOUEID              John|01:685:128:01|4.53|4.60|4.70|4.60|4.85|4.55|4.58|4.79|4.70|4.40
ALSIADI             Mohammed|01:685:128:02|4.53|4.60|4.70|4.60|4.85|4.55|4.58|4.79|4.70|4.40
SCHERR               Linda|01:685:200:01|4.90|4.90|4.90|5.00|4.89|4.70|4.40|4.40|5.00|4.75
SPRACHMAN           Paul|01:685:204:01|4.91|5.00|4.90|4.91|4.91|4.91|5.00|4.91|5.00|5.00
HABERL              Charles|01:685:222:01|5.00|5.00|4.89|4.89|4.89|4.89|5.00|5.00|5.00|4.88
ENNAJI                   Moha|01:685:227:01|3.90|4.40|3.90|4.20|4.10|3.50|4.00|4.20|3.70|3.60
ALSIADI             Mohammed|01:685:228:01|4.33|4.33|4.58|4.33|4.18|4.25|4.08|4.75|4.33|4.17
PAVLIN              James|01:685:233:01|4.91|4.73|4.09|4.82|4.36|3.91|4.18|4.73|4.20|4.10
JONES TOBY|01:685:300:01|5.00|5.00|4.80|4.80|5.00|4.80|5.00|5.00|5.00|5.00
ZAMANI              Amir|01:685:326:01|4.38|4.36|4.29|4.50|4.57|4.21|4.29|4.33|4.21|4.14
MOJADDEDI           Jawid|01:685:326:02|4.38|4.36|4.29|4.50|4.57|4.21|4.29|4.33|4.21|4.14
DJABINI             Amir|01:685:330:01|5.00|5.00|5.00|4.97|5.00|5.00|5.00|4.17|5.00|5.00
DJABINI             Amir|01:685:331:01|4.92|5.00|4.96|4.96|4.88|4.96|4.96|4.25|5.00|5.00
DJABINI             Amir|01:685:332:01|5.00|4.96|5.00|4.96|5.00|4.96|4.92|4.56|4.93|5.00
ABDELJABER          Hamid|01:685:345:01|4.75|4.67|4.67|4.64|4.58|4.50|4.67|4.18|4.67|4.67|4.20|4.60
ABDELJABER          Hamid|01:685:346:01|4.83|4.92|4.92|4.92|4.87|4.79|4.96|4.54|4.92|4.87|4.46|4.69
MENDILOW|01:685:352:01|4.54|4.33|4.11|4.63|4.04|3.96|4.44|4.26|4.33|4.30|5.00|5.00|5.00|5.00|5.00|5.00|5.00|5.00|5.00
MOJADDEDI           J|01:685:356:01|4.75|4.50|4.38|4.25|4.43|4.13|4.63|4.38|4.50|4.38
ABDELJABER             Hamid|01:685:385:01|4.45|4.40|4.45|4.68|4.47|4.47|4.58|4.47|4.42|4.42|3.85|4.23
TAREE               Davood|01:685:425:01|3.83|3.92|4.00|3.92|4.00|3.83|4.17|3.92|3.67|3.75
ENNAJI                   Moha|01:685:438:01|4.79|4.64|4.43|4.64|4.86|4.36|4.43|4.57|4.46|4.46
SPRACHMAN           Paul|01:685:490:01|4.75|5.00|5.00|5.00|4.86|4.88|5.00|3.88|5.00|4.88
KHOURY              Hani|01:685:496:06|3.33|3.33|3.67|3.33|3.33|3.00|3.33|3.00|3.67|3.67
SPRACHMAN           Paul|01:685:499:01|4.78|4.79|4.89|4.74|4.30|4.58|4.84|4.33|4.65|4.56
