RUBENSTEIN          H|01:790:101:00|4.39|4.50|4.45|4.59|4.35|4.21|4.33|3.93|4.35|4.26|4.80|4.80|4.50|4.25|4.50|4.50|4.33|4.25|5.00
KUMAR               A|01:790:101:09|4.39|4.50|4.45|4.59|4.35|4.21|4.33|3.93|4.35|4.26
KUMAR               A|01:790:101:15|4.39|4.50|4.45|4.59|4.35|4.21|4.33|3.93|4.35|4.26
KUMAR               A|01:790:101:21|4.39|4.50|4.45|4.59|4.35|4.21|4.33|3.93|4.35|4.26
SOLARI              A|01:790:101:23|4.39|4.50|4.45|4.59|4.35|4.21|4.33|3.93|4.35|4.26|4.80
LICKLIDER           R|01:790:102:00|4.51|4.45|4.21|4.48|4.07|4.05|4.04|4.09|4.22|4.01|3.67|2.73|2.88
BAKER               R|01:790:104:00|4.62|4.57|4.42|4.58|4.51|4.29|4.31|3.96|4.47|4.40
LEVINE              B|01:790:106:01|4.23|4.38|4.26|4.57|4.34|4.12|4.17|4.18|4.15|4.11
BAYKAL              O|01:790:106:03|4.23|4.38|4.26|4.57|4.34|4.12|4.17|4.18|4.15|4.11
PATEL               P|01:790:300:01|4.89|4.88|4.34|4.76|4.79|4.56|4.67|3.26|4.82|4.59
DWORKIN             B|01:790:301:01|4.78|4.65|4.73|4.70|4.70|4.62|4.50|4.61|4.67|4.73|4.67|5.00|5.00|5.00|5.00|5.00|5.00|5.00|5.00
LAU                 R|01:790:303:01|4.08|4.33|3.75|4.42|4.46|3.83|4.21|3.96|3.96|3.83
LEVINE              B|01:790:304:01|3.64|4.20|4.44|4.41|4.46|3.86|3.91|4.11|4.06|4.02
GLASCOCK            J|01:790:305:01|3.78|4.27|4.13|4.50|4.08|3.80|3.80|3.73|3.84|3.78
MAJOR               M|01:790:306:80|4.57|4.39|4.14|4.36|4.18|4.01|4.06|3.91|4.19|4.16
KELEMEN             R|01:790:311:01|4.90|4.74|4.66|4.83|4.57|4.53|4.78|4.22|4.72|4.70
KAUFMAN             R|01:790:312:01|4.41|4.00|3.90|4.15|4.18|3.84|4.14|3.98|3.93|3.97
ROSSI               M|01:790:315:01|4.90|4.78|4.94|4.90|4.74|4.78|4.88|4.37|4.86|4.80|5.00
FIELD               W|01:790:318:01|4.66|4.48|4.56|4.42|4.21|4.34|4.38|3.68|4.48|4.39|5.00|5.00|5.00|5.00|5.00|5.00|5.00|5.00|5.00
MISLAN              D|01:790:319:01|4.66|4.68|4.58|4.64|4.63|4.36|4.50|4.40|4.53|4.52|5.00|5.00|5.00|5.00|5.00|5.00|5.00|5.00|5.00
MISLAN              D|01:790:323:01|4.55|4.58|4.48|4.65|4.32|4.29|4.40|4.39|4.58|4.48
HIGER               A|01:790:324:01|4.48|4.35|4.35|4.43|4.41|4.39|4.52|4.39|4.29|4.29
TEO                 T|01:790:327:01|4.67|4.71|4.35|4.65|4.71|4.15|4.33|4.14|4.50|4.35
REISNER             R|01:790:331:01|4.22|4.04|3.76|3.84|4.27|3.53|3.90|3.69|3.71|3.63
WOLLENBERG          Y|01:790:340:01|4.25|4.42|4.47|4.57|4.40|4.13|4.27|4.18|4.36|4.33|4.67|5.00|5.00|5.00
CHO                 Y|01:790:345:01|4.73|4.47|4.07|4.60|4.36|3.47|4.13|4.00|3.93|4.00
RITTER              J|01:790:349:02|4.71|4.76|4.52|4.76|4.70|4.24|4.22|3.57|4.58|4.44
KUBEY               R|01:790:349:05|4.71|4.76|4.52|4.76|4.70|4.24|4.22|3.57|4.58|4.44
ABDELJABER          H|01:790:351:01|4.70|4.76|4.81|4.86|4.50|4.24|4.81|4.52|4.62|4.67
FAHMY               D|01:790:363:80|4.79|4.71|4.69|4.69|4.77|4.77|4.79|4.79|5.00|5.00|5.00|5.00|5.00|5.00
BOROS               D|01:790:365:01|4.68|4.64|4.68|4.74|4.74|4.56|4.62|3.32|4.74|4.67
MURPHY              A|01:790:375:01|4.81|4.62|4.38|4.79|4.41|4.24|4.35|4.11|4.56|4.43|5.00|4.00|5.00|4.00|5.00|4.00|5.00|4.00
LEVINE              B|01:790:395:01|4.27|4.37|4.35|4.53|4.32|4.15|4.26|3.82|4.28|4.25
RITTER              J|01:790:395:03|4.27|4.37|4.35|4.53|4.32|4.15|4.26|3.82|4.28|4.25
SANBONMATSU         K|01:790:395:08|4.27|4.37|4.35|4.53|4.32|4.15|4.26|3.82|4.28|4.25
SOLARI              A|01:790:395:15|4.27|4.37|4.35|4.53|4.32|4.15|4.26|3.82|4.28|4.25
FLANAGAN            R|01:790:395:20|4.27|4.37|4.35|4.53|4.32|4.15|4.26|3.82|4.28|4.25|5.00
BRONNER             S|01:790:395:22|4.27|4.37|4.35|4.53|4.32|4.15|4.26|3.82|4.28|4.25
MILLER              L|01:790:401:01|4.70|4.76|4.66|4.81|4.39|4.46|4.58|4.17|4.61|4.45
BAKER               R|01:790:428:12|5.00|5.00|5.00|5.00|5.00|5.00|5.00|5.00|5.00|5.00|5.00
FIELD               W|01:790:472:01|4.61|4.69|4.56|4.60|4.36|4.42|4.42|4.26|4.48|4.46|5.00
