PIATEK              S|01:750:109:01|4.48|4.07|4.19|4.15|4.39|3.97|4.13|3.70|4.08|4.07|4.16|4.26|3.88|4.01|4.45|3.61|3.67|3.67|1.00
HUGHES              J|01:750:109:02|4.48|4.07|4.19|4.15|4.39|3.97|4.13|3.70|4.08|4.07|4.16|4.26|3.88|4.01|4.45|3.61
MATILSKY            T|01:750:110:01|4.22|4.38|4.11|4.46|3.92|3.68|3.64|3.64|3.67|3.74|4.85|3.94|3.57|3.83|4.00|4.18
BRAHMIA             S|01:750:115:00|4.61|4.55|4.47|4.55|4.12|4.30|4.15|3.82|4.38|4.29|4.82|3.39|3.79|3.23|4.32|3.46|4.33|5.00|5.00
|01:750:115:71|4.86|4.85|4.78|4.88|4.91|4.78|4.67|4.31|4.84|4.73|4.68|4.60
BARTYNSKI           R|01:750:123:00|4.62|4.07|4.36|4.24|4.12|4.11|3.79|3.87|4.13|4.06|4.86|3.51|3.85|3.44|4.51|3.77|3.22|4.00|4.00
BARTYNSKI           R|01:750:123:00|4.62|4.07|4.36|4.24|4.12|4.11|3.79|3.87|4.13|4.06|4.86|3.51|3.85|3.44|4.51|3.77|3.22|4.00|4.00
KOJIMA              H|01:750:123:04|4.26|4.26|4.02|4.37|4.45|3.92|3.90|3.81|4.08|3.95|4.31|3.47
LEATH               P|01:750:161:00|4.45|4.35|3.81|4.29|4.19|3.58|3.39|2.67|3.61|3.68|4.90|3.10|3.70|3.70|4.13|3.52
KLOET               W|01:750:161:01|4.64|4.59|4.35|4.76|4.81|4.37|4.02|3.22|4.49|4.05|4.87|3.54
GENTILE             M|01:750:193:00|4.48|4.57|4.34|4.76|4.43|4.05|3.93|3.08|4.21|3.93|4.93|2.88|3.29|3.52|3.62|3.61|3.00
GENTILE             M|01:750:193:01|4.47|4.44|4.27|4.63|4.54|4.09|3.86|3.06|4.37|3.81|4.86|3.53
SEGEN               L|01:750:193:02|4.47|4.44|4.27|4.63|4.54|4.09|3.86|3.06|4.37|3.81|4.86|3.53|3.33
CARROLL             K|01:750:193:03|4.47|4.44|4.27|4.63|4.54|4.09|3.86|3.06|4.37|3.81|4.86|3.53|3.33
BARTIROMO           T|01:750:193:04|4.47|4.44|4.27|4.63|4.54|4.09|3.86|3.06|4.37|3.81|4.86|3.53
CARROLL             K|01:750:193:08|4.47|4.44|4.27|4.63|4.54|4.09|3.86|3.06|4.37|3.81|4.86|3.53
GENTILE             M|01:750:193:20|4.44|4.15|4.16|4.51|4.13|4.08|3.85|3.02|4.22|3.77|4.56|3.62|3.48|3.19|3.17|3.63|3.52
BARTIROMO           T|01:750:193:22|4.44|4.15|4.16|4.51|4.13|4.08|3.85|3.02|4.22|3.77|4.56|3.62|3.48|3.19|3.17|3.63|3.52|2.83
VILLASENOR          M|01:750:193:23|4.44|4.15|4.16|4.51|4.13|4.08|3.85|3.02|4.22|3.77|4.56|3.62|3.48|3.19|3.17|3.63|3.52|2.83|1.00
VILLASENOR          M|01:750:193:24|4.44|4.15|4.16|4.51|4.13|4.08|3.85|3.02|4.22|3.77|4.56|3.62|3.48|3.19|3.17|3.63|3.52|2.83
VANNUCCI            M|01:750:193:26|4.44|4.15|4.16|4.51|4.13|4.08|3.85|3.02|4.22|3.77|4.56|3.62|3.48|3.19|3.17|3.63|3.52|2.83
SEGEN               L|01:750:193:27|4.44|4.15|4.16|4.51|4.13|4.08|3.85|3.02|4.22|3.77|4.56|3.62|3.48|3.19|3.17|3.63|3.52|2.83
ROBINSON            S|01:750:193:28|4.44|4.15|4.16|4.51|4.13|4.08|3.85|3.02|4.22|3.77|4.56|3.62|3.48|3.19|3.17|3.63|3.52
CARROLL             K|01:750:193:30|4.44|4.15|4.16|4.51|4.13|4.08|3.85|3.02|4.22|3.77|4.56|3.62|3.48|3.19|3.17|3.63|3.52
BRAHMIA             B|01:750:202:00|4.99|4.92|4.93|4.93|4.93|4.86|4.80|4.18|4.92|4.78|4.85|4.03|4.22|4.54|4.86|3.97
HORTON              G|01:750:203:00|4.32|4.19|4.30|4.57|4.25|4.02|4.03|3.40|3.97|3.86|4.66|4.11|3.95|3.79|4.46|3.79
HORTON              G|01:750:203:00|4.32|4.19|4.30|4.57|4.25|4.02|4.03|3.40|3.97|3.86|4.66|4.11|3.95|3.79|4.46|3.79
MIALITSIN           A|01:750:203:02|4.53|4.37|4.22|4.51|4.49|4.20|4.18|3.57|4.33|4.04|4.13|4.88
BLUMBERG            G|01:750:203:03|4.53|4.37|4.22|4.51|4.49|4.20|4.18|3.57|4.33|4.04|4.13
BLUMBERG            G|01:750:203:06|4.53|4.37|4.22|4.51|4.49|4.20|4.18|3.57|4.33|4.04|4.13
ZIMMERMAN           F|01:750:203:08|4.53|4.37|4.22|4.51|4.49|4.20|4.18|3.57|4.33|4.04|4.13|4.88
BLUMBERG            G|01:750:203:09|4.53|4.37|4.22|4.51|4.49|4.20|4.18|3.57|4.33|4.04|4.13|4.88|5.00|5.00
BLUMBERG            G|01:750:203:11|4.53|4.37|4.22|4.51|4.49|4.20|4.18|3.57|4.33|4.04|4.13
MIALITSIN           A|01:750:203:12|4.53|4.37|4.22|4.51|4.49|4.20|4.18|3.57|4.33|4.04|4.13
SLUSKY              S|01:750:203:16|4.53|4.37|4.22|4.51|4.49|4.20|4.18|3.57|4.33|4.04|4.13|4.88
SLUSKY              S|01:750:203:17|4.53|4.37|4.22|4.51|4.49|4.20|4.18|3.57|4.33|4.04|4.13
SLUSKY              S|01:750:203:18|4.53|4.37|4.22|4.51|4.49|4.20|4.18|3.57|4.33|4.04|4.13
CROFT               M|01:750:204:00|4.39|4.61|4.39|4.70|4.74|4.13|4.13|3.87|4.29|4.14|4.95|3.79|4.00|4.32|4.63|3.67
MIALITSIN           A|01:750:204:08|4.24|3.95|3.63|4.12|4.18|3.55|3.54|3.13|3.75|3.64|4.17
DAYARIAN            A|01:750:205:01|4.14|4.10|3.99|4.29|4.21|3.87|3.78|3.44|4.03|3.77|3.90|3.76|3.78|3.43|2.71|3.36|3.28
ZIYATDINOV          I|01:750:205:02|4.14|4.10|3.99|4.29|4.21|3.87|3.78|3.44|4.03|3.77|3.90|3.76|3.78|3.43|2.71|3.36|3.28|3.94
VYAS                V|01:750:205:06|4.14|4.10|3.99|4.29|4.21|3.87|3.78|3.44|4.03|3.77|3.90|3.76|3.78|3.43|2.71|3.36|3.28|3.94|4.14
REVO                A|01:750:205:07|4.14|4.10|3.99|4.29|4.21|3.87|3.78|3.44|4.03|3.77|3.90|3.76|3.78|3.43|2.71|3.36|3.28
VYAS                V|01:750:205:09|4.14|4.10|3.99|4.29|4.21|3.87|3.78|3.44|4.03|3.77|3.90|3.76|3.78|3.43|2.71|3.36|3.28|3.94|4.14
VYAS                V|01:750:205:10|4.14|4.10|3.99|4.29|4.21|3.87|3.78|3.44|4.03|3.77|3.90|3.76|3.78|3.43|2.71|3.36|3.28|3.94
GUPTA               L|01:750:205:13|4.14|4.10|3.99|4.29|4.21|3.87|3.78|3.44|4.03|3.77|3.90|3.76|3.78|3.43|2.71|3.36|3.28|3.94
TONDE               C|01:750:205:14|4.14|4.10|3.99|4.29|4.21|3.87|3.78|3.44|4.03|3.77|3.90|3.76|3.78|3.43|2.71|3.36|3.28
SHAH                R|01:750:205:18|4.14|4.10|3.99|4.29|4.21|3.87|3.78|3.44|4.03|3.77|3.90|3.76|3.78|3.43|2.71|3.36|3.28
GREENBLATT          R|01:750:205:20|4.14|4.10|3.99|4.29|4.21|3.87|3.78|3.44|4.03|3.77|3.90|3.76|3.78|3.43|2.71|3.36|3.28
GREENBLATT          R|01:750:205:21|4.14|4.10|3.99|4.29|4.21|3.87|3.78|3.44|4.03|3.77|3.90|3.76|3.78|3.43|2.71|3.36|3.28|3.94|4.14
MYSOREAMANULLA      A|01:750:205:22|4.14|4.10|3.99|4.29|4.21|3.87|3.78|3.44|4.03|3.77|3.90|3.76|3.78|3.43|2.71|3.36|3.28
MYSOREAMANULLA|01:750:205:23|4.14|4.10|3.99|4.29|4.21|3.87|3.78|3.44|4.03|3.77|3.90|3.76|3.78|3.43|2.71|3.36|3.28
ZIYATDINOV          I|01:750:205:25|4.14|4.10|3.99|4.29|4.21|3.87|3.78|3.44|4.03|3.77|3.90|3.76|3.78|3.43|2.71|3.36|3.28
TONDE               C|01:750:205:26|4.14|4.10|3.99|4.29|4.21|3.87|3.78|3.44|4.03|3.77|3.90|3.76|3.78|3.43|2.71|3.36|3.28|3.94
REVO                A|01:750:205:27|4.14|4.10|3.99|4.29|4.21|3.87|3.78|3.44|4.03|3.77|3.90|3.76|3.78|3.43|2.71|3.36|3.28|3.94
GUPTA               L|01:750:205:28|4.14|4.10|3.99|4.29|4.21|3.87|3.78|3.44|4.03|3.77|3.90|3.76|3.78|3.43|2.71|3.36|3.28|3.94
ALBA                G|01:750:206:01|4.20|4.06|3.88|4.18|4.40|3.87|3.77|3.17|4.03|3.78|3.82|3.60|3.47|3.26|2.75|3.31|3.32|3.67
TADEPALLI           M|01:750:206:02|4.20|4.06|3.88|4.18|4.40|3.87|3.77|3.17|4.03|3.78|3.82|3.60|3.47|3.26|2.75|3.31|3.32|3.67
REVO                A|01:750:206:03|4.20|4.06|3.88|4.18|4.40|3.87|3.77|3.17|4.03|3.78|3.82|3.60|3.47|3.26|2.75|3.31|3.32
TADEPALLI           M|01:750:206:04|4.20|4.06|3.88|4.18|4.40|3.87|3.77|3.17|4.03|3.78|3.82|3.60|3.47|3.26|2.75|3.31|3.32|3.67|5.00
TADEPALLI           M|01:750:206:06|4.20|4.06|3.88|4.18|4.40|3.87|3.77|3.17|4.03|3.78|3.82|3.60|3.47|3.26|2.75|3.31|3.32
VIJAYAKUMAR         V|01:750:206:08|4.20|4.06|3.88|4.18|4.40|3.87|3.77|3.17|4.03|3.78|3.82|3.60|3.47|3.26|2.75|3.31|3.32
TADEPALLI           M|01:750:206:09|4.20|4.06|3.88|4.18|4.40|3.87|3.77|3.17|4.03|3.78|3.82|3.60|3.47|3.26|2.75|3.31|3.32|3.67
SURYAWANSHI         R|01:750:206:11|4.20|4.06|3.88|4.18|4.40|3.87|3.77|3.17|4.03|3.78|3.82|3.60|3.47|3.26|2.75|3.31|3.32
RABE                K|01:750:227:00|4.06|3.96|3.70|4.23|4.15|3.55|3.64|3.55|3.61|3.67|4.58|4.02|3.95|3.11|3.94|3.60
RABE                K|01:750:227:00|4.06|3.96|3.70|4.23|4.15|3.55|3.64|3.55|3.61|3.67|4.58|4.02|3.95|3.11|3.94|3.60|4.33
ZAMICK              L|01:750:227:01|4.05|3.94|3.70|4.27|4.39|3.70|3.77|3.71|3.87|3.76|4.01
ZAMICK              L|01:750:227:02|4.05|3.94|3.70|4.27|4.39|3.70|3.77|3.71|3.87|3.76|4.01|3.33|3.33|4.67
COLEMAN             P|01:750:227:11|4.05|3.94|3.70|4.27|4.39|3.70|3.77|3.71|3.87|3.76|4.01
ZAMICK              L|01:750:227:12|4.05|3.94|3.70|4.27|4.39|3.70|3.77|3.71|3.87|3.76|4.01|3.33|3.33|4.67|4.00|4.00|4.00|4.00|4.00
ZAMICK              L|01:750:227:18|4.05|3.94|3.70|4.27|4.39|3.70|3.77|3.71|3.87|3.76|4.01
GULIANI             A|01:750:229:05|4.24|4.20|3.95|4.38|4.43|3.98|3.71|3.71|4.04|3.79|3.62|3.72|3.87|3.58|2.79|3.39|3.31|4.75|5.00
SURYAWANSHI         R|01:750:229:09|4.24|4.20|3.95|4.38|4.43|3.98|3.71|3.71|4.04|3.79|3.62|3.72|3.87|3.58|2.79|3.39|3.31
GULIANI             A|01:750:229:13|4.24|4.20|3.95|4.38|4.43|3.98|3.71|3.71|4.04|3.79|3.62|3.72|3.87|3.58|2.79|3.39|3.31
VIJAYARAGHAVAN      V|01:750:229:15|4.24|4.20|3.95|4.38|4.43|3.98|3.71|3.71|4.04|3.79|3.62|3.72|3.87|3.58|2.79|3.39|3.31
SURYAWANSHI         R|01:750:229:16|4.24|4.20|3.95|4.38|4.43|3.98|3.71|3.71|4.04|3.79|3.62|3.72|3.87|3.58|2.79|3.39|3.31|4.75|5.00
VIJAYARAGHAVAN      V|01:750:229:23|4.24|4.20|3.95|4.38|4.43|3.98|3.71|3.71|4.04|3.79|3.62|3.72|3.87|3.58|2.79|3.39|3.31|4.75
BERGMAN             D|01:750:271:00|3.76|3.57|3.19|4.06|4.44|3.07|3.44|3.75|3.04|3.40|4.54|3.34|4.02|3.40|3.96|3.90|5.00
IYER                Y|01:750:271:74|4.29|4.50|4.55|4.64|4.39|4.24|4.26|3.83|4.27|3.97|4.71|5.00
KALELKAR            M|01:750:273:00|4.97|4.90|4.95|4.95|4.97|4.92|4.95|4.62|4.92|4.87|4.92|3.08|4.59|3.95|4.39|3.92|5.00|5.00|5.00
THOMSON             G|01:750:275:01|4.62|4.58|4.17|4.81|4.83|4.31|3.79|3.68|4.52|4.03|4.97|4.11|4.20|3.42|2.27|3.18|3.52|5.00|3.00
THOMSON             G|01:750:275:02|4.62|4.58|4.17|4.81|4.83|4.31|3.79|3.68|4.52|4.03|4.97|4.11|4.20|3.42|2.27|3.18|3.52
DIACONESCU          E|01:750:305:01|4.73|4.64|4.09|4.73|4.56|3.73|3.36|3.73|3.91|3.82|4.55|2.91|3.73|4.00|3.10
GERSHENSON          M|01:750:313:01|4.60|4.53|4.20|4.80|4.60|4.27|4.60|4.00|4.33|4.20|4.71|4.43|4.29|4.36|3.88
MEKJIAN             A|01:750:323:01|4.38|4.59|4.14|4.55|4.50|4.33|4.50|4.36|4.43|4.18|4.81|3.05|3.11|3.74|4.00|3.64|3.00|3.00|3.00
MEKJIAN             A|01:750:323:02|4.38|4.59|4.14|4.55|4.50|4.33|4.50|4.36|4.43|4.18|4.81|3.05|3.11|3.74|4.00|3.64
MEKJIAN             A|01:750:324:02|3.00|3.00|3.00|4.50|3.50|2.00|2.00|3.50|3.50|1.00|3.50|2.50|1.00|1.50|3.00
PODZOROV            V|01:750:326:00|4.58|4.29|3.46|4.61|4.30|3.50|3.92|3.61|4.09|3.91|4.57|3.74|3.14|3.05|3.47
GREENBLATT          R|01:750:326:02|4.67|4.58|3.94|4.71|4.15|4.15|4.12|3.64|4.38|3.79|4.79|3.88|3.67|2.94|2.44|3.52|3.67|4.00
PODROZOV            V|01:750:326:03|4.67|4.58|3.94|4.71|4.15|4.15|4.12|3.64|4.38|3.79|4.79|3.88|3.67|2.94|2.44|3.52|3.67
JHA                 S|01:750:341:01|4.81|4.62|4.50|4.69|4.35|4.23|4.50|4.19|4.62|4.42|4.92|3.35|4.13|4.58|3.65|3.00
WILLIAMS            T|01:750:344:01|4.83|4.67|4.58|4.73|4.75|4.25|4.42|4.75|4.67|4.33|5.00|3.67|4.33|4.33|3.40
HALKIADAKIS         E|01:750:361:01|4.85|4.55|4.00|4.89|4.50|4.11|4.63|4.32|4.45|4.30|5.00|3.85|4.55|4.65|3.88
LATH                A|01:750:381:01|4.60|4.30|4.43|4.27|4.62|4.27|4.45|4.83|4.34|4.38|5.00|4.62|4.34|4.38|3.27|3.00
YUZBASHYAN          E|01:750:385:01|4.19|4.35|4.11|4.48|3.79|3.70|4.10|3.90|4.10|3.85|4.50|4.30|3.85|4.10|5.00|3.33|4.00
ANDREI             E|01:750:387:01|4.14|4.00|4.00|4.13|4.25|3.86|4.00|3.50|4.29|3.71|5.00|3.38|2.57|3.00|2.86|3.75|3.88|1.00|1.00
ANDREI              E|01:750:389:01|4.50|4.75|4.00|4.25|3.67|3.75|4.00|3.50|4.00|3.75|4.75|4.00|4.00|3.25|4.25|4.00|3.50
OH                  S|01:750:417:01|3.43|3.64|3.00|4.21|3.71|2.64|3.07|4.29|2.93|3.07|3.62|4.38|3.08|3.85|4.46
PRYOR               C|01:750:444:01|4.89|4.67|4.11|4.78|4.44|4.33|4.33|4.56|4.44|4.56|4.89|4.44|4.22|4.33|4.00|3.38
