ATCHISON            GABRIEL|01:014:107:01|3.72|4.06|4.06|4.28|4.11|3.88|3.82|3.88|3.94|3.94
JACKSONBREWER|01:014:206:01|4.10|4.30|4.52|4.19|4.30|4.18|4.41|4.30|4.24|4.18
BETHEL              L|01:014:255:01|4.33|4.47|4.53|4.55|4.59|4.27|4.21|4.10|4.24|4.31
BUTLER              KIM|01:014:258:01|4.92|4.77|4.85|4.92|4.77|4.62|4.62|4.15|4.92|4.69|5.00|1.00
ATCHISON            G|01:014:276:01|4.06|4.22|4.41|4.28|4.44|4.39|4.44|4.31|4.24|4.40
GRIER               APRIL|01:014:304:01|4.56|4.47|4.75|4.79|4.73|4.57|4.79|4.73|4.62|4.64|5.00|5.00|5.00
KHAN                K|01:014:347:01|4.38|4.10|4.57|4.19|4.00|4.27|4.38|3.75|4.10|4.11|5.00|5.00
TATE                G|01:014:353:01|4.97|4.94|4.90|4.94|4.97|4.93|4.90|4.47|4.90|4.87
TATE                G|01:014:362:01|5.00|4.95|5.00|4.90|4.90|4.75|4.90|4.52|4.95|4.76|4.00|5.00
BETHEL              L|01:014:369:01|4.14|4.55|4.38|4.66|4.46|4.17|4.07|3.89|4.29|4.15|5.00|5.00|5.00|5.00|5.00|5.00|5.00|5.00|5.00
BUTLER              KIM|01:014:410:01|4.73|4.64|5.00|5.00|4.55|4.73|4.73|4.27|4.55|4.58
