KOENICK             R|01:988:101:01|4.44|4.46|4.45|4.51|4.34|4.25|4.19|3.55|4.28|4.21|4.82|4.67|4.58|4.80|4.80|4.75|4.75|4.75|4.60
RODGERS             Y|01:988:101:06|4.44|4.46|4.45|4.51|4.34|4.25|4.19|3.55|4.28|4.21
FERGUSON            JANNA|01:988:101:10|4.44|4.46|4.45|4.51|4.34|4.25|4.19|3.55|4.28|4.21
KOENICK             R|01:988:101:12|4.44|4.46|4.45|4.51|4.34|4.25|4.19|3.55|4.28|4.21|4.82
SHIVERS             KAIA|01:988:130:01|4.32|4.27|4.28|4.39|4.33|4.04|3.83|2.94|4.19|3.78
SCHANTZ             D|01:988:130:05|4.32|4.27|4.28|4.39|4.33|4.04|3.83|2.94|4.19|3.78
CATCHING            C|01:988:130:08|4.32|4.27|4.28|4.39|4.33|4.04|3.83|2.94|4.19|3.78|5.00|5.00
JESIONKA            N|01:988:130:09|4.32|4.27|4.28|4.39|4.33|4.04|3.83|2.94|4.19|3.78
TANER               S|01:988:130:11|4.32|4.27|4.28|4.39|4.33|4.04|3.83|2.94|4.19|3.78|5.00|5.00
ADDISONBRITTO|01:988:130:12|4.32|4.27|4.28|4.39|4.33|4.04|3.83|2.94|4.19|3.78|4.67
SHIN                Y|01:988:130:13|4.32|4.27|4.28|4.39|4.33|4.04|3.83|2.94|4.19|3.78
GUERRERO            S|01:988:130:14|4.32|4.27|4.28|4.39|4.33|4.04|3.83|2.94|4.19|3.78
REYES               M|01:988:130:16|4.32|4.27|4.28|4.39|4.33|4.04|3.83|2.94|4.19|3.78|4.67|5.00|5.00
RIZZO               D|01:988:130:17|4.32|4.27|4.28|4.39|4.33|4.04|3.83|2.94|4.19|3.78|4.67|5.00|5.00|5.00|5.00
LEWIS               A|01:988:130:18|4.32|4.27|4.28|4.39|4.33|4.04|3.83|2.94|4.19|3.78
RODGERS             Y|01:988:160:01|4.96|4.89|4.89|4.92|4.81|4.65|4.74|4.08|4.80|4.72
JACKSONBREWER       KARLA|01:988:235:01|4.47|4.74|4.59|4.71|4.24|4.50|4.38|3.91|4.48|4.33
SCHUSTER            SHERRIL|01:988:272:01|4.00|3.09|3.09|3.20|3.45|2.73|3.45|3.36|3.20|3.00
BIRCKMAYER          K|01:988:299:01|4.33|4.54|4.38|4.46|4.33|4.54|4.08|4.33|4.62|4.46
PUAR                J|01:988:302:01|4.86|4.67|4.67|4.67|4.67|4.43|4.52|3.75|4.57|4.52|5.00
RAJAN               J|01:988:303:01|4.96|4.92|4.91|4.96|4.74|4.79|4.75|4.43|4.87|4.83
CARTER              R|01:988:307:01|4.24|4.14|3.82|4.07|4.00|3.41|4.14|3.93|3.82|3.64|3.00|3.00|3.00|3.00|3.00|3.00|3.00
DIAMOND             M|01:988:313:01|4.50|5.00|4.75|5.00|5.00|4.75|5.00|4.00|5.00|4.75
SONJA               THOMAS|01:988:318:01|4.73|4.53|4.37|4.60|4.37|4.20|4.13|3.50|4.47|4.28|5.00|5.00|5.00
GERSON              JUDITH|01:988:324:01|4.00|3.67|3.67|3.67|3.83|3.33|3.17|3.50|4.00|4.00
RAJAN               J|01:988:329:01|4.88|4.72|4.92|4.92|4.42|4.85|4.68|4.46|4.73|4.68|5.00|5.00|5.00|5.00|5.00|5.00|5.00|5.00
PUAR                J|01:988:338:01|4.48|4.57|4.61|4.35|3.92|3.86|4.48|4.09|4.14|4.09|3.50|2.50|3.50|1.00|3.00|5.00
VALENTI             JESSICA|01:988:341:01|4.88|4.94|4.94|4.93|4.94|4.94|5.00|4.40|4.88|4.94|5.00|5.00
HARTMAN             M|01:988:344:01|4.35|4.59|4.47|4.41|4.41|4.29|4.29|4.41|4.29|4.06
MAITRA              I|01:988:347:01|5.00|5.00|5.00|5.00|5.00|4.60|4.40|5.00|5.00|4.50
SCHUSTER            S|01:988:354:01|3.40|2.60|3.60|3.00|2.70|2.90|4.00|3.90|2.80|3.22
DEKOVEN             M|01:988:364:01|3.40|3.80|3.20|3.80|3.80|3.60|3.40|3.20|3.00|3.40|2.00|1.00|3.00|4.00|3.00|4.00
BOROS               DIANA|01:988:365:01|4.67|5.00|4.67|5.00|4.67|4.33|5.00|3.33|4.67|4.67
HODGSON             D|01:988:379:01|4.50|4.33|4.33|4.00|3.50|3.67|4.00|2.83|3.83|3.67
ELLIS               KATHERINE|01:988:382:01|4.50|4.00|4.00|4.50|3.50|4.50|4.50|4.00|4.00|4.00|4.00|4.00|4.00|4.00|4.50|4.00
KING                A|01:988:383:01|4.86|5.00|4.86|4.86|5.00|4.86|4.86|4.29|4.86|4.71
GARRISON            J|01:988:388:01|4.33|4.33|4.33|4.33|3.33|4.00|3.67|3.00|3.67|3.67
GROSZ               E|01:988:392:01|4.93|5.00|5.00|5.00|5.00|4.80|5.00|4.13|5.00|4.93|5.00
KOREN|01:988:396:01|4.17|4.67|4.50|4.55|4.50|4.25|4.17|4.17|4.33|4.33
IVERSON             H|01:988:396:02|4.17|4.67|4.50|4.55|4.50|4.25|4.17|4.17|4.33|4.33|5.00
DANIELS             C|01:988:428:01|4.88|4.84|4.81|4.83|4.76|4.59|4.66|4.26|4.67|4.60|5.00
BROOKS              E|01:988:491:01|4.60|4.80|4.93|5.00|5.00|4.86|4.87|4.00|4.87|4.80
RAJAN               J|01:988:497:01|4.86|4.86|4.57|5.00|5.00|4.86|4.71|4.86|4.71|4.71
