MOSHENBERG          ORLY|01:563:101:01|4.34|4.28|4.69|4.00|4.36|4.45|4.66|4.48|4.34|4.31|5.00|5.00|5.00|5.00|5.00|5.00|5.00|5.00|5.00
LEVY                LILY|01:563:101:02|4.34|4.28|4.69|4.00|4.36|4.45|4.66|4.48|4.34|4.31
BRYNNOIMAN          EDNA|01:563:102:01|4.35|4.06|4.47|4.41|4.65|4.12|4.53|4.47|4.18|4.29
MOSHENBER           ORLY|01:563:102:02|4.35|4.06|4.47|4.41|4.65|4.12|4.53|4.47|4.18|4.29
PORTNOY             EDWARD|01:563:103:01|4.50|5.00|5.00|5.00|4.86|5.00|5.00|4.86|4.71|4.86
LEVY                L|01:563:131:01|4.95|4.90|4.80|4.80|4.85|4.90|4.90|4.90|4.80|4.75
RENDSBURG           G|01:563:201:01|4.29|4.39|4.42|4.55|3.92|4.06|4.24|3.68|4.24|4.12
BRYNNOIMAN          EDNA|01:563:211:01|4.38|4.50|4.38|4.50|4.00|4.13|3.88|4.00|3.75|3.88
YADIN|01:563:241:01|4.67|4.69|4.44|4.71|4.60|4.31|4.25|4.20|4.63|4.44
REDL                NINA|01:563:311:01|4.60|4.73|4.13|4.60|4.67|4.07|4.47|3.67|4.47|4.27
KOREN               I|01:563:321:01|4.45|4.00|3.82|3.55|3.45|3.36|3.36|3.91|3.55|3.64|5.00
Stauber             Roni|01:563:343:01|4.78|4.78|4.78|4.78|4.56|4.78|5.00|4.67|4.89|4.78
SHANDLER            JEFFREY|01:563:383:01|4.77|4.69|4.31|4.54|4.54|3.75|3.92|4.00|4.18|4.27|5.00|5.00|5.00|5.00|5.00|5.00|5.00|5.00|5.00
PORTNOY             E|01:563:386:01|5.00|5.00|4.63|4.88|4.63|4.38|4.50|4.38|4.63|4.50
TARTAKOFF           PAOLA|01:563:388:01|4.88|4.85|4.81|4.93|4.81|4.81|4.78|4.31|4.81|4.77
SINKOFF             NANCY|01:563:389:01|4.20|4.00|4.20|3.80|4.60|4.00|4.40|3.50|3.60|4.00
Stauber             Roni|01:563:395:01|2.50|2.00|2.25|2.25|2.50|2.50|2.00|3.50|3.00|3.00
SINKOFF             NANCY|01:563:396:01|5.00|4.00|5.00|5.00|4.00|4.67|4.67|3.67|4.33|4.67
BRYNNOIMAN          E|01:563:471:01|4.88|4.88|4.88|4.88|4.50|4.63|4.63|4.38|4.63|4.75
