RODRIGUEZ           ROBYN|01:920:101:00|4.41|4.30|4.33|4.50|4.34|4.17|4.10|3.78|4.22|4.19|4.42|4.25|4.27|4.73|4.78|5.00|5.00|5.00|5.00
CLARK               LEE|01:920:101:00|4.41|4.30|4.33|4.50|4.34|4.17|4.10|3.78|4.22|4.19|4.42|4.25|4.27|4.73|4.78|5.00|5.00|5.00|5.00
GONDAL              NEHA|01:920:101:18|4.41|4.30|4.33|4.50|4.34|4.17|4.10|3.78|4.22|4.19|4.42|4.25|4.27|4.73|4.78|5.00|5.00|5.00
CLARKE              LEE|01:920:101:24|4.41|4.30|4.33|4.50|4.34|4.17|4.10|3.78|4.22|4.19|4.42|4.25
MCDOWELL            DOUGLAS|01:920:101:26|4.41|4.30|4.33|4.50|4.34|4.17|4.10|3.78|4.22|4.19
WILHELMS            JEFF|01:920:101:27|4.41|4.30|4.33|4.50|4.34|4.17|4.10|3.78|4.22|4.19
SMITH               DENA|01:920:103:03|4.70|4.60|4.22|4.52|4.21|4.09|4.16|3.68|4.33|4.20
HARVEY              DAINA|01:920:103:05|4.70|4.60|4.22|4.52|4.21|4.09|4.16|3.68|4.33|4.20|5.00
KOVACS              MARY|01:920:108:01|3.72|3.63|3.52|3.71|3.56|3.25|3.38|3.45|3.38|3.37
LEE                 CATHERINE|01:920:108:03|3.72|3.63|3.52|3.71|3.56|3.25|3.38|3.45|3.38|3.37
HANSELL             STEPHEN|01:920:210:01|4.88|4.70|4.75|4.78|4.62|4.45|4.67|4.01|4.70|4.58
MCDOWELL            DOUGLAS|01:920:218:01|4.52|4.45|4.47|4.57|4.45|4.28|4.32|3.99|4.46|4.40|5.00|5.00|5.00|5.00|5.00|5.00|5.00|5.00|5.00
COVINGTON           JEAN ETTE|01:920:222:01|4.51|4.30|4.10|4.13|4.16|3.68|4.00|3.83|3.94|3.91
CARR                P|01:920:222:04|4.51|4.30|4.10|4.13|4.16|3.68|4.00|3.83|3.94|3.91
HIRSCHFIELD         PAUL|01:920:222:07|4.51|4.30|4.10|4.13|4.16|3.68|4.00|3.83|3.94|3.91
SMITH               D RANDALL|01:920:248:01|4.36|4.18|3.71|4.38|4.19|3.28|3.72|3.50|3.81|3.57|5.00|5.00|5.00|5.00
SPRINGER KRISTEN|01:920:272:01|4.69|4.46|3.90|4.46|4.52|3.87|4.12|3.86|4.17|4.03
MISCHE              ANN|01:920:280:01|4.46|4.56|4.26|4.55|4.15|4.00|4.13|3.33|4.15|3.97
SINGLETON           ALENA|01:920:283:01|4.30|4.43|4.35|4.60|4.22|4.10|4.06|3.76|4.34|4.40|3.00
MCLEAN              PAUL|01:920:292:01|4.46|4.33|4.32|4.56|4.13|3.64|3.41|3.18|4.05|3.46
BODNARDEREN         SUSAN|01:920:303:01|4.86|4.91|4.82|4.96|4.95|4.82|4.71|4.24|4.86|4.81
MUCEN               BARIS|01:920:304:06|3.89|3.77|3.82|4.05|4.02|3.56|3.78|3.91|3.65|3.75
SINGH               SOURABH|01:920:304:07|3.89|3.77|3.82|4.05|4.02|3.56|3.78|3.91|3.65|3.75
DOWD                JEFFREY|01:920:306:01|3.67|3.69|3.60|3.63|3.58|3.18|3.25|3.50|3.37|3.33
WINEBERG            HOWARD|01:920:306:04|3.67|3.69|3.60|3.63|3.58|3.18|3.25|3.50|3.37|3.33|4.00|4.00
DINZEYFLORES        ZAIRE|01:920:306:05|3.67|3.69|3.60|3.63|3.58|3.18|3.25|3.50|3.37|3.33
ROSENFIELD          SARAH|01:920:307:01|3.95|4.31|4.25|4.50|4.35|3.81|3.92|3.94|3.96|3.96
CARELLI             LINDA|01:920:307:02|3.95|4.31|4.25|4.50|4.35|3.81|3.92|3.94|3.96|3.96|1.00|5.00
FRIEDMAN            JUDITH|01:920:311:00|4.21|4.17|3.86|4.19|4.19|3.78|3.67|3.01|3.90|3.80
PHILLIPS            JULIE|01:920:311:00|4.21|4.17|3.86|4.19|4.19|3.78|3.67|3.01|3.90|3.80
BOROCZ              JOZSEF|01:920:313:00|4.42|4.31|4.00|4.34|3.97|3.85|4.00|3.44|4.05|3.92
MITCHELL            ELIZABETH|01:920:313:00|4.42|4.31|4.00|4.34|3.97|3.85|4.00|3.44|4.05|3.92
LU WENBO|01:920:313:01|4.42|4.31|4.00|4.34|3.97|3.85|4.00|3.44|4.05|3.92
LU WENBO|01:920:313:02|4.42|4.31|4.00|4.34|3.97|3.85|4.00|3.44|4.05|3.92
LAPOINTE            ELEANOR|01:920:313:12|4.42|4.31|4.00|4.34|3.97|3.85|4.00|3.44|4.05|3.92
MISCHE              ANN|01:920:314:00|4.26|4.24|4.02|4.39|4.17|3.87|3.94|3.51|3.96|3.94|3.00|3.00
MITCHELL            ELIZABETH|01:920:314:00|4.26|4.24|4.02|4.39|4.17|3.87|3.94|3.51|3.96|3.94
WILLIAMS            RICHARD|01:920:314:00|4.26|4.24|4.02|4.39|4.17|3.87|3.94|3.51|3.96|3.94
SINGH               SOURABH|01:920:314:07|4.26|4.24|4.02|4.39|4.17|3.87|3.94|3.51|3.96|3.94
SINGH               SOURABH|01:920:314:08|4.26|4.24|4.02|4.39|4.17|3.87|3.94|3.51|3.96|3.94
CARR                DEBORAH|01:920:319:01|5.00|5.00|4.65|4.96|4.79|4.71|4.63|4.58|4.87|4.64
GERSON              ARON|01:920:324:01|2.52|2.93|2.74|3.37|3.85|2.48|2.54|3.63|2.04|2.15
MCDOWELL            DOUGLAS|01:920:349:01|4.47|4.53|4.33|4.45|4.46|4.16|4.07|3.71|4.28|4.11
SCHUSTER            SHERRIL|01:920:354:01|4.04|3.65|4.17|3.63|3.45|3.43|4.54|3.50|3.67|3.96
SCHUSTER            SHERRIL|01:920:354:80|4.04|3.65|4.17|3.63|3.45|3.43|4.54|3.50|3.67|3.96
COVINGTON           JEANNETTE|01:920:361:01|4.12|3.40|3.58|3.50|2.92|2.83|3.44|4.39|3.04|3.17
MCLEAN              PAUL|01:920:375:01|3.96|4.40|4.31|4.36|4.08|3.88|4.00|3.46|4.08|3.92
BOROCZ              JOZSEF|01:920:393:01|4.06|3.88|4.44|3.88|3.71|3.56|3.87|3.71|3.60|3.80|5.00|5.00
WINEBERG            HOWARD|01:920:410:01|2.93|3.18|3.38|3.31|3.50|3.25|3.13|3.63|3.19|3.13
WILLIAMS            RICHARD|01:920:422:01|4.31|4.12|4.15|4.12|4.41|3.81|4.08|3.52|4.04|3.92
SMITH               D RANDALL|01:920:422:02|4.31|4.12|4.15|4.12|4.41|3.81|4.08|3.52|4.04|3.92
FRIEDMAN            JUDITH|01:920:428:01|3.65|4.05|4.05|4.25|3.65|3.45|3.55|3.40|3.70|3.70
PARELIUS            R|01:920:462:01|4.38|4.22|4.13|4.00|4.00|3.88|3.86|3.63|4.00|3.86
