ZIMMERMANN          FRANK|01:750:301:01|4.38|4.38|4.23|4.69|4.38|3.69|3.92|4.17|4.31|4.00|4.69|2.85|3.85|4.00|4.31|3.08
ZAMICK              LARRY|01:750:323:01|3.78|4.56|4.00|4.56|4.22|3.44|3.89|4.00|4.11|3.78|4.63|3.00|3.50|3.88|5.00|3.71
ZAMICK              LARRY|01:750:324:01|4.67|4.83|3.50|4.67|4.50|3.83|4.17|4.33|4.33|3.83|5.00|3.83|3.67|4.33|4.20
ZAMICK              LARRY|01:750:324:02|4.67|4.83|3.50|4.67|4.50|3.83|4.17|4.33|4.33|3.83|5.00|3.83|3.67|4.33|4.20
CHEONG              SANGWOOK|01:750:327:00|4.48|3.90|3.71|4.10|3.95|3.52|3.81|3.19|3.71|3.52|3.81|3.33|3.47|2.58|3.63|3.00
KEETON              CHARLES|01:750:342:01|4.93|4.82|4.70|4.93|4.63|4.36|4.61|4.25|4.75|4.61|4.96|3.70|4.46|4.70|3.60
BAKER ANDREW|01:750:343:01|4.75|4.50|4.63|4.88|4.50|4.50|4.63|4.63|4.50|4.00|5.00|3.00|4.13|2.75|3.29|3.00
MEKJIAN             ARAM|01:750:351:01|3.39|3.50|3.46|4.18|4.23|3.14|3.14|3.38|3.18|3.26|4.42|2.64|3.81|3.81|1.00|3.73
LATH                AMITABH|01:750:382:01|4.59|4.59|4.63|4.78|4.77|4.61|4.48|4.41|4.52|4.56|4.96|4.44|4.30|3.96|5.00|3.52
BARTYNSKI           ROBERT|01:750:386:01|4.95|4.90|4.75|4.95|4.85|4.85|4.80|4.65|4.90|4.85|5.00|4.85|4.65|4.70|5.00|3.88
HALKIADAKIS EVA|01:750:397:01|4.76|4.48|4.50|4.67|4.62|4.29|4.43|4.38|4.62|4.57|4.89|3.42|4.37|4.53|4.00|3.47
CHANDRA             PREMALA|01:750:406:01|4.78|4.22|4.67|4.56|4.56|4.56|4.67|4.22|4.44|4.44|5.00|3.78|4.44|4.78|3.56
SOMALWAR            SUNIL|01:750:418:01|4.57|4.71|4.43|4.86|4.67|4.43|4.86|4.14|4.43|4.29|4.67|3.67|3.67|4.83|3.80
HUGHES              JOHN|01:750:441:01|4.60|4.40|4.60|5.00|4.40|3.80|4.20|4.80|4.60|4.60|5.00|4.20|4.20|3.80|5.00|3.25|4.00
LEATH               PAUL|01:750:106:00|4.50|4.14|4.18|4.38|4.00|3.73|3.77|3.41|4.05|3.86|4.76|3.90|3.86|3.95|4.55|3.39
WILLIAMS THEODORE|01:750:110:01|4.72|4.45|4.09|4.46|4.50|4.03|4.02|3.73|4.26|4.18|4.87|3.49|3.76|4.10|4.55|3.69|4.75|4.40|5.00
GAWISER             ERIC|01:750:110:02|4.72|4.45|4.09|4.46|4.50|4.03|4.02|3.73|4.26|4.18|4.87|3.49|3.76|4.10|4.55|3.69|4.75|4.40
BRAHMIA             SUZANNE|01:750:116:00|4.85|4.69|4.84|4.72|4.54|4.60|4.65|4.32|4.72|4.67|5.00|4.08|4.29|3.83|4.75|3.81
GLASHAUSSER         CHARLES|01:750:124:00|3.67|3.57|3.18|3.60|3.49|3.03|3.28|3.68|3.08|3.36|4.43|3.73|3.68|3.73|3.79|3.32|5.00
GLASHAUSSER         CHARLES|01:750:124:00|3.67|3.57|3.18|3.60|3.49|3.03|3.28|3.68|3.08|3.36|4.43|3.73|3.68|3.73|3.79|3.32
GILMAN   RONALD|01:750:124:01|4.33|4.25|4.09|4.36|4.24|3.99|3.99|3.90|4.19|3.89|4.35|3.63
GILMAN              RONALD|01:750:124:02|4.33|4.25|4.09|4.36|4.24|3.99|3.99|3.90|4.19|3.89|4.35|3.63
KOLLER              NOEMIE|01:750:124:03|4.33|4.25|4.09|4.36|4.24|3.99|3.99|3.90|4.19|3.89|4.35|3.63
KOLLER              NOEMIE|01:750:124:04|4.33|4.25|4.09|4.36|4.24|3.99|3.99|3.90|4.19|3.89|4.35|3.63|3.50|5.00
LANGRETH            DAVID|01:750:124:06|4.33|4.25|4.09|4.36|4.24|3.99|3.99|3.90|4.19|3.89|4.35|3.63
KOLLER              NOEMIE|01:750:124:10|4.33|4.25|4.09|4.36|4.24|3.99|3.99|3.90|4.19|3.89|4.35|3.63
LANGRETH            DAVID|01:750:124:12|4.33|4.25|4.09|4.36|4.24|3.99|3.99|3.90|4.19|3.89|4.35|3.63|3.50
LANGRETH            DAVID|01:750:124:16|4.33|4.25|4.09|4.36|4.24|3.99|3.99|3.90|4.19|3.89|4.35|3.63
RABE                KARIN|01:750:140:01|4.35|4.42|4.00|4.66|4.30|3.69|3.76|3.31|3.92|3.77|4.57|3.57
GENTILE             MICHAEL|01:750:194:00|4.14|4.57|4.22|4.70|4.36|3.86|3.72|2.95|4.04|3.85|4.97|3.65|3.43|3.58|3.31|3.34|5.00|5.00
GENTILE             MICHAEL|01:750:194:01|4.48|4.50|4.33|4.65|4.50|4.26|4.05|3.25|4.49|4.04|4.86|3.76
PAX                 CHARLES|01:750:194:03|4.48|4.50|4.33|4.65|4.50|4.26|4.05|3.25|4.49|4.04|4.86|3.76|4.00|3.00|3.00|3.00|3.00|3.00|3.00
BUGGE               DANIELLE|01:750:194:05|4.48|4.50|4.33|4.65|4.50|4.26|4.05|3.25|4.49|4.04|4.86|3.76
VANHEUVELEN         ALAN|01:750:194:06|4.48|4.50|4.33|4.65|4.50|4.26|4.05|3.25|4.49|4.04|4.86|3.76
VANHEUVELEN         ALAN|01:750:194:07|4.48|4.50|4.33|4.65|4.50|4.26|4.05|3.25|4.49|4.04|4.86|3.76
VANHEUVELEN         ALAN|01:750:194:08|4.48|4.50|4.33|4.65|4.50|4.26|4.05|3.25|4.49|4.04|4.86|3.76
VANHEUVELEN         ALAN|01:750:194:09|4.48|4.50|4.33|4.65|4.50|4.26|4.05|3.25|4.49|4.04|4.86|3.76|4.00
GENTILE             MICHAEL|01:750:194:20|4.61|4.50|4.38|4.69|4.65|4.38|4.00|3.19|4.57|3.87|4.66|3.78|3.75|3.43|2.82|3.66|3.58
PAX                 CHARLES|01:750:194:22|4.61|4.50|4.38|4.69|4.65|4.38|4.00|3.19|4.57|3.87|4.66|3.78|3.75|3.43|2.82|3.66|3.58|3.00
MORINA MORGAN|01:750:194:23|4.61|4.50|4.38|4.69|4.65|4.38|4.00|3.19|4.57|3.87|4.66|3.78|3.75|3.43|2.82|3.66|3.58|3.00
GOODMAN             KATY|01:750:194:24|4.61|4.50|4.38|4.69|4.65|4.38|4.00|3.19|4.57|3.87|4.66|3.78|3.75|3.43|2.82|3.66|3.58|3.00
LAGUNZAD            LINDA|01:750:194:27|4.61|4.50|4.38|4.69|4.65|4.38|4.00|3.19|4.57|3.87|4.66|3.78|3.75|3.43|2.82|3.66|3.58
FLAKKER             JAMES|01:750:194:28|4.61|4.50|4.38|4.69|4.65|4.38|4.00|3.19|4.57|3.87|4.66|3.78|3.75|3.43|2.82|3.66|3.58
BRAHMIA             ABDELBAKI|01:750:201:00|4.92|4.88|4.81|4.91|4.74|4.81|4.73|3.82|4.85|4.67|4.82|3.71|3.89|4.17|4.71|3.75|5.00|5.00|5.00
SOLWAY              MICHAEL|01:750:201:70|4.65|4.56|4.37|4.64|4.54|4.33|4.40|3.65|4.49|4.40|4.59|4.25|4.17|3.97|2.56|3.14|3.42|3.57
GOETT               JEFFREY|01:750:201:75|4.65|4.56|4.37|4.64|4.54|4.33|4.40|3.65|4.49|4.40|4.59|4.25|4.17|3.97|2.56|3.14|3.42|3.57|5.00
CROFT               MARK|01:750:203:00|4.29|4.46|4.54|4.76|4.71|4.21|3.98|3.45|4.27|4.15|4.94|4.17|4.16|4.46|4.47|3.64
OH           SEONGSHIK|01:750:203:01|4.34|4.25|4.10|4.36|4.19|3.92|3.83|3.33|4.11|3.95|4.32
OH                  SEONGSHIK|01:750:203:02|4.34|4.25|4.10|4.36|4.19|3.92|3.83|3.33|4.11|3.95|4.32
OH                  SEONGSHIK|01:750:203:05|4.34|4.25|4.10|4.36|4.19|3.92|3.83|3.33|4.11|3.95|4.32|4.50|4.50|4.50|4.50|4.50|4.50|4.50|4.33
OH                  SEONGSHIK|01:750:203:12|4.34|4.25|4.10|4.36|4.19|3.92|3.83|3.33|4.11|3.95|4.32
HORTON              GEORGE|01:750:204:00|4.32|4.03|4.32|4.48|4.32|3.95|4.11|3.29|3.98|4.01|4.65|3.88|3.73|3.81|4.35|3.65|5.00
HORTON              GEORGE|01:750:204:00|4.32|4.03|4.32|4.48|4.32|3.95|4.11|3.29|3.98|4.01|4.65|3.88|3.73|3.81|4.35|3.65
SHAPIRO             JOEL|01:750:204:01|4.43|4.10|3.74|4.05|4.15|3.76|3.84|3.37|3.92|3.85|4.11
SHAPIRO             JOEL|01:750:204:02|4.43|4.10|3.74|4.05|4.15|3.76|3.84|3.37|3.92|3.85|4.11
KIRYUKHIN           VALERY|01:750:204:03|4.43|4.10|3.74|4.05|4.15|3.76|3.84|3.37|3.92|3.85|4.11
KIRYUKHIN           VALERY|01:750:204:04|4.43|4.10|3.74|4.05|4.15|3.76|3.84|3.37|3.92|3.85|4.11
WU                  WEIDA|01:750:204:05|4.43|4.10|3.74|4.05|4.15|3.76|3.84|3.37|3.92|3.85|4.11
KIRYUKHIN           VALERY|01:750:204:06|4.43|4.10|3.74|4.05|4.15|3.76|3.84|3.37|3.92|3.85|4.11
WU                  WEIDA|01:750:204:07|4.43|4.10|3.74|4.05|4.15|3.76|3.84|3.37|3.92|3.85|4.11
KIRYUKHIN           VALERY|01:750:204:08|4.43|4.10|3.74|4.05|4.15|3.76|3.84|3.37|3.92|3.85|4.11
HAULE               KRISTJAN|01:750:204:12|4.43|4.10|3.74|4.05|4.15|3.76|3.84|3.37|3.92|3.85|4.11
SLUSKY              SUSAN|01:750:204:13|4.43|4.10|3.74|4.05|4.15|3.76|3.84|3.37|3.92|3.85|4.11
HAULE               KRISTJAN|01:750:204:14|4.43|4.10|3.74|4.05|4.15|3.76|3.84|3.37|3.92|3.85|4.11
HAULE               KRISTJAN|01:750:204:15|4.43|4.10|3.74|4.05|4.15|3.76|3.84|3.37|3.92|3.85|4.11
WU                  WEIDA|01:750:204:17|4.43|4.10|3.74|4.05|4.15|3.76|3.84|3.37|3.92|3.85|4.11
WU                  WEIDA|01:750:204:20|4.43|4.10|3.74|4.05|4.15|3.76|3.84|3.37|3.92|3.85|4.11
ALBA                GABE|01:750:205:01|4.33|4.27|4.07|4.39|4.37|4.01|3.93|3.45|4.23|3.98|4.17|3.86|3.68|3.39|2.69|3.31|3.27|3.71|4.40
VARKEY              JOHNPAUL|01:750:205:02|4.33|4.27|4.07|4.39|4.37|4.01|3.93|3.45|4.23|3.98|4.17|3.86|3.68|3.39|2.69|3.31|3.27|3.71
DAYARIAN            ADEL|01:750:205:04|4.33|4.27|4.07|4.39|4.37|4.01|3.93|3.45|4.23|3.98|4.17|3.86|3.68|3.39|2.69|3.31|3.27
VARKEY              JOHNPAUL|01:750:205:05|4.33|4.27|4.07|4.39|4.37|4.01|3.93|3.45|4.23|3.98|4.17|3.86|3.68|3.39|2.69|3.31|3.27|3.71
TADEPALLI           MAHESH|01:750:205:07|4.33|4.27|4.07|4.39|4.37|4.01|3.93|3.45|4.23|3.98|4.17|3.86|3.68|3.39|2.69|3.31|3.27|3.71
JUKNEVICH           JOSE|01:750:206:02|4.46|4.37|4.11|4.55|4.42|4.13|3.87|3.40|4.29|3.94|4.16|3.83|3.88|3.47|2.53|3.18|3.44|3.58
JUKNEVICH           JOSE|01:750:206:03|4.46|4.37|4.11|4.55|4.42|4.13|3.87|3.40|4.29|3.94|4.16|3.83|3.88|3.47|2.53|3.18|3.44|3.58|4.50
BERDNIKOV           ILYA|01:750:206:06|4.46|4.37|4.11|4.55|4.42|4.13|3.87|3.40|4.29|3.94|4.16|3.83|3.88|3.47|2.53|3.18|3.44|3.58
SINGH               PREM|01:750:206:18|4.46|4.37|4.11|4.55|4.42|4.13|3.87|3.40|4.29|3.94|4.16|3.83|3.88|3.47|2.53|3.18|3.44|3.58
SINGH               PREM|01:750:206:19|4.46|4.37|4.11|4.55|4.42|4.13|3.87|3.40|4.29|3.94|4.16|3.83|3.88|3.47|2.53|3.18|3.44
JUKNEVICH           JOSE|01:750:206:20|4.46|4.37|4.11|4.55|4.42|4.13|3.87|3.40|4.29|3.94|4.16|3.83|3.88|3.47|2.53|3.18|3.44
ARORA               SANJAY|01:750:206:22|4.46|4.37|4.11|4.55|4.42|4.13|3.87|3.40|4.29|3.94|4.16|3.83|3.88|3.47|2.53|3.18|3.44
ARORA               SANJAY|01:750:206:24|4.46|4.37|4.11|4.55|4.42|4.13|3.87|3.40|4.29|3.94|4.16|3.83|3.88|3.47|2.53|3.18|3.44|3.58|4.50
COLEMAN             PIERS|01:750:228:00|4.49|4.42|4.42|4.44|4.35|4.22|4.40|4.18|4.36|4.20|4.71|4.27|4.20|3.52|4.00|3.79
COLEMAN             PIERS|01:750:228:00|4.49|4.42|4.42|4.44|4.35|4.22|4.40|4.18|4.36|4.20|4.71|4.27|4.20|3.52|4.00|3.79
ANDREI              EVA|01:750:228:02|4.68|4.57|4.30|4.66|4.70|4.31|4.39|4.08|4.51|4.34|4.64
PODZOROV            VITALY|01:750:228:06|4.68|4.57|4.30|4.66|4.70|4.31|4.39|4.08|4.51|4.34|4.64
PODZOROV            VITALY|01:750:228:15|4.68|4.57|4.30|4.66|4.70|4.31|4.39|4.08|4.51|4.34|4.64|5.00
PODZOROV            VITALY|01:750:228:20|4.68|4.57|4.30|4.66|4.70|4.31|4.39|4.08|4.51|4.34|4.64
PODZOROV            VITALY|01:750:228:21|4.68|4.57|4.30|4.66|4.70|4.31|4.39|4.08|4.51|4.34|4.64
BERGMAN             DOUGLAS|01:750:272:00|3.78|3.42|3.15|3.97|3.83|3.10|3.47|3.67|3.11|3.33|4.47|3.21|3.69|3.08|4.03|3.97
THOMSON             GORDON|01:750:276:01|4.65|4.50|4.18|4.57|4.85|4.31|4.07|4.13|4.36|4.38|3.92|4.35|4.65|3.90|1.93|2.99|3.74|5.00
ZIYATDINOV          ISKANDER|01:750:276:04|4.65|4.50|4.18|4.57|4.85|4.31|4.07|4.13|4.36|4.38|3.92|4.35|4.65|3.90|1.93|2.99|3.74|5.00|5.00
ZIYATDINOV          ISKANDER|01:750:276:05|4.65|4.50|4.18|4.57|4.85|4.31|4.07|4.13|4.36|4.38|3.92|4.35|4.65|3.90|1.93|2.99|3.74
ZIYATDINOV          ISKANDER|01:750:276:06|4.65|4.50|4.18|4.57|4.85|4.31|4.07|4.13|4.36|4.38|3.92|4.35|4.65|3.90|1.93|2.99|3.74|5.00|5.00
GOETT               JEFFREY|01:750:301:01|4.94|4.94|4.72|4.89|4.67|4.39|4.06|4.00|4.72|4.24|4.78|4.11|4.61|3.89|2.06|2.72|3.50
CHEONG              SANGWOOK|01:750:327:02|3.83|4.00|4.50|4.00|4.00|4.33|4.50|4.33|4.33|4.25|4.80|4.60|4.20|4.00|3.60|3.75|4.00
KOJIMA              HARUO|01:750:388:01|3.69|4.07|3.57|4.14|4.36|3.54|4.00|3.64|3.79|3.50|4.57|3.14|2.79|2.43|3.00|3.54|3.54
