GOLDSTEIN           D|01:070:101:00|4.53|4.41|4.20|4.46|4.35|4.01|4.11|3.61|4.21|4.08
QUEST               NEIL|01:070:101:04|4.53|4.41|4.20|4.46|4.35|4.01|4.11|3.61|4.21|4.08
QUEST               NEIL|01:070:101:06|4.53|4.41|4.20|4.46|4.35|4.01|4.11|3.61|4.21|4.08
QUEST               NEIL|01:070:101:14|4.53|4.41|4.20|4.46|4.35|4.01|4.11|3.61|4.21|4.08
CACHEL              S|01:070:102:00|4.35|4.05|4.12|4.23|4.39|3.79|3.88|3.39|3.96|3.84|3.80
WOODHOUSEBEYER|01:070:105:00|4.54|4.49|4.01|4.64|4.63|4.01|3.97|3.90|4.25|3.88
AHEARN              L|01:070:108:00|4.71|4.77|4.63|4.77|4.16|4.41|4.36|3.59|4.52|4.35
TRIVERS             R|01:070:204:01|3.97|4.21|4.59|4.45|4.44|4.09|4.38|3.63|4.22|4.32|5.00|5.00|5.00|5.00|5.00|5.00
PALOMBIT            R|01:070:212:01|4.83|4.70|4.61|4.65|4.17|4.35|4.78|3.87|4.61|4.63|3.83|3.65|4.33|3.09|4.33|4.14|4.00
OBRIEN              R|01:070:222:01|4.40|4.80|4.78|4.73|4.61|4.56|4.67|4.31|4.66|4.57|5.00
WOODHOUSEBEYER|01:070:230:01|4.65|4.60|4.22|4.78|4.65|4.12|4.28|3.88|4.22|4.07
OBRIEN              R|01:070:305:01|4.57|4.65|4.78|4.77|4.65|4.60|4.70|4.52|4.76|4.76
GHASSEMFACHAN|01:070:308:01|4.78|4.78|4.89|4.72|4.44|4.56|4.67|4.06|4.72|4.72
HEGBURG             K|01:070:311:01|4.07|4.46|4.04|4.44|4.13|3.79|3.75|3.48|3.85|3.88
AHEARN              L|01:070:312:01|5.00|5.00|5.00|5.00|5.00|4.93|4.93|4.53|5.00|4.93
SCHEIN              L|01:070:324:01|4.33|4.20|4.24|4.24|3.86|4.05|4.25|4.00|4.10|4.10
CRONK               L|01:070:325:01|4.96|4.88|4.71|4.96|4.83|4.58|4.75|4.50|4.88|4.92
HARRIS J|01:070:326:01|4.35|4.71|4.65|4.88|4.65|4.59|4.41|4.47|4.59|4.53
SCHRIRE             C|01:070:330:01|4.36|3.93|4.50|4.00|4.64|4.00|4.50|4.00|4.29|4.29|1.00
SCHRIRE             C|01:070:333:01|4.18|3.09|4.05|2.95|4.41|3.64|4.27|3.95|3.64|3.81
HAUGERUD            A|01:070:338:01|4.76|4.61|4.61|4.69|4.56|4.49|4.86|4.19|4.40|4.56
SCOTT               R|01:070:358:01|4.63|4.63|4.31|4.69|3.94|4.19|4.44|4.38|4.31|4.19|2.00|3.00|3.00|3.00|3.00|3.00|4.00|3.00
SCOTT               R|01:070:359:01|4.53|4.40|4.13|4.60|3.80|4.07|4.29|4.36|4.23|3.93|3.75|3.94|3.93|3.44|3.87|4.06|4.20|2.50|2.00
TIGER               L|01:070:364:01|4.08|4.23|4.46|4.23|4.22|4.17|4.46|4.08|4.18|4.08
HEGBURG             K|01:070:372:01|4.30|4.64|4.30|4.55|4.39|3.82|3.90|3.55|4.38|4.15|5.00|5.00
HEGBURG             K|01:070:380:01|3.58|4.17|4.17|4.54|3.94|3.71|3.50|3.46|3.58|3.54
HARRIS J|01:070:391:01|4.60|4.60|4.87|4.93|4.80|4.73|4.73|4.27|4.73|4.67
FEIBEL              C|01:070:394:01|4.89|4.83|4.56|4.89|4.82|4.47|4.44|4.00|4.72|4.67
