CLEMENS             PAUL|01:512:103:00|4.60|4.31|4.24|4.45|4.29|4.06|4.17|3.76|4.26|4.13
CLEMENS             PAUL|01:512:103:03|4.60|4.31|4.24|4.45|4.29|4.06|4.17|3.76|4.26|4.13
HEWITT              NANCY|01:512:103:08|4.60|4.31|4.24|4.45|4.29|4.06|4.17|3.76|4.26|4.13
RASMUSSEN           C|01:512:103:10|4.60|4.31|4.24|4.45|4.29|4.06|4.17|3.76|4.26|4.13
LIVINGSTON          JAMES|01:512:103:12|4.60|4.31|4.24|4.45|4.29|4.06|4.17|3.76|4.26|4.13|4.33|5.00|4.67|5.00|5.00|4.67|5.00|4.67|5.00
FURMAN              HARRY|01:512:103:14|4.60|4.31|4.24|4.45|4.29|4.06|4.17|3.76|4.26|4.13
REED                J|01:512:104:01|4.57|4.36|4.41|4.48|4.29|4.14|4.27|4.15|4.35|4.24|5.00|5.00|4.33|5.00|5.00|5.00|5.00|5.00|5.00
YANS                U|01:512:278:01|4.34|4.41|4.47|4.53|4.51|4.34|4.46|4.65|4.37|4.49|5.00|5.00|5.00|5.00|5.00
SILVER              P|01:512:300:01|4.92|4.85|4.80|4.96|4.72|4.68|4.80|4.46|4.75|4.76
GILLETTE            W|01:512:303:01|4.46|3.51|3.96|3.60|3.43|3.64|4.22|4.11|3.80|3.70
LIVINGSTON          J|01:512:304:01|4.56|4.76|4.67|4.87|4.65|4.60|4.63|4.50|4.75|4.60|4.00|4.00|5.00
ONEILL              W|01:512:305:01|4.32|3.89|3.88|3.48|3.00|3.39|4.05|4.28|3.63|3.75|5.00
ISENBERG            ALISON|01:512:314:01|4.26|4.66|4.20|4.70|4.57|4.10|4.08|3.73|4.26|4.12
MARKOWITZ           N|01:512:316:01|3.97|4.43|4.16|4.72|4.54|4.03|4.38|4.24|4.19|4.33
CHAMBERS            JOHN|01:512:347:01|4.81|4.65|4.64|4.64|4.58|4.45|4.54|4.21|4.60|4.56|5.00
SANTIAGO            ALDO|01:512:360:01|4.40|4.80|4.80|5.00|4.60|4.40|4.80|3.60|4.40|4.60
MURCH               DONNA|01:512:364:01|4.52|4.41|4.31|4.23|4.26|4.04|4.41|4.33|4.33|4.42
MARKOWITZ           N|01:512:377:01|3.91|4.18|4.25|4.30|4.36|3.95|4.02|4.36|3.95|4.05
BAY                 M|01:512:378:01|4.46|4.48|4.44|4.52|4.48|4.28|4.24|4.00|4.28|4.32
NEBEKER             F|01:512:395:01|4.96|4.93|4.75|4.82|4.63|4.57|4.50|3.93|4.61|4.48|4.00|4.67|3.67|5.00|4.67|4.33|3.50|5.00|5.00
CLEMENS             PAUL|01:512:404:01|4.82|4.74|4.62|4.82|4.55|4.55|4.68|4.14|4.68|4.61
