KUHN                KENNETH|01:470:101:02|4.88|4.85|4.92|4.95|4.83|4.77|4.78|4.28|4.80|4.72|4.77|4.73|4.06|4.43
KUHN                KENNETH|01:470:101:02|4.88|4.85|4.92|4.95|4.83|4.77|4.78|4.28|4.80|4.72|4.77|4.73|4.06|4.43
RHOMBERG            ELKE|01:470:101:05|4.88|4.85|4.92|4.95|4.83|4.77|4.78|4.28|4.80|4.72|4.77|4.73|4.06|4.43
RHOMBERG            ELKE|01:470:101:05|4.88|4.85|4.92|4.95|4.83|4.77|4.78|4.28|4.80|4.72|4.77|4.73|4.06|4.43
KUHN                KENNETH|01:470:102:01|4.43|4.29|4.34|4.40|4.34|4.06|4.35|4.47|4.26|4.24|4.15|4.00|4.09|3.94
KUHN                KENNETH|01:470:102:01|4.43|4.29|4.34|4.40|4.34|4.06|4.35|4.47|4.26|4.24|4.15|4.00|4.09|3.94
BOGHOSSIAN          ANNELIESE|01:470:102:03|4.43|4.29|4.34|4.40|4.34|4.06|4.35|4.47|4.26|4.24|4.15|4.00|4.09|3.94
BOGHOSSIAN          ANNELIESE|01:470:102:03|4.43|4.29|4.34|4.40|4.34|4.06|4.35|4.47|4.26|4.24|4.15|4.00|4.09|3.94
BOGHOSSIAN          ANNELIESE|01:470:131:01|4.67|4.67|4.80|4.80|4.64|4.53|4.20|4.60|4.50|4.29|4.62|5.00|4.23|4.46
BOGHOSSIAN          ANNELIESE|01:470:131:01|4.67|4.67|4.80|4.80|4.64|4.53|4.20|4.60|4.50|4.29|4.62|5.00|4.23|4.46
GLOWACKI            DORIS|01:470:132:02|4.88|4.79|4.76|4.97|4.97|4.76|4.79|4.79|4.73|4.78|4.93|4.86|4.46|4.50
GLOWACKI            DORIS|01:470:132:02|4.88|4.79|4.76|4.97|4.97|4.76|4.79|4.79|4.73|4.78|4.93|4.86|4.46|4.50
STEELE              REBECCA|01:470:232:01|4.21|4.43|4.43|4.64|4.79|4.50|4.43|4.43|4.14|4.43|4.50|4.08|4.08|4.09
STEELE              REBECCA|01:470:232:01|4.21|4.43|4.43|4.64|4.79|4.50|4.43|4.43|4.14|4.43|4.50|4.08|4.08|4.09
CIKLAMINI           MARLENE|01:470:325:01|4.63|4.50|4.25|4.75|4.63|4.25|4.50|4.13|4.50|4.25|4.88|4.88|4.71|4.38
CRAIG               CHARLOTTE|01:470:325:01|4.63|4.50|4.25|4.75|4.63|4.25|4.50|4.13|4.50|4.25|4.88|4.88|4.71|4.38
CRAIG               CHARLOTTE|01:470:325:01|4.63|4.50|4.25|4.75|4.63|4.25|4.50|4.13|4.50|4.25|4.88|4.88|4.71|4.38
CIKLAMINI           MARLENE|01:470:325:01|4.63|4.50|4.25|4.75|4.63|4.25|4.50|4.13|4.50|4.25|4.88|4.88|4.71|4.38
DEMETZ|01:470:388:01|4.75|4.43|4.25|4.25|4.38|3.86|4.00|3.88|4.38|4.13|4.14|4.71|4.14|4.14
DEMETZ|01:470:388:01|4.75|4.43|4.25|4.25|4.38|3.86|4.00|3.88|4.38|4.13|4.14|4.71|4.14|4.14
CIKLAMINI           MARLENE|01:470:389:01|4.50|5.00|4.25|5.00|5.00|4.25|4.00|3.25|4.50|4.25|4.67|4.67|5.00|4.33
CIKLAMINI           MARLENE|01:470:389:01|4.50|5.00|4.25|5.00|5.00|4.25|4.00|3.25|4.50|4.25|4.67|4.67|5.00|4.33
LEVINE              MICHAEL|01:470:390:01|4.50|4.50|4.50|4.75|4.00|4.50|5.00|4.00|4.50|4.33|4.50|4.00|3.50|4.00
LEVINE              MICHAEL|01:470:390:01|4.50|4.50|4.50|4.75|4.00|4.50|5.00|4.00|4.50|4.33|4.50|4.00|3.50|4.00
