WILLIAMS            CAROLYN|01:350:219:00|4.54|4.44|4.15|4.61|4.16|4.04|3.98|3.55|4.21|4.04|4.03|3.00|3.39|3.89|3.50|3.76|4.43|3.75
WILLIAMS            CAROLYN|01:350:219:00|4.54|4.44|4.15|4.61|4.16|4.04|3.98|3.55|4.21|4.04|4.03|3.00|3.39|3.89|3.50|3.76|4.43|3.75
KUSCH               R|01:350:219:20|4.54|4.44|4.15|4.61|4.16|4.04|3.98|3.55|4.21|4.04|4.03|3.00|3.39|3.89|3.76|4.43
DIENST|01:350:220:00|4.47|4.36|4.22|4.49|4.39|4.04|4.00|4.00|4.18|4.05|4.48|3.25|3.74|3.97|4.30|3.92|4.33|3.75|4.50
BRADWAY             TYLER|01:350:220:02|4.47|4.36|4.22|4.49|4.39|4.04|4.00|4.00|4.18|4.05|4.48|3.25|3.74|3.97|3.92|4.33
JOSHUA              FESI|01:350:220:07|4.47|4.36|4.22|4.49|4.39|4.04|4.00|4.00|4.18|4.05|4.48|3.25|3.74|3.97|3.92|4.33|3.75|4.50
CHARNEY             MAURICE|01:350:221:01|4.21|4.18|4.11|4.39|3.78|4.03|4.03|4.00|4.11|3.92|3.88|2.69|3.43|4.06|3.50|3.80|4.32|4.00
FULTON              THOMASS|01:350:225:01|4.67|4.83|4.78|4.83|4.78|4.56|4.17|4.00|4.72|4.44|4.75|3.50|4.06|4.19|3.75|4.25
ALGEEHEWITT         MARK|01:350:305:01|4.77|4.85|4.65|4.96|4.56|4.42|4.42|2.84|4.73|4.46|4.58|3.48|3.74|3.92|5.00|3.68|4.25|5.00
IAN                 MARCIA|01:350:311:01|3.85|3.70|3.41|3.88|3.53|2.94|3.12|3.73|3.19|3.28|3.74|2.60|3.14|3.55|5.00|3.40|3.97
ROGERS              JOHN|01:350:313:01|4.93|4.97|4.90|4.97|4.83|4.87|4.79|4.17|4.90|4.90|4.90|3.54|3.86|4.00|4.67|4.36|4.21|4.00|4.00
CATTRELL            KEVIN|01:350:315:01|4.31|4.31|4.21|4.36|4.23|4.00|3.92|3.23|4.62|4.27|4.82|2.90|3.82|3.82|3.89|4.00
EVANS               BRAD|01:350:317:01|4.77|4.94|4.86|4.94|4.89|4.64|4.75|3.83|4.77|4.73|4.82|3.56|3.87|4.26|5.00|4.27|4.58|5.00|5.00
KLEIN               STACY|01:350:321:01|4.69|4.61|4.61|4.75|4.28|4.50|4.41|3.72|4.44|4.47|3.68|3.21|3.74|3.93|5.00|3.88|4.31
LEVAO               RONALD|01:350:322:01|4.91|4.65|4.80|4.81|4.50|4.74|4.73|4.36|4.87|4.81|3.76|2.80|3.55|4.09|4.67|3.93|4.73|5.00
SIEGEL              JOHAH|01:350:335:01|4.31|4.44|4.69|4.38|4.33|4.19|4.25|3.38|4.47|4.14|4.31|3.07|3.40|3.69|3.60|3.63|3.00
KUSCH               ROBERT|01:350:337:01|4.89|4.70|4.79|4.84|4.84|4.57|4.55|4.62|4.78|4.78|4.33|3.33|4.00|4.32|5.00|4.03|4.48|5.00|5.00
MCKEON              MICHAEL|01:350:352:01|4.57|4.20|3.57|4.40|4.10|3.47|3.77|3.38|3.94|3.79|4.34|3.02|3.60|3.85|4.04|4.42
QUALLS              BARRY|01:350:354:01|4.85|4.88|4.76|4.88|4.61|4.54|4.33|3.91|4.69|4.56|4.60|3.56|3.94|4.03|4.00|3.66|4.51
VESTERMAN           WILLIAM|01:350:355:01|4.58|3.85|4.31|3.62|3.77|3.96|4.19|4.35|3.83|4.19|4.04|2.45|3.33|3.83|4.08|4.33
LEWIS               JENNA|01:350:359:01|4.68|4.88|4.52|4.96|4.64|4.36|4.17|3.48|4.52|4.44|4.84|3.16|3.57|4.04|5.00|3.96|4.22
WALL                CHERYL|01:350:361:01|4.74|4.70|4.74|4.83|4.52|4.61|4.48|3.83|4.50|4.43|4.55|2.80|3.53|4.15|4.06|4.28|3.00
WONG                EDLIE|01:350:367:01|4.69|4.91|4.54|4.94|4.91|4.43|4.57|3.59|4.66|4.56|4.86|3.12|3.57|3.97|3.00|4.00|4.52
WILLIAMS            ANDREA|01:350:376:01|5.00|5.00|4.85|5.00|4.92|4.85|4.46|3.46|4.85|4.67|4.85|2.67|3.60|3.85|3.91|3.91
PERERA              SONALI|01:350:378:01|4.67|4.40|4.07|4.40|4.51|4.05|4.09|3.53|4.30|4.22|4.54|3.17|3.74|3.76|5.00|3.61|4.18|4.00
ELLIS               KATHERINE|01:350:382:01|3.91|3.54|3.39|4.10|4.00|3.45|3.25|3.09|3.63|3.59|3.55|2.90|3.59|3.89|4.50|3.75|4.05|5.00|5.00
KING                ANNIE|01:350:383:01|4.80|4.90|4.90|4.90|4.89|4.85|4.75|4.16|4.89|4.89|4.89|3.94|4.50|4.72|4.12|4.56
CHISM               CHRIS|01:350:389:01|4.41|4.75|4.61|4.69|4.28|4.25|3.92|3.75|4.33|4.06|4.52|3.33|3.73|3.82|3.88|4.35
EISENZWEIG          URI|01:350:392:01|4.44|4.44|4.33|4.44|4.33|4.22|4.22|2.89|4.33|4.44
DEKOVEN             MARIANNE|01:350:393:02|4.45|4.55|4.50|4.62|4.53|4.18|4.32|4.18|4.21|4.36|4.32|3.03|3.16|4.10|4.07|4.45|5.00
BARNETT             LOUISE|01:350:393:04|4.45|4.55|4.50|4.62|4.53|4.18|4.32|4.18|4.21|4.36|4.32|3.03|3.16|4.10|4.07|4.45
KLEIN               STACY|01:350:411:01|4.74|4.30|4.41|4.73|4.62|4.19|4.22|3.78|4.15|4.11|3.94|3.40|3.78|3.41|3.68|4.05
MILLER              JACQUELINE|01:350:424:01|4.86|4.64|4.29|4.64|4.64|4.21|4.50|3.86|4.43|4.36|4.57|3.29|3.67|3.77|4.00|4.38
KUCICH              JOHN|01:350:436:01|4.78|4.83|4.89|4.89|4.76|4.65|4.61|3.72|4.78|4.78|4.88|3.85|3.79|4.63|4.57|4.50
FERGUSON            KEVIN|01:350:437:01|4.71|4.61|4.59|4.67|4.67|4.39|4.54|3.89|4.54|4.50|4.67|3.50|3.76|4.15|4.13|4.44
VESTERMAN           WILLIAM|01:350:437:03|4.71|4.61|4.59|4.67|4.67|4.39|4.54|3.89|4.54|4.50|4.67|3.50|3.76|4.15|4.13|4.44
PERERA              SONALI|01:350:437:04|4.71|4.61|4.59|4.67|4.67|4.39|4.54|3.89|4.54|4.50|4.67|3.50|3.76|4.15|4.13|4.44
IAN                 MARCIA|01:350:437:05|4.71|4.61|4.59|4.67|4.67|4.39|4.54|3.89|4.54|4.50|4.67|3.50|3.76|4.15|4.13|4.44
EVANS               BRAD|01:350:442:01|4.47|4.80|4.60|4.93|4.87|4.64|4.53|3.93|4.71|4.64|4.77|4.09|4.08|4.31|4.17|4.55
WONG                EDLIE|01:350:445:01|4.86|5.00|4.93|5.00|5.00|4.64|4.57|3.79|4.93|4.86|5.00|3.15|3.69|4.29|5.00|3.79|4.14|4.50
