SERRANO             RICHARD|01:195:101:71|4.39|4.31|4.23|4.41|4.38|4.09|3.91|3.37|4.25|4.07
MATALLANA           SUSANA|01:195:135:01|4.02|4.12|4.16|4.22|4.12|3.96|3.76|3.66|3.98|4.02
MATALLANA           SUSANA|01:195:135:02|4.02|4.12|4.16|4.22|4.12|3.96|3.76|3.66|3.98|4.02
UHLIROVA            ROMANA|01:195:150:05|4.11|3.82|3.95|4.00|4.19|3.83|3.89|3.65|3.75|3.70
SHAW                MARY|01:195:203:01|4.61|4.66|4.66|4.70|4.68|4.58|4.55|3.53|4.55|4.45
WALKER              JANET|01:195:243:01|4.77|4.75|4.55|4.84|4.63|4.42|4.56|3.88|4.59|4.59|5.00|5.00|5.00
SCLAFANI            KATHLEEN|01:195:244:01|4.33|4.25|4.15|4.31|4.04|4.00|3.92|3.77|3.96|3.79
SIFUENTES           BEN|01:195:301:01|4.82|4.55|4.50|4.50|4.59|4.36|4.41|3.55|4.64|4.62
MARTINEZ            YOLANDA|01:195:308:01|4.60|4.64|4.20|4.40|4.33|4.07|4.07|3.27|4.40|4.00
WALKER              STEVEN|01:195:318:01|4.31|4.71|4.50|4.77|4.77|4.23|4.62|3.92|4.46|4.33
MARTIN              SUSAN|01:195:321:01|4.38|4.42|4.38|4.33|4.28|4.08|4.08|3.67|4.54|4.58
WALKER              JANET|01:195:331:01|4.81|4.86|4.67|4.90|4.81|4.67|4.52|3.86|4.76|4.81
MARTINEZSANMIGUEL   YOLANDA|01:195:335:01|4.83|4.83|4.83|5.00|5.00|4.83|4.83|4.33|5.00|5.00
DIAMOND             JOSEPHINE|01:195:336:01|4.47|4.53|4.61|4.56|4.56|4.33|4.22|3.94|4.44|4.44
PIROG               GERALD|01:195:354:01|4.67|4.67|4.67|4.83|4.67|4.67|4.67|4.33|4.83|4.67
EISENZWEIG          URI|01:195:395:01|4.83|4.43|4.50|4.83|4.67|4.71|4.14|3.71|4.43|4.14
CIKLAMINI           MARLENE|01:195:396:01|4.33|4.67|5.00|5.00|4.67|4.67|4.67|4.33|4.67|4.67
