ZERVIGON ANDRES|01:082:106:00|4.75|4.60|4.51|4.64|4.34|4.31|4.51|3.91|4.48|4.35
PUGLISI             CATHERINE|01:082:106:00|4.75|4.60|4.51|4.64|4.34|4.31|4.51|3.91|4.48|4.35|4.75
PUGLISI             CATHERINE|01:082:106:00|4.75|4.60|4.51|4.64|4.34|4.31|4.51|3.91|4.48|4.35|4.75
ZERVIGON ANDRES|01:082:106:01|4.75|4.60|4.51|4.64|4.34|4.31|4.51|3.91|4.48|4.35|4.75
MOREIRA             LANA|01:082:106:09|4.75|4.60|4.51|4.64|4.34|4.31|4.51|3.91|4.48|4.35
MOREIRA             LANA|01:082:106:14|4.75|4.60|4.51|4.64|4.34|4.31|4.51|3.91|4.48|4.35
MOREIRA             LANA|01:082:106:18|4.75|4.60|4.51|4.64|4.34|4.31|4.51|3.91|4.48|4.35|4.75|5.00|4.00|5.00|5.00
ESTEVEZ             LISANDRA|01:082:106:25|4.75|4.60|4.51|4.64|4.34|4.31|4.51|3.91|4.48|4.35
ESTEVEZ             LISANDRA|01:082:106:30|4.75|4.60|4.51|4.64|4.34|4.31|4.51|3.91|4.48|4.35
BUDD                DENISE|01:082:106:31|4.75|4.60|4.51|4.64|4.34|4.31|4.51|3.91|4.48|4.35
PUGLISI             CATHERINE|01:082:112:71|5.00|5.00|5.00|5.00|4.00|4.83|4.83|5.00|5.00|4.83
BRETTSMITH          SARAH|01:082:250:01|4.41|4.46|4.54|4.61|4.22|4.00|4.41|3.39|4.29|4.14
MARDER              TOD|01:082:304:01|4.75|4.67|4.50|4.75|4.67|4.33|4.50|4.27|4.58|4.55
PAUL                BENJAMIN|01:082:310:01|4.53|4.05|4.03|4.11|4.03|3.89|4.26|4.39|3.89|3.92
KENFIELD            JOHN|01:082:312:01|4.72|4.82|4.54|4.87|4.31|4.41|4.41|3.95|4.64|4.42
SMALL               JOCELYN|01:082:314:01|4.64|3.86|3.79|3.43|3.79|3.00|3.71|3.36|3.64|3.50
SMALL               JOCELYN|01:082:317:01|4.39|4.11|3.63|3.26|3.00|3.00|3.35|3.21|3.37|3.25
HOWARD              ANGELA|01:082:321:01|4.00|3.86|3.64|3.59|3.27|3.32|3.82|3.19|3.55|3.55
KENFIELD            JOHN|01:082:343:01|4.71|4.68|4.75|4.82|4.64|4.64|4.81|4.56|4.70|4.75|5.00
WEIGERT             LAURA|01:082:347:01|4.10|3.80|3.89|3.70|3.45|3.30|4.05|4.20|3.60|3.60
MCHAM               SARAH|01:082:354:01|4.91|4.83|4.73|4.82|4.59|4.73|4.83|4.41|4.74|4.74
GUSTAFSON DONNA|01:082:368:01|4.70|4.65|4.33|4.54|4.63|4.38|4.33|4.46|4.54|4.50
ZERVIGON ANDRES|01:082:383:01|4.96|4.96|4.92|4.93|4.96|4.93|4.85|4.54|4.96|4.85
YANNI               CARLA|01:082:392:01|4.94|4.79|4.88|4.85|4.45|4.65|4.68|4.42|4.68|4.68
FLORES              TATIANA|01:082:393:01|4.82|4.82|4.73|4.73|4.36|4.45|4.55|3.73|4.50|4.40
TAUBE               ISABEL|01:082:396:01|4.87|4.80|4.76|4.87|4.58|4.60|4.66|4.52|4.80|4.75
MARDER              TOD|01:082:442:01|4.40|4.60|4.60|5.00|4.50|4.80|4.80|4.17|4.33|4.50
FLORES              TATIANA|01:082:487:01|4.50|4.50|4.50|4.50|4.50|4.00|4.00|4.00|4.50|4.00
HOWARD              ANGELA|01:082:492:01|4.57|4.65|4.50|4.67|4.62|4.38|4.57|4.38|4.51|4.46
PAUL                BENJAMIN|01:082:492:02|4.57|4.65|4.50|4.67|4.62|4.38|4.57|4.38|4.51|4.46
ZERVIGON ANDRES|01:082:492:03|4.57|4.65|4.50|4.67|4.62|4.38|4.57|4.38|4.51|4.46
BRETTSMITH          SARAH|01:082:492:04|4.57|4.65|4.50|4.67|4.38|4.57|4.38|4.51|4.46
SHEEHAN             TANYA|01:082:492:05|4.57|4.65|4.50|4.67|4.62|4.38|4.57|4.38|4.51|4.46
WEIGERT             LAURA|01:082:492:06|4.57|4.65|4.50|4.67|4.38|4.57|4.38|4.51|4.46
