BRILL                  Deidre|01:595:100:01|4.06|4.29|4.29|4.43|4.11|4.03|4.00|3.86|4.00|3.91
ECHEVERRIA          Darius|01:595:101:02|4.19|4.30|4.08|4.65|4.65|4.11|4.25|4.15|4.00|4.22|3.00
ROSADO|01:595:203:01|4.27|3.77|3.90|3.90|3.52|3.23|3.55|3.86|3.30|3.21
BRILL                        Deidre|01:595:205:01|4.00|4.27|4.40|4.47|4.27|3.87|4.33|3.80|4.07|4.13|5.00
BRILL                         Deidre|01:595:210:01|4.18|4.29|3.82|4.35|4.47|3.65|3.65|3.24|3.88|3.71|5.00
BERG                          Ulla|01:595:298:01|4.62|4.76|4.56|4.72|4.56|4.40|4.60|4.12|4.54|4.54
ECHEVERRIA             Darius|01:595:299:01|4.57|4.43|4.57|4.64|4.64|4.14|4.50|3.93|4.38|4.50
DINZEYFLORES          Zaire|01:595:304:01|5.00|4.40|4.80|4.20|4.40|4.40|4.80|3.80|4.20|4.60
MENDIOLA                     Sandra|01:595:312:01|4.87|4.87|4.78|4.95|4.86|4.57|4.70|4.43|4.74|4.67
FLORES                  Tatiana|01:595:312:02|4.87|4.87|4.78|4.95|4.86|4.57|4.70|4.43|4.74|4.67
SWIFT                  Charles|01:595:312:03|4.87|4.87|4.78|4.95|4.86|4.57|4.70|4.43|4.74|4.67
ECHEVERRIA           Darius|01:595:312:04|4.87|4.87|4.78|4.95|4.86|4.57|4.70|4.43|4.74|4.67|5.00
CARTAGENA             Juan|01:595:370:01|5.00|5.00|5.00|5.00|5.00|5.00|5.00|4.25|5.00|5.00
DENIS                    Milagros|01:595:371:01|4.38|4.33|4.27|4.44|4.57|3.87|4.27|3.87|4.27|4.13
