JACKSONBREWER       KARLA|01:014:103:01|4.36|4.64|4.64|4.55|4.48|4.05|4.48|4.25|4.33|4.30|5.00
BROWN               ALRICK|01:014:132:01|4.43|4.57|4.85|4.62|4.33|4.71|4.71|4.00|4.43|4.53|5.00
BETHEL              LEONARD|01:014:269:01|4.54|4.62|4.73|4.91|4.76|4.34|4.49|4.12|4.39|4.53|3.00|3.00|3.00|3.00|3.00|3.00|3.00|3.00|3.00
PLUMMER             JOEL|01:014:301:02|4.89|5.00|5.00|4.95|4.79|4.89|4.89|4.32|4.83|4.82
GRIER               APRIL|01:014:304:01|3.77|4.08|4.33|4.16|4.18|3.92|4.06|3.90|3.80|3.91|5.00|3.00|3.00|3.00
TATE                GAYLE|01:014:306:01|4.91|4.95|4.95|4.86|4.86|4.82|4.91|4.55|4.91|4.90|5.00
BETHEL              LEONARD|01:014:323:01|4.73|4.73|4.64|4.82|4.82|4.73|4.45|4.36|4.73|4.73
JOHNSON             WALTON|01:014:330:01|4.56|4.53|4.65|4.65|4.47|4.29|4.69|3.88|4.31|4.41|3.00
KHAN                KAMAL|01:014:347:01|4.33|4.13|4.53|4.21|4.07|4.13|3.87|4.00|4.00|3.93
JOHNSON             WALTON|01:014:404:01|4.36|4.73|4.64|4.64|4.00|4.18|4.36|4.18|4.10|4.10
