SZEJNER        ROBERT|01:202:201:01|4.69|4.68|4.65|4.76|4.74|4.48|4.58|4.35|4.66|4.64|5.00|5.00|4.33|4.67|4.50|5.00|5.00|4.00|5.00
SZEJNER         ROBERT|01:202:201:02|4.69|4.68|4.65|4.76|4.74|4.48|4.58|4.35|4.66|4.64|5.00|5.00|4.33|4.67
DESIRE          MARK|01:202:201:03|4.69|4.68|4.65|4.76|4.74|4.48|4.58|4.35|4.66|4.64|5.00
KOHL             JAY|01:202:202:01|4.26|4.35|4.26|4.37|4.22|3.83|4.00|4.21|3.90|4.01|5.00
WELCH|01:202:203:01|3.96|3.99|4.13|3.96|3.72|3.36|3.76|3.61|3.77|3.73
WELCH|01:202:203:02|3.96|3.99|4.13|3.96|3.72|3.36|3.76|3.61|3.77|3.73
MILLER|01:202:204:01|4.55|4.84|4.42|4.84|4.48|4.42|4.37|3.32|4.48|4.13
REISNER         RONALD|01:202:205:01|4.67|4.62|4.62|4.64|4.64|4.44|4.58|4.21|4.55|4.50|4.00|5.00|3.00
EMANUEL|01:202:305:01|4.15|3.75|4.13|3.54|3.85|3.51|3.86|4.21|3.70|3.70
PIEHL|01:202:307:01|4.30|4.30|3.80|4.32|3.92|3.77|3.45|2.70|3.92|3.60
HINDS|01:202:309:01|4.79|4.76|4.90|4.79|4.64|4.61|4.90|4.62|4.89|4.81
HINDS|01:202:312:01|4.85|4.88|4.69|4.88|4.88|4.75|4.85|4.32|4.80|4.80
HIRSCHFIELD|01:202:322:01|4.84|4.80|4.40|4.64|4.48|4.16|4.44|4.00|4.48|4.50
DESIRE           MARK|01:202:327:01|4.68|4.57|4.66|4.51|4.55|4.43|4.54|4.49|4.62|4.63
DESIRE            MARK|01:202:405:01|4.83|4.77|4.89|4.87|4.76|4.72|4.73|4.50|4.78|4.69|5.00|5.00
SZEJNER         ROBERT|01:202:405:80|4.83|4.77|4.89|4.87|4.76|4.72|4.73|4.50|4.78|4.69
FIELDS|01:202:406:01|4.13|4.18|4.24|4.31|4.55|4.12|4.24|4.60|4.07|4.36
PIEHL             ANNE|01:202:496:02|4.50|4.65|4.43|4.70|4.52|4.00|4.39|3.70|4.48|4.39
PIEHL             ANNE|01:202:496:80|4.50|4.65|4.43|4.70|4.52|4.00|4.39|3.70|4.48|4.39
