KELLY               S|01:510:101:02|4.69|4.57|4.38|4.65|4.38|4.14|4.41|4.02|4.49|4.35|4.57|4.55
TARTAKOFF           P|01:510:101:09|4.69|4.57|4.38|4.65|4.38|4.14|4.41|4.02|4.49|4.35
DAVIS               B|01:510:102:01|3.83|4.01|3.51|4.20|4.08|3.41|3.39|3.88|3.47|3.46|3.00
KAPLAN              T|01:510:102:02|3.83|4.01|3.51|4.20|4.08|3.41|3.39|3.88|3.47|3.46|3.00
FIGUEIRA            T|01:510:201:01|4.72|4.45|4.42|4.50|4.42|3.97|4.33|3.82|4.31|4.25|4.50|5.00|5.00|5.00|5.00|5.00|5.00|5.00|5.00
DIBATTISTA          A|01:510:209:01|4.96|5.00|4.92|4.92|4.68|4.77|4.81|4.36|4.88|4.88
KOVEN               S|01:510:224:01|4.65|4.73|4.56|4.87|4.45|4.41|4.41|3.52|4.54|4.42
HANEBRINK           P|01:510:261:01|4.92|4.81|4.69|4.63|4.46|4.38|4.84|4.64|4.70|4.71
TAKACS              S|01:510:306:01|4.47|4.63|4.47|4.73|4.34|4.20|4.36|4.36|4.34|4.28|4.11
MORRISON            K|01:510:313:01|4.52|4.61|4.46|4.79|4.19|4.15|4.18|3.93|4.29|4.07
SHIN                Y|01:510:327:01|3.41|3.07|2.71|3.30|3.86|2.46|2.71|3.86|2.64|2.82
KELLY               S|01:510:337:01|5.00|4.93|4.80|5.00|4.63|4.63|4.75|4.56|5.00|4.81
DAVIS               B|01:510:363:01|3.66|3.86|3.41|3.66|3.93|3.21|3.59|3.93|3.45|3.34
HELLBECK            J|01:510:375:01|4.79|4.79|4.60|4.63|4.47|4.42|4.58|4.23|4.56|4.48|5.00|3.00|3.50|3.50|3.00|4.00
FEINBERG            M|01:510:383:01|4.33|4.41|4.00|4.22|3.94|4.06|4.17|3.89|4.11|4.16
Stauber             Roni|01:510:386:01|5.00|5.00|5.00|5.00|5.00|5.00|5.00|5.00|5.00
Stauber             Roni|01:510:391:01|4.25|3.50|4.00|4.00|4.00|4.00|4.25|4.00|4.00|4.00
FEINBERG            M|01:510:391:03|4.38|3.88|3.53|3.69|3.75|3.41|3.29|3.71|3.56|3.47
