MCGILL              MEREDITH|01:350:219:00|4.43|4.33|4.08|4.41|4.24|3.97|3.96|3.49|4.15|4.00|4.21|2.87|3.37|3.76|3.56|3.62|4.37|4.00
IANNINI CHRISTOPHER|01:350:219:19|4.43|4.33|4.08|4.41|4.24|3.97|3.96|3.49|4.15|4.00|4.21|2.87|3.37|3.76|3.62|4.37
KUSCH ROBERT|01:350:219:22|4.43|4.33|4.08|4.41|4.24|3.97|3.96|3.49|4.15|4.00|4.21|2.87|3.37|3.76|3.56|3.62|4.37
MCCLURE             JOHN|01:350:220:00|4.61|4.42|4.24|4.55|4.18|4.07|4.06|3.94|4.20|4.01|4.22|3.19|3.49|3.89|4.11|3.98|4.32|3.83|3.75
PHILLIPS            MICHELLE|01:350:220:03|4.61|4.42|4.24|4.55|4.18|4.07|4.06|3.94|4.20|4.01|4.22|3.19|3.49|3.89|4.11|3.98|4.32|3.83|3.75
PHILLIPS            MICHELLE|01:350:220:06|4.61|4.42|4.24|4.55|4.18|4.07|4.06|3.94|4.20|4.01|4.22|3.19|3.49|3.89|3.98|4.32
JACKSON GREGORY|01:350:221:01|4.91|4.83|4.78|4.82|4.75|4.75|4.70|4.34|4.77|4.72|4.22|4.04|4.69|4.04|5.00|4.02|4.73|5.00
PRATER              TZARINA|01:350:251:01|4.22|4.58|4.63|4.61|3.67|4.43|4.46|3.71|4.26|4.26|4.14|3.43|3.50|3.85|4.06|4.26|5.00
JAGER               COLIN|01:350:308:01|4.77|4.68|4.58|4.83|4.50|4.47|4.60|4.07|4.63|4.50|4.32|2.92|3.62|4.04|4.00|4.44
ROGERS              JOHN|01:350:313:02|4.43|4.61|4.36|4.71|4.54|4.00|3.79|3.82|4.32|3.96|4.48|2.71|3.14|3.84|3.95|4.32
GILMARTIN           VIRGINIA|01:350:317:01|3.71|3.57|3.14|4.07|4.14|2.71|2.93|2.79|3.00|3.07|4.15|2.79|2.92|3.36|3.79|4.29
KLEIN               STACY|01:350:321:01|4.58|4.47|4.30|4.74|4.26|4.00|4.13|3.62|4.34|4.04|3.31|2.95|3.59|3.93|4.00|3.67|4.50|4.00
LEVAO               RONALD|01:350:323:01|4.92|4.68|4.89|4.83|4.72|4.69|4.77|4.15|4.84|4.79|4.24|2.86|3.57|3.99|3.00|3.92|4.37|4.50
BARTELS EMILY|01:350:323:02|4.92|4.68|4.89|4.83|4.72|4.69|4.77|4.15|4.84|4.79|4.24|2.86|3.57|3.99|3.00|3.92|4.37|4.50
COIRO               ANN|01:350:324:01|4.86|4.89|4.92|4.92|4.78|4.84|4.84|4.11|4.86|4.86|4.83|3.82|4.51|4.14|4.12|4.56|4.00
BUCKLEY             MATTHEW|01:350:347:01|4.70|4.82|4.90|4.88|4.72|4.68|4.65|4.26|4.69|4.66|4.50|3.79|4.03|4.35|5.00|4.24|4.38
DIAMOND             ELIN|01:350:349:01|4.13|3.65|3.98|3.63|3.80|3.67|3.90|3.71|3.58|3.87|3.57|2.51|3.11|3.71|5.00|4.00|4.36|4.33|5.00
SCHMIDT             MARK|01:350:354:01|4.63|4.80|4.73|4.97|4.90|4.73|4.67|3.83|4.69|4.64|4.83|3.55|3.89|4.11|5.00|4.00|4.36|5.00|5.00
FERGUSON            KEVIN|01:350:357:01|4.76|4.86|4.59|4.79|4.79|4.55|4.52|4.10|4.62|4.48|4.50|3.27|3.84|4.31|4.33|4.44|3.00
EVANS               BRADLEY|01:350:367:01|4.67|4.64|4.33|4.61|4.25|4.11|4.09|3.57|4.36|4.11|4.26|3.06|3.48|4.03|5.00|3.88|4.53|5.00|5.00
MATHES CARTER|01:350:370:01|4.08|4.15|4.19|4.41|3.85|3.63|3.74|3.81|3.78|3.70|3.88|3.62|4.08|3.89|3.62|4.31
PRATER              TZARINA|01:350:371:01|4.74|4.75|4.75|4.75|4.46|4.63|4.63|3.83|4.54|4.63|4.79|4.42|4.71|3.96|4.22|4.43
PRATER              TZARINA|01:350:376:01|4.89|4.83|4.74|4.74|4.16|4.26|4.53|3.74|4.74|4.56|4.53|4.13|4.71|4.00|5.00|4.36|4.64|4.50|5.00
MATHES CARTER|01:350:378:01|3.78|4.03|3.77|4.50|3.68|3.35|3.47|3.19|3.45|3.41|4.22|3.59|3.83|3.48|3.74|4.38
FESTA               LYNN|01:350:391:01|4.71|4.65|4.42|4.73|4.10|3.81|4.13|2.90|4.29|4.00|4.50|3.81|4.15|3.72|3.79|4.36
JACKSON GREGORY|01:350:392:01|4.95|4.98|5.00|5.00|4.98|4.95|5.00|4.58|5.00|4.98|4.46|4.10|4.63|4.45|5.00|4.75|4.84
WALKOWITZ           REBECCA|01:350:393:01|4.93|4.90|4.84|4.89|4.55|4.68|4.74|4.31|4.84|4.74|4.61|3.26|3.71|4.01|4.50|4.07|4.46
JURECIC ANN|01:350:393:02|4.93|4.90|4.84|4.89|4.55|4.68|4.74|4.31|4.84|4.74|4.61|3.26|3.71|4.01|4.50|4.07|4.46
MORAN               DANIEL|01:350:393:03|4.93|4.90|4.84|4.89|4.55|4.68|4.74|4.31|4.84|4.74|4.61|3.26|3.71|4.01|4.50|4.07|4.46|5.00
KLEIN               STACY|01:350:412:01|4.83|4.92|4.54|4.92|4.77|4.38|4.54|4.23|4.69|4.31|4.55|3.58|3.36|3.58|4.42|4.17
SCANLON             LAWRENCE|01:350:422:01|4.14|4.23|4.29|4.29|3.92|4.07|4.38|3.29|4.36|4.29|3.85|2.73|3.00|3.93|3.00|4.08|4.33
LEVAO               RONALD|01:350:427:01|4.88|5.00|5.00|5.00|5.00|4.81|4.88|4.56|4.94|4.94|5.00|3.54|3.89|4.29|3.91|4.44|5.00
COIRO               ANN|01:350:434:01|4.68|4.74|4.63|4.79|4.58|4.42|4.37|3.21|4.45|4.21|4.33|3.12|3.73|3.83|3.88|4.50
IANNINI CHRISTOPHER|01:350:435:03|4.53|4.73|4.60|4.87|4.67|4.47|4.53|3.19|4.69|4.56|4.40|3.93|4.50|4.19|4.31|4.31
BUCKLEY             MATTHEW|01:350:436:02|4.95|5.00|4.96|5.00|4.76|4.96|4.91|4.41|4.96|4.91|3.93|3.68|4.40|4.38|4.60|4.45
WALKOWITZ           REBECCA|01:350:437:01|4.69|4.48|4.51|4.61|4.73|4.30|4.38|4.30|4.46|4.37|4.63|3.38|3.68|4.33|4.11|4.32
ROGERS              JOHN|01:350:437:02|4.69|4.48|4.51|4.61|4.73|4.30|4.38|4.30|4.46|4.37|4.63|3.38|3.68|4.33|5.00|4.11|4.32
IAN                 MARCIA|01:350:437:03|4.69|4.48|4.51|4.61|4.73|4.30|4.38|4.30|4.46|4.37|4.63|3.38|3.68|4.33|4.11|4.32
BUSIA               ABENA|01:350:446:01|4.64|4.89|4.92|4.90|4.92|4.85|4.92|4.18|4.89|4.84|4.64|4.05|4.43|4.53|4.00|4.53
GLISERMAN           MARTIN|01:350:446:02|4.64|4.89|4.92|4.90|4.92|4.85|4.92|4.18|4.89|4.84|4.64|4.05|4.43|4.53|5.00|4.00|4.53
