FUKUI               YOKO|01:565:101:01|4.66|4.50|4.61|4.71|4.59|4.45|4.63|4.73|4.49|4.49
FUKUI               Y|01:565:101:02|4.66|4.50|4.61|4.71|4.59|4.45|4.63|4.73|4.49|4.49
OHNISHI             K|01:565:101:03|4.66|4.50|4.61|4.71|4.59|4.45|4.63|4.73|4.49|4.49
HAWALKA             Y|01:565:101:04|4.66|4.50|4.61|4.71|4.59|4.45|4.63|4.73|4.49|4.49
HAWALKA             Y|01:565:101:05|4.66|4.50|4.61|4.71|4.59|4.45|4.63|4.73|4.49|4.49
IWATANI             F|01:565:101:06|4.66|4.50|4.61|4.71|4.59|4.45|4.63|4.73|4.49|4.49
HARASAKI            J|01:565:101:70|4.66|4.50|4.61|4.71|4.59|4.45|4.63|4.73|4.49|4.49|5.00
HARASAKI            J|01:565:201:01|4.88|4.85|4.85|4.88|4.64|4.81|4.80|4.83|4.76|4.78
IWATANI             F|01:565:201:02|4.88|4.85|4.85|4.88|4.64|4.81|4.80|4.83|4.76|4.78
HARASAKI            J|01:565:201:03|4.88|4.85|4.85|4.88|4.64|4.81|4.80|4.83|4.76|4.78
SCHALOW             P|01:565:241:01|4.88|4.84|4.24|4.96|4.84|4.32|4.48|3.88|4.68|4.60
BAXAR               H|01:565:301:01|4.29|4.22|4.20|4.47|4.19|3.91|4.04|4.61|4.02|4.04
BALITE              F|01:565:301:02|4.29|4.22|4.20|4.47|4.19|3.91|4.04|4.61|4.02|4.04
BAXER               H|01:565:401:01|4.21|3.96|3.83|4.21|4.39|4.00|3.88|4.50|4.00|3.91
