Gigliotti           Gary|01:220:103:03|4.18|4.07|4.10|4.08|4.11|3.78|3.99|3.67|3.95|3.91
Sheflin             Neil|01:220:103:04|4.18|4.07|4.10|4.08|4.11|3.78|3.99|3.67|3.95|3.91|3.38|3.38|3.38|3.62|3.46|3.46|3.43|3.54|3.46
Sheflin             Neil|NONE|4.18|4.07|4.10|4.08|4.11|3.78|3.99|3.67|3.95|3.91
RUBIN               JEFFREY|01:220:102:01|4.47|4.31|4.14|4.43|4.27|3.92|3.94|3.40|4.11|3.99|5.00|5.00|5.00|5.00|5.00|5.00|5.00|5.00|5.00
PERRY               MARTIN|01:220:102:03|4.47|4.31|4.14|4.43|4.27|3.92|3.94|3.40|4.11|3.99|5.00|5.00|5.00|5.00|5.00|5.00|5.00|5.00|5.00
SWANZER             LARRY|01:220:102:04|4.47|4.31|4.14|4.43|4.27|3.92|3.94|3.40|4.11|3.99
SWANZER             LARRY|01:220:102:07|4.47|4.31|4.14|4.43|4.27|3.92|3.94|3.40|4.11|3.99|5.00|5.00|5.00|5.00|5.00|5.00|5.00|5.00|5.00
Sheflin             Neil|01:220:103:01|4.25|4.13|4.11|4.12|4.15|3.81|4.03|3.69|4.00|3.94|3.60|3.50|3.50|3.71|3.57|3.57|3.53|3.64|3.46
CLARE               GREGORY|01:220:103:02|4.25|4.13|4.11|4.12|4.15|3.81|4.03|3.69|4.00|3.94|3.60|3.50|3.50|3.71|3.57|3.57|3.53|3.64
CHAUDHURI           BASANTA|01:220:103:11|4.25|4.13|4.11|4.12|4.15|3.81|4.03|3.69|4.00|3.94
CLARE               GREGORY|01:220:200:01|4.64|4.21|3.71|4.02|3.79|3.60|4.07|2.86|4.10|3.80
PAUL                MRIDUCHHAN|01:220:203:02|4.54|4.55|4.25|4.62|4.52|4.20|4.19|3.95|4.34|4.30
DASTAN              ILKER|01:220:203:03|4.54|4.55|4.25|4.62|4.52|4.20|4.19|3.95|4.34|4.30
DASTAN              ILKER|01:220:203:04|4.54|4.55|4.25|4.62|4.52|4.20|4.19|3.95|4.34|4.30
BLAIR               DOUGLAS|01:220:203:12|4.54|4.55|4.25|4.62|4.52|4.20|4.19|3.95|4.34|4.30
PAUL                MRIDUCHHAN|01:220:203:13|4.54|4.55|4.25|4.62|4.52|4.20|4.19|3.95|4.34|4.30|5.00|5.00|5.00|5.00
ARMAH               N|01:220:204:01|4.36|4.13|4.04|4.22|4.19|3.82|3.93|3.78|4.02|3.99
OCCHINO             FILIPPO|01:220:204:02|4.36|4.13|4.04|4.22|4.19|3.82|3.93|3.78|4.02|3.99|5.00|5.00|5.00|5.00
MIZRACH BRUCE|01:220:204:03|4.36|4.13|4.04|4.22|4.19|3.82|3.93|3.78|4.02|3.99
ARMAH               N|01:220:204:06|4.36|4.13|4.04|4.22|4.19|3.82|3.93|3.78|4.02|3.99
HASSAN              MARWA|01:220:204:08|4.36|4.13|4.04|4.22|4.19|3.82|3.93|3.78|4.02|3.99
TOMBLER             YING|01:220:300:03|4.22|4.23|4.03|4.30|4.15|3.92|4.01|3.87|4.11|4.02|3.00
CHAUDHURI           BASANTA|01:220:300:05|4.22|4.23|4.03|4.30|4.15|3.92|4.01|3.87|4.11|4.02
SANI                MAJID|01:220:300:06|4.22|4.23|4.03|4.30|4.15|3.92|4.01|3.87|4.11|4.02
HASSON              MARWA|01:220:301:01|4.22|4.08|3.79|4.27|4.20|3.63|3.85|3.81|3.86|3.82|5.00|5.00
STONE               RAYMOND|01:220:301:02|4.22|4.08|3.79|4.27|4.20|3.63|3.85|3.81|3.86|3.82
PAUL                MRIDUCHHAN|01:220:301:06|4.22|4.08|3.79|4.27|4.20|3.63|3.85|3.81|3.86|3.82
SANI                MAJID|01:220:301:07|4.22|4.08|3.79|4.27|4.20|3.63|3.85|3.81|3.86|3.82
KILLINGSWORTH       MARK|01:220:302:01|4.60|4.41|3.87|4.30|4.10|3.72|3.75|3.52|4.02|3.90|3.68|3.00
ROCKOFF             HUGH|01:220:305:01|4.92|4.75|4.55|4.75|4.48|4.40|4.45|4.03|4.53|4.48
WARMINGHAM          DALE|01:220:308:01|4.68|4.60|4.57|4.60|4.64|4.36|4.32|4.16|4.53|4.51|5.00|5.00
WARMINGHAM          DALE|01:220:308:02|4.68|4.60|4.57|4.60|4.64|4.36|4.32|4.16|4.53|4.51|5.00|5.00|5.00|5.00|5.00|5.00|5.00|5.00
BOWBLIS             JOHN|01:220:316:01|4.56|4.61|4.50|4.47|4.40|4.23|4.39|3.86|4.42|4.40|5.00
BOWBLIS             JOHN|01:220:316:02|4.56|4.61|4.50|4.47|4.40|4.23|4.39|3.86|4.42|4.40|5.00|5.00|5.00|5.00|5.00|5.00|5.00|5.00
AKRAM               KAVEH|01:220:322:03|4.10|3.84|3.32|3.90|3.91|3.23|3.35|2.98|3.51|3.40|3.00|3.00|3.00|3.00|3.00
AKRAM               KAVEH|01:220:322:04|4.10|3.84|3.32|3.90|3.91|3.23|3.35|2.98|3.51|3.40
DELIA               DEREK|01:220:322:05|4.10|3.84|3.32|3.90|3.91|3.23|3.35|2.98|3.51|3.40
EMARA               NOHA|01:220:322:11|4.10|3.84|3.32|3.90|3.91|3.23|3.35|2.98|3.51|3.40
CLARE               GREGORY|01:220:335:01|4.58|4.42|4.32|4.20|4.31|3.85|4.12|4.23|4.35|4.04
TOMBLER             YING|01:220:336:02|4.50|4.48|4.41|4.58|4.57|4.28|4.25|4.16|4.38|4.31|4.50|4.50|4.50|4.50|4.50|4.00|4.00|4.00
GANG IRA|01:220:339:01|3.64|4.04|3.49|3.91|3.76|3.32|3.42|3.39|3.53|3.38
GANG IRA|01:220:339:03|3.64|4.04|3.49|3.91|3.76|3.32|3.42|3.39|3.53|3.38
ULKU                LEVENT|01:220:341:01|4.23|4.13|3.77|4.08|3.53|3.45|3.57|3.40|3.77|3.57
ULKU                LEVENT|01:220:341:02|4.23|4.13|3.77|4.08|3.53|3.45|3.57|3.40|3.77|3.57
TSURUMI             HIROKI|01:220:358:01|3.67|3.54|3.31|3.46|2.69|3.00|3.23|3.46|3.23|3.23
PACZKOWSKI          WALTER|01:220:362:01|3.20|3.73|3.70|3.63|3.77|3.68|3.63|3.43|2.87|3.33|4.00|4.00|4.00|4.00|4.00|4.00
MOEHLING            CAROLYN|01:220:375:01|4.85|4.72|4.42|4.70|4.25|4.31|4.36|3.54|4.48|4.39
KILLINGSWORTH       MARK|01:220:375:02|4.85|4.72|4.42|4.70|4.25|4.31|4.36|3.54|4.48|4.39|3.26|3.61|3.00
TSURUMI             H|01:220:386:01|3.00|2.43|2.14|3.43|2.86|2.29|2.57|3.33|2.71|2.57
HASSAN              MARWA|01:220:389:02|4.27|3.95|3.36|4.27|4.50|3.55|3.82|3.77|3.82|3.86|5.00|5.00|5.00|5.00|5.00|5.00|5.00|5.00|5.00
LU JIE|01:220:393:03|3.93|3.59|3.56|4.24|4.22|3.43|3.64|4.11|3.44|3.61
PACZKOWSKI          WALTER|01:220:394:01|4.47|4.39|4.11|4.47|3.68|3.84|3.84|4.26|3.95|3.89
PERRY               MARTIN|01:220:396:01|4.74|4.75|4.57|4.79|4.63|4.42|4.52|4.00|4.63|4.53|5.00
BORDO               MICHAEL|01:220:412:01|4.57|4.63|4.48|4.40|4.23|4.33|4.57|4.33|4.46|4.25
LANDONLANE JOHN|01:220:421:01|3.92|3.35|3.38|3.38|3.35|3.12|3.62|4.08|3.04|3.20
