RODRIGUEZ           ROBYN|01:920:101:00|4.47|4.38|4.35|4.51|4.46|4.18|4.13|3.82|4.26|4.20|4.32|4.35|4.21|4.15|4.00|4.00|4.00|4.30|4.14
MCDOWELL            DOUGLAS|01:920:101:00|4.47|4.38|4.35|4.51|4.46|4.18|4.13|3.82|4.26|4.20|4.32|4.35|4.21|4.15|4.00|4.00|4.00|4.30|4.14
WILHELMS            JEFF|01:920:101:05|4.47|4.38|4.35|4.51|4.46|4.18|4.13|3.82|4.26|4.20|4.32|4.35|4.21|4.15|4.00|4.00|4.00|4.30|4.14
CLARKE              LEE|01:920:101:25|4.47|4.38|4.35|4.51|4.46|4.18|4.13|3.82|4.26|4.20|4.32|4.35|4.21
KEMPNER             JOANNA|01:920:103:01|4.63|4.57|4.60|4.61|4.59|4.47|4.50|3.88|4.53|4.45
DOWD                JEFFREY|01:920:103:03|4.63|4.57|4.60|4.61|4.59|4.47|4.50|3.88|4.53|4.45
MAJUMDAR            BIJITA|01:920:108:01|3.91|3.57|3.66|3.63|3.84|3.40|3.40|3.51|3.45|3.43|3.33|3.00|3.00|3.00|3.33|3.00|3.33|3.00
HANSELL             STEPHEN|01:920:210:01|4.90|4.71|4.84|4.85|4.66|4.56|4.71|4.17|4.76|4.69|5.00|5.00|5.00|5.00|5.00
PHILLIPS            JULIE|01:920:222:01|4.38|4.34|4.28|4.34|4.27|3.95|4.08|3.92|4.09|4.08
WINEBERG            HOWARD|01:920:222:03|4.38|4.34|4.28|4.34|4.27|3.95|4.08|3.92|4.09|4.08
HIRSCHFIELD         PAUL|01:920:222:04|4.38|4.34|4.28|4.34|4.27|3.95|4.08|3.92|4.09|4.08|4.67|4.00|4.00|5.00
SMITH               DRANDALL|01:920:248:02|4.28|3.98|3.69|3.92|3.77|2.98|3.51|3.94|3.52|3.34
SCHUSTER            SHERRIL|01:920:272:01|4.03|3.47|3.43|3.68|3.74|3.07|3.39|3.53|3.17|3.34|3.80|3.00|3.00|3.00|3.00|3.00|3.00|3.00|3.00
GERSON              ARON|01:920:290:01|3.43|3.62|3.68|4.05|4.19|3.38|3.32|3.70|3.35|3.49|5.00|5.00|5.00|5.00|4.00|5.00|5.00|5.00|5.00
DAIPHA              PHAEDRA|01:920:291:01|4.16|3.86|3.71|4.12|3.88|3.35|3.37|3.07|3.43|3.47
IDLER               ELLEN|01:920:303:00|4.42|4.43|4.07|4.54|3.76|3.73|3.97|3.13|3.97|3.86|5.00|5.00|5.00|5.00|5.00|5.00|5.00|5.00|5.00
MCDOWELL            DOUGLAS|01:920:304:04|4.41|4.35|4.12|4.36|4.28|3.95|4.01|3.95|4.12|4.06|4.00
SINGH               SOURABH|01:920:304:09|4.41|4.35|4.12|4.36|4.28|3.95|4.01|3.95|4.12|4.06|4.00|3.00|3.00|3.00|3.00|3.00
DOWD                JEFFREY|01:920:306:01|4.49|4.70|4.58|4.64|4.46|4.36|4.42|3.90|4.52|4.42
RECK                PAUL|01:920:306:02|4.49|4.70|4.58|4.64|4.46|4.36|4.42|3.90|4.52|4.42
SINGLETON           ALENA|01:920:306:03|4.49|4.70|4.58|4.64|4.46|4.36|4.42|3.90|4.52|4.42|5.00|5.00|5.00|5.00|5.00|5.00|5.00|5.00|5.00
CARELLI             LINDA|01:920:307:01|4.32|4.56|4.46|4.65|4.51|4.26|4.28|4.18|4.34|4.27
ROSENFIELD          SARAH|01:920:307:03|4.32|4.56|4.46|4.65|4.51|4.26|4.28|4.18|4.34|4.27
PHILLIPS            JULIE|01:920:311:00|4.41|4.26|3.95|4.40|4.34|3.92|3.82|3.18|4.05|3.88
SZUMKOWIAK          DOROTA|01:920:311:02|4.41|4.26|3.95|4.40|4.34|3.92|3.82|3.18|4.05|3.88
CERULO              KAREN|01:920:312:01|4.77|4.72|4.63|4.93|4.58|4.58|4.61|3.67|4.71|4.71
HEMLER              JENNIFER|01:920:312:01|4.77|4.72|4.63|4.93|4.58|4.58|4.61|3.67|4.71|4.71
MITCHELL            ELIZABETH|01:920:313:00|4.27|4.13|3.82|4.24|3.86|3.69|3.72|3.41|3.89|3.83
MITCHELL            ELIZABETH|01:920:314:00|4.50|4.54|4.25|4.57|4.36|4.05|4.20|3.39|4.28|4.19
MISCHE              ANN|01:920:314:00|4.50|4.54|4.25|4.57|4.36|4.05|4.20|3.39|4.28|4.19
LAPOINTE            ELEANOR|01:920:314:07|4.50|4.54|4.25|4.57|4.36|4.05|4.20|3.39|4.28|4.19
ZERUBAVEL           EVIATAR|01:920:319:01|4.47|4.40|4.50|4.53|4.10|4.13|4.13|3.50|4.21|4.21
FRIEDMAN            JUDITH|01:920:321:01|4.15|4.30|4.11|4.33|4.22|3.92|3.96|3.85|3.89|3.85
GERSON              JUDITH|01:920:324:01|4.57|4.75|4.54|4.75|4.68|4.39|4.41|3.81|4.61|4.46
WILLIAMS            RICHARD|01:920:326:01|3.70|3.48|3.82|3.76|3.28|3.41|3.45|3.28|3.45|3.36
MCDOWELL            DOUGLAS|01:920:349:01|4.37|4.24|4.18|4.37|4.31|4.02|4.02|3.76|4.21|4.06
BATEMAN             M|01:920:349:80|4.37|4.24|4.18|4.37|4.31|4.02|4.02|3.76|4.21|4.06
SCHUSTER            SHERRIL|01:920:354:01|4.12|3.06|3.76|3.41|3.35|3.41|3.94|3.71|3.35|3.47
COVINGTON           JEANETTE|01:920:361:01|4.11|3.70|3.68|3.81|3.40|3.19|4.04|4.15|3.58|3.67
IDLER               ELLEN|01:920:399:01|4.60|4.70|4.80|4.90|4.86|4.70|4.40|4.20|4.56|4.50
WINEBERG            HOWARD|01:920:410:01|3.88|3.94|4.15|3.88|4.00|3.76|3.82|4.03|3.91|3.94
WINEBERG            H|01:920:410:80|3.88|3.94|4.15|3.88|4.00|3.76|3.82|4.03|3.91|3.94
RAZANI              A|01:920:421:01|4.71|4.87|4.81|4.90|4.80|4.74|4.84|4.30|4.76|4.78
BOROCZ              JOZSEF|01:920:421:02|4.71|4.87|4.81|4.90|4.80|4.74|4.84|4.30|4.76|4.78
SMITH               DRANDALL|01:920:421:03|4.71|4.87|4.81|4.90|4.80|4.74|4.84|4.30|4.76|4.78
FRIEDMAN            JUDITH H|01:920:428:01|4.29|4.50|4.24|4.63|4.18|3.81|3.88|3.71|4.00|3.73
