ARSZULOWICZ         STANLEY|01:640:001:30|4.73|4.38|4.26|4.45|4.64|4.35|4.05|2.27|4.50|4.13
PAPALI              GI BERT|01:640:001:31|4.73|4.38|4.26|4.45|4.64|4.35|4.05|2.27|4.50|4.13
PAPALI              GILBERT|01:640:001:32|4.73|4.38|4.26|4.45|4.64|4.35|4.05|2.27|4.50|4.13|3.00
REITMANN            JOHN|01:640:023:01|4.47|4.29|4.07|3.85|4.21|3.93|3.91|3.00|3.85|4.36
ARSZULOWILZ         STANLEY|01:640:025:01|4.39|4.13|3.95|4.23|4.23|3.99|3.80|2.45|4.17|3.89|4.57
REITMANN            JOHN|01:640:025:02|4.39|4.13|3.95|4.23|4.23|3.99|3.80|2.45|4.17|3.89
HOPEY               JUDITH|01:640:025:04|4.39|4.13|3.95|4.23|4.23|3.99|3.80|2.45|4.17|3.89
HINTON              MELVIN|01:640:025:10|4.39|4.13|3.95|4.23|4.23|3.99|3.80|2.45|4.17|3.89|4.57|4.43|4.00|4.80|5.00|4.75|5.00|4.75|4.67
ROMANO              ALFRED|01:640:025:13|4.39|4.13|3.95|4.23|4.23|3.99|3.80|2.45|4.17|3.89
REITMANN            JOHN|01:640:025:14|4.39|4.13|3.95|4.23|4.23|3.99|3.80|2.45|4.17|3.89|4.57|4.43|4.00|4.80|5.00
OKOMO               WALTER|01:640:025:16|4.39|4.13|3.95|4.23|4.23|3.99|3.80|2.45|4.17|3.89
OKOMO               WALTER|01:640:025:17|4.39|4.13|3.95|4.23|4.23|3.99|3.80|2.45|4.17|3.89
TORPEY              SARA|01:640:025:18|4.39|4.13|3.95|4.23|4.23|3.99|3.80|2.45|4.17|3.89
TORPEY              SARA|01:640:025:19|4.39|4.13|3.95|4.23|4.23|3.99|3.80|2.45|4.17|3.89|4.57|4.43|4.00|4.80|5.00|4.75|5.00|4.75|4.67
SCHWARTZ            SHARONSC|01:640:025:20|4.39|4.13|3.95|4.23|4.23|3.99|3.80|2.45|4.17|3.89|4.57|4.43|4.00|4.80|5.00|4.75|5.00|4.75|4.67
PAPALI              GILBERT|01:640:025:31|4.39|4.13|3.95|4.23|4.23|3.99|3.80|2.45|4.17|3.89
PAPALI              GILBERT|01:640:025:32|4.39|4.13|3.95|4.23|4.23|3.99|3.80|2.45|4.17|3.89
BURNS               SANDY|01:640:025:33|4.39|4.13|3.95|4.23|4.23|3.99|3.80|2.45|4.17|3.89|4.57|4.43|4.00|4.80|5.00|4.75|5.00|4.75
SCHWARTZ            SHARON|01:640:026:01|4.52|4.27|4.12|4.34|4.28|4.03|3.83|2.63|4.18|3.96|4.50
ZADERMAN            YURI|01:640:026:02|4.52|4.27|4.12|4.34|4.28|4.03|3.83|2.63|4.18|3.96
KLEIN               RICHARD|01:640:026:03|4.52|4.27|4.12|4.34|4.28|4.03|3.83|2.63|4.18|3.96
BRITZ               DAVID|01:640:026:04|4.52|4.27|4.12|4.34|4.28|4.03|3.83|2.63|4.18|3.96
SAFRAN              STEVEN|01:640:026:05|4.52|4.27|4.12|4.34|4.28|4.03|3.83|2.63|4.18|3.96
URBANSKI            ROBERT|01:640:026:06|4.52|4.27|4.12|4.34|4.28|4.03|3.83|2.63|4.18|3.96
HOROWITZ            DIANA|01:640:026:08|4.52|4.27|4.12|4.34|4.28|4.03|3.83|2.63|4.18|3.96
NILANJAN            PAUL|01:640:026:09|4.52|4.27|4.12|4.34|4.28|4.03|3.83|2.63|4.18|3.96|4.50|4.33|4.50|4.40|4.20|3.67
BRITZ               DAVID|01:640:026:10|4.52|4.27|4.12|4.34|4.28|4.03|3.83|2.63|4.18|3.96
KINKHABWALA         RITA|01:640:026:12|4.52|4.27|4.12|4.34|4.28|4.03|3.83|2.63|4.18|3.96
ZADERMAN            YURI|01:640:026:13|4.52|4.27|4.12|4.34|4.28|4.03|3.83|2.63|4.18|3.96
DODD                JENNIFER|01:640:026:14|4.52|4.27|4.12|4.34|4.28|4.03|3.83|2.63|4.18|3.96
AMODIO              JAMES|01:640:026:15|4.52|4.27|4.12|4.34|4.28|4.03|3.83|2.63|4.18|3.96
AMODLO              JAMES|01:640:026:17|4.52|4.27|4.12|4.34|4.28|4.03|3.83|2.63|4.18|3.96|4.50
AMODLO              JAMES|01:640:026:18|4.52|4.27|4.12|4.34|4.28|4.03|3.83|2.63|4.18|3.96|4.50|4.33|4.50|4.40|4.40|4.20
NYGARD              KRISTA|01:640:026:19|4.52|4.27|4.12|4.34|4.28|4.03|3.83|2.63|4.18|3.96
MUKHERJEE           ARUN|01:640:026:20|4.52|4.27|4.12|4.34|4.28|4.03|3.83|2.63|4.18|3.96
FISHER              RANDOLPH|01:640:026:21|4.52|4.27|4.12|4.34|4.28|4.03|3.83|2.63|4.18|3.96
FISHER              RANDOLPH|01:640:026:22|4.52|4.27|4.12|4.34|4.28|4.03|3.83|2.63|4.18|3.96
NYGARD              KRISTA|01:640:026:23|4.52|4.27|4.12|4.34|4.28|4.03|3.83|2.63|4.18|3.96
RUMEN               JEFFREY|01:640:026:24|4.52|4.27|4.12|4.34|4.28|4.03|3.83|2.63|4.18|3.96|4.50
HOROWITZ            DIANA|01:640:026:25|4.52|4.27|4.12|4.34|4.28|4.03|3.83|2.63|4.18|3.96
FISHER              RANDOLPH|01:640:026:26|4.52|4.27|4.12|4.34|4.28|4.03|3.83|2.63|4.18|3.96
BURNS               SANDY|01:640:027:01|4.47|4.21|3.82|4.23|4.44|3.76|3.58|2.02|4.03|3.63
LINDBOE             THERESA|01:640:027:02|4.47|4.21|3.82|4.23|4.44|3.76|3.58|2.02|4.03|3.63
KLEIN               BETH|01:640:027:04|4.47|4.21|3.82|4.23|4.44|3.76|3.58|2.02|4.03|3.63
KLEIN               BETH|01:640:027:05|4.47|4.21|3.82|4.23|4.44|3.76|3.58|2.02|4.03|3.63
KINKHABWALA         RITA|01:640:027:06|4.47|4.21|3.82|4.23|4.44|3.76|3.58|2.02|4.03|3.63
LINDBOE             THERESA|01:640:027:07|4.47|4.21|3.82|4.23|4.44|3.76|3.58|2.02|4.03|3.63
JONES               MARGARET|01:640:027:10|4.47|4.21|3.82|4.23|4.44|3.76|3.58|2.02|4.03|3.63|5.00
JONES               MARGARET|01:640:027:11|4.47|4.21|3.82|4.23|4.44|3.76|3.58|2.02|4.03|3.63
EVANS               JUDITH|01:640:027:12|4.47|4.21|3.82|4.23|4.44|3.76|3.58|2.02|4.03|3.63
COLLIN              ELIOT|01:640:027:16|4.47|4.21|3.82|4.23|4.44|3.76|3.58|2.02|4.03|3.63
COLLINS             ELIOT|01:640:027:17|4.47|4.21|3.82|4.23|4.44|3.76|3.58|2.02|4.03|3.63
RUMEN               JEFFREY|01:640:027:18|4.47|4.21|3.82|4.23|4.44|3.76|3.58|2.02|4.03|3.63
COZZENS             M|01:640:103:01|4.57|4.54|4.28|4.62|4.56|4.25|4.14|2.66|4.41|4.12
BERKOWITZ           JERRY|01:640:103:02|4.57|4.54|4.28|4.62|4.56|4.25|4.14|2.66|4.41|4.12
BERKOWITZ           JERRY|01:640:103:03|4.57|4.54|4.28|4.62|4.56|4.25|4.14|2.66|4.41|4.12|5.00|5.00
NOONE               KEVIN|01:640:103:04|4.57|4.54|4.28|4.62|4.56|4.25|4.14|2.66|4.41|4.12|5.00|5.00|5.00|5.00|5.00|5.00|5.00|5.00
WEINGART            MICHAEL|01:640:103:05|4.57|4.54|4.28|4.62|4.56|4.25|4.14|2.66|4.41|4.12
NOONE               KEVIN|01:640:103:07|4.57|4.54|4.28|4.62|4.56|4.25|4.14|2.66|4.41|4.12|5.00|5.00|5.00|5.00|5.00|5.00|5.00|5.00|5.00
COZZENS|01:640:103:08|4.57|4.54|4.28|4.62|4.56|4.25|4.14|2.66|4.41|4.12|5.00
MARVIN              MARY|01:640:103:09|4.57|4.54|4.28|4.62|4.56|4.25|4.14|2.66|4.41|4.12
MARVIN              MARY|01:640:103:10|4.57|4.54|4.28|4.62|4.56|4.25|4.14|2.66|4.41|4.12
IRVINE              WILLIAM|01:640:103:11|4.57|4.54|4.28|4.62|4.56|4.25|4.14|2.66|4.41|4.12
SUBASI              MUNEVVER|01:640:103:12|4.57|4.54|4.28|4.62|4.56|4.25|4.14|2.66|4.41|4.12|5.00
WEINGART            MICHAEL|01:640:103:71|4.57|4.54|4.28|4.62|4.56|4.25|4.14|2.66|4.41|4.12
WEINGART            MICHAEL|01:640:104:01|4.87|4.83|4.79|4.86|4.86|4.76|4.39|3.24|4.86|4.62
BEALS               ROBERT|01:640:107:01|4.50|4.58|4.46|4.74|4.54|4.33|4.04|3.54|4.59|4.23
LEIFER              SARAH|01:640:111:00|4.25|4.05|3.83|4.18|4.08|3.72|3.75|2.95|3.88|3.71|4.25|4.33|4.80|5.00|4.50|4.60|4.60|4.25|4.00
SAFRAN              STEVEN|01:640:111:00|4.25|4.05|3.83|4.18|4.08|3.72|3.75|2.95|3.88|3.71
SAFRAN              STEVEN|01:640:111:00|4.25|4.05|3.83|4.18|4.08|3.72|3.75|2.95|3.88|3.71|4.25
HOROWITZ            PRANA|01:640:111:00|4.25|4.05|3.83|4.18|4.08|3.72|3.75|2.95|3.88|3.71
SAFRAN              STEVEN|01:640:111:00|4.25|4.05|3.83|4.18|4.08|3.72|3.75|2.95|3.88|3.71|4.25|4.33|4.80|5.00|4.50|4.60|4.60|4.25|4.00
ZADERMAN            YURI|01:640:111:00|4.25|4.05|3.83|4.18|4.08|3.72|3.75|2.95|3.88|3.71
ZADERMAN            YURI|01:640:111:00|4.25|4.05|3.83|4.18|4.08|3.72|3.75|2.95|3.88|3.71|4.25
LINDBOE             THERESA|01:640:111:00|4.25|4.05|3.83|4.18|4.08|3.72|3.75|2.95|3.88|3.71
KINKHABWALA         RITA|01:640:111:00|4.25|4.05|3.83|4.18|4.08|3.72|3.75|2.95|3.88|3.71
THRELFALL           SHAWN|01:640:111:01|4.25|4.05|3.83|4.18|4.08|3.72|3.75|2.95|3.88|3.71
THRELFALL           SHAWN|01:640:111:02|4.25|4.05|3.83|4.18|4.08|3.72|3.75|2.95|3.88|3.71|4.50
THRELFALL           SHAWN|01:640:111:03|4.25|4.05|3.83|4.18|4.08|3.72|3.75|2.95|3.88|3.71
WARD                PETER|01:640:111:06|4.25|4.05|3.83|4.18|4.08|3.72|3.75|2.95|3.88|3.71
PINAGAPANY          SRINIVAS|01:640:111:07|4.25|4.05|3.83|4.18|4.08|3.72|3.75|2.95|3.88|3.71
PINAGAPANY          SRINIVAS|01:640:111:08|4.25|4.05|3.83|4.18|4.08|3.72|3.75|2.95|3.88|3.71
NEMZER              DANIEL|01:640:111:09|4.25|4.05|3.83|4.18|4.08|3.72|3.75|2.95|3.88|3.71
NEMZER              D|01:640:111:10|4.25|4.05|3.83|4.18|4.08|3.72|3.75|2.95|3.88|3.71
NEMZER              DANIEL|01:640:111:11|4.25|4.05|3.83|4.18|4.08|3.72|3.75|2.95|3.88|3.71
BROWN               NOAM|01:640:111:18|4.25|4.05|3.83|4.18|4.08|3.72|3.75|2.95|3.88|3.71
CHANDRASEKARAN      JANANI|01:640:111:20|4.25|4.05|3.83|4.18|4.08|3.72|3.75|2.95|3.88|3.71
ZHAO                XIANG|01:640:111:23|4.25|4.05|3.83|4.18|4.08|3.72|3.75|2.95|3.88|3.71
ZHAO                XIANG|01:640:111:24|4.25|4.05|3.83|4.18|4.08|3.72|3.75|2.95|3.88|3.71|4.25|4.33
ZHAO                XIANG|01:640:111:25|4.25|4.05|3.83|4.18|4.08|3.72|3.75|2.95|3.88|3.71|4.25|4.33|4.80|5.00|4.50|4.60|4.60|4.00
CHANDRASEKARAN      JANANI|01:640:111:26|4.25|4.05|3.83|4.18|4.08|3.72|3.75|2.95|3.88|3.71
CHANDRASEKARAN      JANANI|01:640:111:27|4.25|4.05|3.83|4.18|4.08|3.72|3.75|2.95|3.88|3.71
NEMZER              DANIEL|01:640:111:30|4.25|4.05|3.83|4.18|4.08|3.72|3.75|2.95|3.88|3.71
NEMZER              DANIEL|01:640:111:31|4.25|4.05|3.83|4.18|4.08|3.72|3.75|2.95|3.88|3.71
NEMZER              DANIEL|01:640:111:32|4.25|4.05|3.83|4.18|4.08|3.72|3.75|2.95|3.88|3.71
SCOTT               MATTHEW|01:640:111:35|4.25|4.05|3.83|4.18|4.08|3.72|3.75|2.95|3.88|3.71
BROWER              JOSEPH|01:640:111:36|4.25|4.05|3.83|4.18|4.08|3.72|3.75|2.95|3.88|3.71
BROWER              JOSEPH|01:640:111:37|4.25|4.05|3.83|4.18|4.08|3.72|3.75|2.95|3.88|3.71
THRELFALL           SHAWN|01:640:111:45|4.25|4.05|3.83|4.18|4.08|3.72|3.75|2.95|3.88|3.71|4.25|4.33
THRELFALL           SHAWN|01:640:111:46|4.25|4.05|3.83|4.18|4.08|3.72|3.75|2.95|3.88|3.71
THRELFALL           SHAWN|01:640:111:47|4.25|4.05|3.83|4.18|4.08|3.72|3.75|2.95|3.88|3.71|4.25|4.33
KABUS               IRWIN|01:640:112:00|4.28|4.20|4.00|4.30|4.33|3.93|3.88|2.94|4.03|3.79|4.00|3.75|3.75|4.00|4.00|3.67|3.67
PETERSON            STEPHEN|01:640:112:00|4.28|4.20|4.00|4.30|4.33|3.93|3.88|2.94|4.03|3.79|4.00|3.75|3.75|4.00|3.67|4.00|3.67|3.67|3.00
KABUS               IRWIN|01:640:112:00|4.28|4.20|4.00|4.30|4.33|3.93|3.88|2.94|4.03|3.79|4.00|3.75|3.75|4.00|3.67|4.00|3.67|3.67
TANG                NING|01:640:112:01|4.28|4.20|4.00|4.30|4.33|3.93|3.88|2.94|4.03|3.79
TANG                NING|01:640:112:02|4.28|4.20|4.00|4.30|4.33|3.93|3.88|2.94|4.03|3.79
TANG                NING|01:640:112:03|4.28|4.20|4.00|4.30|4.33|3.93|3.88|2.94|4.03|3.79
KERRIGAN            JOHN|01:640:112:08|4.28|4.20|4.00|4.30|4.33|3.93|3.88|2.94|4.03|3.79
KERRIGAN            JOHN|01:640:112:09|4.28|4.20|4.00|4.30|4.33|3.93|3.88|2.94|4.03|3.79
THRELFALL           SHAWN|01:640:112:10|4.28|4.20|4.00|4.30|4.33|3.93|3.88|2.94|4.03|3.79
TANG                NING|01:640:112:12|4.28|4.20|4.00|4.30|4.33|3.93|3.88|2.94|4.03|3.79
KLEIN               RICHARD|01:640:115:00|4.27|4.09|3.84|4.23|4.10|3.75|3.71|3.00|3.95|3.74
SCHEIMAN            DAVID|01:640:115:00|4.27|4.09|3.84|4.23|4.10|3.75|3.71|3.00|3.95|3.74|4.40|4.71|4.33|4.50|4.40|4.40|4.25|4.40|4.25
PLOTKIN             RITA|01:640:115:00|4.27|4.09|3.84|4.23|4.10|3.75|3.71|3.00|3.95|3.74
HIRSH               LEWIS|01:640:115:00|4.27|4.09|3.84|4.23|4.10|3.75|3.71|3.00|3.95|3.74
PLOTKIN             RITA|01:640:115:00|4.27|4.09|3.84|4.23|4.10|3.75|3.71|3.00|3.95|3.74
KLEIN               RICHARD|01:640:115:00|4.27|4.09|3.84|4.23|4.10|3.75|3.71|3.00|3.95|3.74
SCHEIMAN            DAVID|01:640:115:00|4.27|4.09|3.84|4.23|4.10|3.75|3.71|3.00|3.95|3.74
HIRSCH              LEWIS|01:640:115:00|4.27|4.09|3.84|4.23|4.10|3.75|3.71|3.00|3.95|3.74|4.40
LINDBOE             THERESA|01:640:115:00|4.27|4.09|3.84|4.23|4.10|3.75|3.71|3.00|3.95|3.74
URBANSKI            ROBERT|01:640:115:00|4.27|4.09|3.84|4.23|4.10|3.75|3.71|3.00|3.95|3.74
KOO                 ERIC|01:640:115:03|4.27|4.09|3.84|4.23|4.10|3.75|3.71|3.00|3.95|3.74|4.71
MATEESCU            VINCENT|01:640:115:07|4.27|4.09|3.84|4.23|4.10|3.75|3.71|3.00|3.95|3.74
MATEESCU            VINCENT|01:640:115:08|4.27|4.09|3.84|4.23|4.10|3.75|3.71|3.00|3.95|3.74
MATEESCU            VINCENT|01:640:115:09|4.27|4.09|3.84|4.23|4.10|3.75|3.71|3.00|3.95|3.74
NAUMOVA             MARIYA|01:640:115:18|4.27|4.09|3.84|4.23|4.10|3.75|3.71|3.00|3.95|3.74
NAUMOVA             MARIVA|01:640:115:19|4.27|4.09|3.84|4.23|4.10|3.75|3.71|3.00|3.95|3.74
NAUMOVA             MARIVA|01:640:115:20|4.27|4.09|3.84|4.23|4.10|3.75|3.71|3.00|3.95|3.74
HAIMOWITZ           STEPHANIE|01:640:115:27|4.27|4.09|3.84|4.23|4.10|3.75|3.71|3.00|3.95|3.74
MATEESCU            VINCENT|01:640:115:28|4.27|4.09|3.84|4.23|4.10|3.75|3.71|3.00|3.95|3.74
MATEESCU            VINCENT|01:640:115:29|4.27|4.09|3.84|4.23|4.10|3.75|3.71|3.00|3.95|3.74
MATEESCU            VINCENT|01:640:115:30|4.27|4.09|3.84|4.23|4.10|3.75|3.71|3.00|3.95|3.74
MATEESCU            VINCENT|01:640:115:31|4.27|4.09|3.84|4.23|4.10|3.75|3.71|3.00|3.95|3.74
MATEESCU            VINCENT|01:640:115:32|4.27|4.09|3.84|4.23|4.10|3.75|3.71|3.00|3.95|3.74
KICZEK              RYAN|01:640:115:46|4.27|4.09|3.84|4.23|4.10|3.75|3.71|3.00|3.95|3.74|4.40|4.71|4.50|4.40|4.40
DORAN               ROBERT|01:640:115:47|4.27|4.09|3.84|4.23|4.10|3.75|3.71|3.00|3.95|3.74
YAKUBOV             ARIEL|01:640:115:49|4.27|4.09|3.84|4.23|4.10|3.75|3.71|3.00|3.95|3.74
THRELFALL           SHAWN|01:640:115:50|4.27|4.09|3.84|4.23|4.10|3.75|3.71|3.00|3.95|3.74
THRELFALL           S|01:640:115:51|4.27|4.09|3.84|4.23|4.10|3.75|3.71|3.00|3.95|3.74
MILLER              N|01:640:115:56|4.27|4.09|3.84|4.23|4.10|3.75|3.71|3.00|3.95|3.74|4.71|4.33|4.50|4.40
MILLER              N|01:640:115:57|4.27|4.09|3.84|4.23|4.10|3.75|3.71|3.00|3.95|3.74
MILLER              N|01:640:115:59|4.27|4.09|3.84|4.23|4.10|3.75|3.71|3.00|3.95|3.74
MILLER              N|01:640:115:60|4.27|4.09|3.84|4.23|4.10|3.75|3.71|3.00|3.95|3.74
MILLER              N|01:640:115:61|4.27|4.09|3.84|4.23|4.10|3.75|3.71|3.00|3.95|3.74|4.40|4.71|4.33|4.50|4.40|4.40|4.25|4.40|4.25
DORAN               R|01:640:131:71|4.56|4.75|4.81|4.88|4.81|4.69|4.50|3.13|4.69|4.56
DUVVURI             V|01:640:135:00|4.32|4.18|3.97|4.36|4.26|3.87|3.79|3.27|4.00|3.81|4.63|4.42|4.46|4.42
NOONE               K|01:640:135:00|4.32|4.18|3.97|4.36|4.26|3.87|3.79|3.27|4.00|3.81
BERKOWITZ           J|01:640:135:00|4.32|4.18|3.97|4.36|4.26|3.87|3.79|3.27|4.00|3.81|4.63|4.42|4.46|4.42|4.30
ROJAS               P|01:640:135:00|4.32|4.18|3.97|4.36|4.26|3.87|3.79|3.27|4.00|3.81
SHAPIRO             N|01:640:135:00|4.32|4.18|3.97|4.36|4.26|3.87|3.79|3.27|4.00|3.81
SOFFER              S|01:640:135:00|4.32|4.18|3.97|4.36|4.26|3.87|3.79|3.27|4.00|3.81
HERSCHKORN          S|01:640:135:00|4.32|4.18|3.97|4.36|4.26|3.87|3.79|3.27|4.00|3.81
NOONE               K|01:640:135:00|4.32|4.18|3.97|4.36|4.26|3.87|3.79|3.27|4.00|3.81|4.63|4.42|4.46|4.42|4.30|4.36|4.22|4.22|4.50
BERKOWITZ           J|01:640:135:00|4.32|4.18|3.97|4.36|4.26|3.87|3.79|3.27|4.00|3.81|4.63|4.36
SHAPIRO             N|01:640:135:00|4.32|4.18|3.97|4.36|4.26|3.87|3.79|3.27|4.00|3.81
XU                  S|01:640:135:00|4.32|4.18|3.97|4.36|4.26|3.87|3.79|3.27|4.00|3.81
FERRY               S|01:640:135:00|4.32|4.18|3.97|4.36|4.26|3.87|3.79|3.27|4.00|3.81|4.63
SUBASI              M|01:640:135:00|4.32|4.18|3.97|4.36|4.26|3.87|3.79|3.27|4.00|3.81|4.63|4.42|4.46|4.42|4.36|4.22|4.22|4.50
SOFFER              S|01:640:135:00|4.32|4.18|3.97|4.36|4.26|3.87|3.79|3.27|4.00|3.81
ROJAS               P|01:640:135:00|4.32|4.18|3.97|4.36|4.26|3.87|3.79|3.27|4.00|3.81
HERSCHKORN          S|01:640:135:00|4.32|4.18|3.97|4.36|4.26|3.87|3.79|3.27|4.00|3.81
SOFFER              S|01:640:135:00|4.32|4.18|3.97|4.36|4.26|3.87|3.79|3.27|4.00|3.81
SOSA                J|01:640:135:05|4.32|4.18|3.97|4.36|4.26|3.87|3.79|3.27|4.00|3.81
SOSA                J|01:640:135:06|4.32|4.18|3.97|4.36|4.26|3.87|3.79|3.27|4.00|3.81
SOSA                J|01:640:135:07|4.32|4.18|3.97|4.36|4.26|3.87|3.79|3.27|4.00|3.81|4.63|4.42|4.46|4.42|4.30|4.36|4.22|4.22
BORA                S|01:640:135:54|4.32|4.18|3.97|4.36|4.26|3.87|3.79|3.27|4.00|3.81
BORA                S|01:640:135:55|4.32|4.18|3.97|4.36|4.26|3.87|3.79|3.27|4.00|3.81
SUBASI              MUNEVVER|01:640:136:00|4.73|4.70|4.38|4.69|4.85|4.40|4.49|3.73|4.55|4.52|5.00
XU                  SONGYUN|01:640:151:00|4.49|4.46|4.21|4.56|4.28|4.09|4.06|3.93|4.24|4.15
IRVINE              WILLIAM|01:640:151:00|4.49|4.46|4.21|4.56|4.28|4.09|4.06|3.93|4.24|4.15
IRVINE              WILLIAM|01:640:151:00|4.49|4.46|4.21|4.56|4.28|4.09|4.06|3.93|4.24|4.15
IRVINE              WILLIAM|01:640:151:00|4.49|4.46|4.21|4.56|4.28|4.09|4.06|3.93|4.24|4.15|4.21|4.50|4.40|4.25|3.67|4.50|4.75|4.33
MEDINA              LUIS|01:640:151:00|4.49|4.46|4.21|4.56|4.28|4.09|4.06|3.93|4.24|4.15|4.21|4.50|4.40|4.25|4.50|4.75
HART                DERRICK|01:640:151:00|4.49|4.46|4.21|4.56|4.28|4.09|4.06|3.93|4.24|4.15|4.21
BUMBY               RICHARD|01:640:151:00|4.49|4.46|4.21|4.56|4.28|4.09|4.06|3.93|4.24|4.15
BURDGES             JEFFREY|01:640:151:42|4.49|4.46|4.21|4.56|4.28|4.09|4.06|3.93|4.24|4.15|4.21
SCHEFFER            VLADIMIR|01:640:151:71|4.49|4.46|4.21|4.56|4.28|4.09|4.06|3.93|4.24|4.15
RODRIGUEZ           JESUS|01:640:151:72|4.49|4.46|4.21|4.56|4.28|4.09|4.06|3.93|4.24|4.15|4.21|4.50|4.40|4.25|3.67|4.50|4.75|4.33
SHTELEN             V|01:640:152:00|4.58|4.49|4.19|4.54|4.40|4.17|4.23|3.79|4.32|4.07
ZHU                 MINXIAN|01:640:152:00|4.58|4.49|4.19|4.54|4.40|4.17|4.23|3.79|4.32|4.07
RODNEY|01:640:152:00|4.58|4.49|4.19|4.54|4.40|4.17|4.23|3.79|4.32|4.07|4.25|5.00|5.00|5.00|5.00|5.00
ZHU                 M|01:640:152:00|4.58|4.49|4.19|4.54|4.40|4.17|4.23|3.79|4.32|4.07
SHTELEN             VLADIMIR|01:640:152:00|4.58|4.49|4.19|4.54|4.40|4.17|4.23|3.79|4.32|4.07
RAINSFORD|01:640:152:46|4.58|4.49|4.19|4.54|4.40|4.17|4.23|3.79|4.32|4.07
HART                DERRICK|01:640:152:71|4.58|4.49|4.19|4.54|4.40|4.17|4.23|3.79|4.32|4.07
MARTINO             VITTORIO|01:640:192:01|4.44|4.11|3.89|4.59|4.19|4.00|4.33|4.11|4.06|4.06
SHTELEN             VLADIMIR|01:640:244:00|4.26|4.20|3.79|4.36|4.29|3.82|3.87|3.58|4.05|3.84
SHTELEN             VLADIMIR|01:640:244:00|4.26|4.20|3.79|4.36|4.29|3.82|3.87|3.58|4.05|3.84|4.33
MUNSHI              R|01:640:250:01|4.63|4.46|4.14|4.51|4.32|4.09|4.25|3.58|4.30|4.18
MEDINA              L|01:640:250:02|4.63|4.46|4.14|4.51|4.32|4.09|4.25|3.58|4.30|4.18|5.00
TUNNELL             J|01:640:250:03|4.63|4.46|4.14|4.51|4.32|4.09|4.25|3.58|4.30|4.18
WOODWARD            C|01:640:250:04|4.63|4.46|4.14|4.51|4.32|4.09|4.25|3.58|4.30|4.18
SOFFER              A|01:640:250:05|4.63|4.46|4.14|4.51|4.32|4.09|4.25|3.58|4.30|4.18
TAFT                E|01:640:250:06|4.63|4.46|4.14|4.51|4.32|4.09|4.25|3.58|4.30|4.18
WOODWARD            C|01:640:250:07|4.63|4.46|4.14|4.51|4.32|4.09|4.25|3.58|4.30|4.18
LUO                 F|01:640:250:08|4.63|4.46|4.14|4.51|4.32|4.09|4.25|3.58|4.30|4.18
HOELSCHER           C|01:640:250:10|4.63|4.46|4.14|4.51|4.32|4.09|4.25|3.58|4.30|4.18
TAHVILDARZADEH      A|01:640:250:21|4.63|4.46|4.14|4.51|4.32|4.09|4.25|3.58|4.30|4.18
GOODMAN             R|01:640:250:22|4.63|4.46|4.14|4.51|4.32|4.09|4.25|3.58|4.30|4.18
SONG                J|01:640:251:00|4.38|4.15|3.94|4.29|4.15|3.89|3.98|3.83|4.04|3.85
GREENFIELD          S|01:640:251:00|4.38|4.15|3.94|4.29|4.15|3.89|3.98|3.83|4.04|3.85|3.13
SOFFER              A|01:640:251:00|4.38|4.15|3.94|4.29|4.15|3.89|3.98|3.83|4.04|3.85
RAINFORD            A|01:640:251:00|4.38|4.15|3.94|4.29|4.15|3.89|3.98|3.83|4.04|3.85
BUCH                A|01:640:251:00|4.38|4.15|3.94|4.29|4.15|3.89|3.98|3.83|4.04|3.85
RAINFORD            A|01:640:251:00|4.38|4.15|3.94|4.29|4.15|3.89|3.98|3.83|4.04|3.85
VENUGOPALAN         S|01:640:251:13|4.38|4.15|3.94|4.29|4.15|3.89|3.98|3.83|4.04|3.85|3.13|5.00
VENUGOPALAN         S|01:640:251:14|4.38|4.15|3.94|4.29|4.15|3.89|3.98|3.83|4.04|3.85
DIBBLE              D|01:640:251:22|4.38|4.15|3.94|4.29|4.15|3.89|3.98|3.83|4.04|3.85
HOELSCHER           C|01:640:251:71|4.38|4.15|3.94|4.29|4.15|3.89|3.98|3.83|4.04|3.85
CARRINGTON          E|01:640:251:72|4.38|4.15|3.94|4.29|4.15|3.89|3.98|3.83|4.04|3.85|3.13|4.33
TAHVILDARZADEN      A|01:640:252:01|4.59|4.61|4.27|4.59|4.24|4.27|4.49|4.20|4.50|4.35
WHEEDEN             R|01:640:252:02|4.59|4.61|4.27|4.59|4.24|4.27|4.49|4.20|4.50|4.35
BECK                J|01:640:291:01|4.17|4.68|4.47|4.50|5.00|4.26|4.21|4.32|4.06|4.06
ROSENSTEIN          J|01:640:300:01|4.75|4.19|4.42|4.54|4.34|4.22|4.29|4.05|4.44|4.24|5.00|5.00|5.00|5.00|5.00|5.00|5.00|5.00|5.00
DELORO              A|01:640:300:02|4.75|4.19|4.42|4.54|4.34|4.22|4.29|4.05|4.44|4.24
VASCONCELOS         W|01:640:300:03|4.75|4.19|4.42|4.54|4.34|4.22|4.29|4.05|4.44|4.24
CARBONE             L|01:640:300:04|4.75|4.19|4.42|4.54|4.34|4.22|4.29|4.05|4.44|4.24
WHEEDEN             R|01:640:311:01|4.50|4.52|4.14|4.57|4.43|4.15|4.26|3.95|4.36|4.08
COHENCORWIN         A|01:640:311:02|4.50|4.52|4.14|4.57|4.43|4.15|4.26|3.95|4.36|4.08
RETAKH              V|01:640:311:03|4.50|4.52|4.14|4.57|4.43|4.15|4.26|3.95|4.36|4.08
BUMBY               R|01:640:321:01|3.56|3.44|3.22|4.44|4.67|3.33|2.89|3.78|3.11|3.33
OCONE               D|01:640:336:01|4.62|4.69|4.08|4.77|4.15|4.15|4.08|4.15|4.38|4.31
VASCONCELOS         W|01:640:350:01|4.46|4.31|3.81|4.69|4.54|3.85|4.08|3.73|4.04|3.96
HUANG               Y|01:640:350:02|4.46|4.31|3.81|4.69|4.54|3.85|4.08|3.73|4.04|3.96|4.00
ONAN                M|01:640:351:01|4.57|3.21|3.21|3.43|3.86|3.71|4.29|3.21|3.57|3.29
MUNSHI              R|01:640:356:01|4.79|4.53|4.05|4.68|4.84|4.16|4.37|4.16|4.37|4.33
DELORO              ADRIEU|01:640:361:01|4.43|3.86|4.14|4.00|3.83|3.86|4.67|3.86|4.00|4.17
FAULK               RICHARD|01:640:373:01|4.85|4.92|4.23|4.69|4.69|4.46|4.23|3.69|4.62|4.46
GOLDSTEIN           SHELDON|01:640:395:01|4.88|4.94|4.81|4.94|4.81|4.50|4.44|4.81|4.81|4.38
GREENFIELD          DARTH|01:640:411:01|4.36|5.00|5.00|5.00|5.00|5.00|4.91|4.82|4.82|4.70
RODNEY              SCOTT|01:640:421:02|4.61|4.52|4.30|4.47|4.36|4.18|4.24|3.73|4.32|4.28
HUANG               YIZHI|01:640:421:02|4.61|4.52|4.30|4.47|4.36|4.18|4.24|3.73|4.32|4.28
VOGELIUS            M|01:640:423:01|4.61|4.52|4.30|4.47|4.36|4.18|4.24|3.73|4.32|4.28
JEONG               M|01:640:424:01|4.61|4.28|4.29|4.76|4.76|4.35|4.24|4.63|4.00|4.24
BUTLER              T|01:640:428:01|4.43|4.43|4.26|4.74|4.22|4.04|4.09|4.04|4.39|4.14
HAN                 Z|01:640:435:01|4.88|4.76|4.35|4.65|4.47|4.47|4.41|3.82|4.65|4.47
SPEER               E|01:640:441:01|4.71|4.79|4.50|4.86|4.57|4.57|4.86|4.50|4.75|4.75
TOMAS               SIMON|01:640:451:01|5.00|4.83|4.83|4.83|4.75|4.67|4.83|4.58|4.75|4.83
PAPP                D|01:640:453:01|4.67|4.50|4.00|4.50|4.50|4.00|4.33|3.83|4.50|4.50
BECK                J|01:640:454:01|4.11|4.63|4.58|4.84|4.79|4.37|4.42|4.42|4.56|4.58
TUMULKA             R|01:640:477:02|4.71|4.29|4.00|4.75|4.53|3.88|4.12|3.71|4.24|4.12
BALABAN             T|01:640:481:01|4.93|4.53|4.00|4.67|4.53|4.20|4.27|4.00|4.47|4.40
RODRIGUEZ           JESUS|01:640:485:01|4.45|4.45|4.35|4.60|4.30|4.20|4.35|4.60|4.47|4.21
