RHORDON|01:450:101:01|4.21|4.10|3.36|4.16|3.82|3.01|2.97|2.62|3.31|3.08|5.00|5.00|5.00|5.00
BARNES              MARK|01:450:103:01|4.32|4.25|4.11|4.34|4.19|3.84|3.73|3.15|3.98|3.74
HORDON              ROBERT|01:450:208:01|4.00|3.76|3.39|4.27|3.81|3.09|2.93|2.70|3.15|3.05
HOLCOMB             BRIAVEL|01:450:240:01|4.78|4.69|4.60|4.82|4.70|4.38|4.35|3.64|4.65|4.58|5.00
REGULSKA            JOANNA|01:450:308:01|4.68|4.44|4.40|4.60|4.56|4.44|4.46|3.52|4.39|4.57|5.00
MITCHELL            JAMES|01:450:311:01|4.75|4.25|3.85|4.25|4.07|3.45|3.83|3.63|3.97|3.75
STMARTIN            KEVIN|01:450:321:01|4.86|4.43|4.29|4.57|4.50|4.07|4.57|3.79|4.31|4.08
SCHNEIDER           LAURA|01:450:322:01|4.41|4.18|4.00|4.41|4.06|4.00|4.00|3.88|4.24|4.06
LEICHENKO           ROBIN|01:450:330:01|4.67|4.56|4.21|4.83|4.71|4.29|4.13|3.46|4.36|4.28
BIRKENHOLTZ         TREVOR|01:450:341:01|4.96|5.00|4.71|5.00|4.79|4.79|4.48|3.66|4.82|4.72
SIEGEL              MICHAEL|01:450:355:01|4.73|5.00|4.64|4.82|4.82|4.82|4.64|4.27|4.73|4.64
SCHROEDER           RICHARD|01:450:363:01|4.90|4.90|4.61|4.73|4.42|4.32|4.68|3.57|4.68|4.45
GRAFALSSOTO         ROSANNA|01:450:417:01|4.90|4.60|4.40|4.70|4.40|4.00|4.60|3.90|4.44|4.33
