PETERSON            CHRISTINA|01:830:101:01|4.60|4.46|4.34|4.53|4.34|4.18|4.25|3.85|4.33|4.22|4.14|4.20|4.20|4.20
HAMILTON            LEN|01:830:101:02|4.60|4.46|4.34|4.53|4.34|4.18|4.25|3.85|4.33|4.22|4.14|4.20|4.20|4.20|4.00|4.00|4.00|4.00
OGILVIE             DAN|01:830:101:02|4.60|4.46|4.34|4.53|4.34|4.18|4.25|3.85|4.33|4.22|4.14|4.20|4.20|4.20|4.00|4.00|4.00|4.00
BRILL               GARY|01:830:101:03|4.60|4.46|4.34|4.53|4.34|4.18|4.25|3.85|4.33|4.22|4.14|4.20|4.20|4.20
BRILL               GARY|01:830:101:04|4.60|4.46|4.34|4.53|4.34|4.18|4.25|3.85|4.33|4.22
BRILL               GARY|01:830:101:05|4.60|4.46|4.34|4.53|4.34|4.18|4.25|3.85|4.33|4.22
KNIGHT              JULIETTE|01:830:101:07|4.60|4.46|4.34|4.53|4.34|4.18|4.25|3.85|4.33|4.22
BRYANT              DEBORAH|01:830:101:09|4.60|4.46|4.34|4.53|4.34|4.18|4.25|3.85|4.33|4.22
TRUEMAN             DAVID|01:830:101:11|4.60|4.46|4.34|4.53|4.34|4.18|4.25|3.85|4.33|4.22|4.14|4.20|4.20|4.20
KARLIN              ROBERT|01:830:200:00|4.15|3.93|3.51|3.96|4.08|3.41|3.66|2.68|3.66|3.51
ACKROFF             JOHN|01:830:200:00|4.15|3.93|3.51|3.96|4.08|3.41|3.66|2.68|3.66|3.51|2.90|2.55|4.59|4.74|3.00|3.00|3.00|3.00|3.00
LU KAI|01:830:200:10|4.15|3.93|3.51|3.96|4.08|3.41|3.66|2.68|3.66|3.51
LU KAI|01:830:200:11|4.15|3.93|3.51|3.96|4.08|3.41|3.66|2.68|3.66|3.51
LEYTON              MICHAEL|01:830:201:02|4.90|4.82|4.80|4.94|4.95|4.74|4.55|4.13|4.86|4.83
ACKROFF             JOHN|01:830:300:01|4.14|3.67|3.45|4.14|3.57|3.67|3.43|3.24|3.58|3.26|3.83
ACKROFF             JOHN|01:830:300:02|4.14|3.67|3.45|4.14|3.57|3.67|3.43|3.24|3.58|3.26
HARRISON            SARAH|01:830:301:01|4.42|4.21|4.01|4.30|4.14|3.83|3.87|3.25|4.03|3.85
SINGH               MANISH|01:830:301:02|4.42|4.21|4.01|4.30|4.14|3.83|3.87|3.25|4.03|3.85
MCGOWAN             JAMES|01:830:301:08|4.42|4.21|4.01|4.30|4.14|3.83|3.87|3.25|4.03|3.85
FELDMAN             JACOB|01:830:305:01|4.54|4.40|4.07|4.46|4.19|3.88|3.98|3.50|4.13|3.99|3.60|3.67|3.67|3.67
INGATE              MARGARET|01:830:305:03|4.54|4.40|4.07|4.46|4.19|3.88|3.98|3.50|4.13|3.99|3.60|3.67|5.00|3.67|3.67|5.00|4.50|5.00|5.00
MUSOLINO            JULIEN|01:830:305:04|4.54|4.40|4.07|4.46|4.19|3.88|3.98|3.50|4.13|3.99
INGATE              MARGARET|01:830:305:10|4.54|4.40|4.07|4.46|4.19|3.88|3.98|3.50|4.13|3.99
LESLIE              ALAN|01:830:305:71|4.54|4.40|4.07|4.46|4.19|3.88|3.98|3.50|4.13|3.99|3.60
HAMILTON            LEONARD|01:830:310:03|4.58|4.52|4.33|4.68|4.45|4.16|4.35|4.26|4.29|4.14
TOMIE               ART|01:830:311:01|4.54|4.16|4.05|4.16|4.30|3.92|4.02|3.31|4.13|4.03|4.25|3.50
MATZEL LOUIS|01:830:311:03|4.54|4.16|4.05|4.16|4.30|3.92|4.02|3.31|4.13|4.03
MATZEL LOUIS|01:830:311:04|4.54|4.16|4.05|4.16|4.30|3.92|4.02|3.31|4.13|4.03|4.25
COLAS               DANIELLE|01:830:312:03|4.56|4.62|4.50|4.66|4.59|4.46|4.28|3.99|4.53|4.39
OTTO TIMOTHY|01:830:313:01|4.78|4.70|4.63|4.73|4.50|4.49|4.59|3.99|4.64|4.48
OTTO TIMOTHY|01:830:313:02|4.78|4.70|4.63|4.73|4.50|4.49|4.59|3.99|4.64|4.48
WEST                MARK|01:830:313:71|4.78|4.70|4.63|4.73|4.50|4.49|4.59|3.99|4.64|4.48
SANCHEZ             DIANA|01:830:321:03|4.80|4.75|4.76|4.78|4.71|4.60|4.59|4.18|4.73|4.69
KILIANSKI           STEPHEN|01:830:321:08|4.80|4.75|4.76|4.78|4.71|4.60|4.59|4.18|4.73|4.69|4.86|5.00|5.00|5.00|5.00|5.00|5.00|5.00
CARPENTERK          KIMBERLY|01:830:331:02|4.48|4.24|4.16|4.53|4.42|3.91|3.99|4.08|4.05|4.06
HUDSON              JUDITH|01:830:331:05|4.48|4.24|4.16|4.53|4.42|3.91|3.99|4.08|4.05|4.06
JACOBS              LARRY|01:830:331:10|4.48|4.24|4.16|4.53|4.42|3.91|3.99|4.08|4.05|4.06|5.00
KNIGHT              JULIETTE|01:830:333:01|4.16|4.22|4.23|4.33|4.39|3.96|4.02|3.92|4.02|4.06
HAVILANDJONES       JEANNETTE|01:830:333:02|4.16|4.22|4.23|4.33|4.39|3.96|4.02|3.92|4.02|4.06
KNIGHT              JULIETTE|01:830:333:05|4.16|4.22|4.23|4.33|4.39|3.96|4.02|3.92|4.02|4.06|5.00
KRAMER              DEIRDRE|01:830:335:01|4.39|4.32|4.05|4.50|4.50|4.07|4.00|3.84|4.15|4.25|5.00|5.00|5.00
MOHLMAN             JAN|01:830:340:01|4.75|4.77|4.82|4.83|4.71|4.66|4.69|4.38|4.74|4.73|5.00
JAMES               CARLTON|01:830:340:05|4.75|4.77|4.82|4.83|4.71|4.66|4.69|4.38|4.74|4.73|5.00|4.00
MCKENNA             STEVIE|01:830:346:01|3.83|4.00|3.96|4.33|4.19|3.71|3.43|3.96|3.67|3.39
STROMSWOLD KARIN|01:830:353:01|4.59|4.66|4.60|4.69|4.45|3.96|4.31|4.14|4.34|4.17|2.85|3.00|3.00
WAGNER              GEORGE|01:830:363:01|4.89|4.89|4.92|4.95|4.72|4.81|4.95|4.65|4.89|4.88
INGATE              MARGARET|01:830:373:01|4.45|4.52|3.59|4.40|4.07|3.43|3.51|3.31|3.73|3.45
MCCARTHY DANIELLE|01:830:377:01|4.73|4.53|4.08|4.45|4.30|3.95|4.04|3.80|4.16|4.06|3.88
CONTRADA            RICHARD|01:830:377:02|4.73|4.53|4.08|4.45|4.30|3.95|4.04|3.80|4.16|4.06|3.88|2.53|1.51|2.37|2.81|3.37
KRAMER              DEIRDRE|01:830:393:71|4.92|4.92|5.00|5.00|4.92|4.83|5.00|4.92|4.91|4.91
KRAMER              DEIRDRE|01:830:396:02|4.47|4.41|4.38|4.46|4.13|4.10|4.19|4.38|4.25|4.19
HARRIS SANDRA|01:830:396:04|4.47|4.41|4.38|4.46|4.13|4.10|4.19|4.38|4.25|4.19|5.00|5.00|5.00|5.00|5.00
HUDSON              JUDITH|01:830:396:07|4.47|4.41|4.38|4.46|4.13|4.10|4.19|4.38|4.25|4.19
KRAMER              DEIRDRE|01:830:397:02|4.83|4.89|4.84|4.89|4.54|4.95|4.84|4.79|4.88|4.94
HARRISON            NANCY|01:830:397:03|4.83|4.89|4.84|4.89|4.54|4.95|4.84|4.79|4.88|4.94
HARRIS SANDRA|01:830:397:04|4.83|4.89|4.84|4.89|4.54|4.95|4.84|4.79|4.88|4.94
HARTKEELIAS         GRAHAM|01:830:398:01|4.75|4.75|4.67|4.75|4.56|4.76|4.63|4.19|4.63|4.75
LEYTON              MICHAEL|01:830:401:01|4.94|4.84|4.74|4.93|4.95|4.67|4.48|3.97|4.82|4.60
SCHUSTER            MARK|01:830:421:01|4.34|4.67|4.82|4.73|4.67|4.75|4.70|3.42|4.61|4.63
ROVEECOLLIER        CAROLYN|01:830:431:01|4.40|4.90|4.82|5.00|5.00|4.55|4.73|4.40|4.60|4.70
KRAMER              DEIDRE|01:830:441:01|5.00|5.00|5.00|5.00|5.00|5.00|5.00|4.82|5.00|4.91
ELIAS               MAURICE|01:830:494:01|4.92|4.92|4.64|4.79|5.00|5.00|5.00|4.85|5.00|5.00
