LELKES              LITA|01:447:245:01|4.93|4.92|4.93|4.93|4.95|4.90|4.92|4.80|4.92|4.93|5.00|5.00
BARR                MAUREEN|01:447:380:00|4.51|4.46|4.26|4.58|4.39|4.11|4.16|4.05|4.26|4.14|4.73
GLODOWSKI           DOREEN|01:447:380:00|4.51|4.46|4.26|4.58|4.39|4.11|4.16|4.05|4.26|4.14|4.73
GORDON              D|01:447:380:00|4.51|4.46|4.26|4.58|4.39|4.11|4.16|4.05|4.26|4.14|4.73|4.75
Glodowski Doreen|01:447:380:16|4.55|4.64|4.30|4.55|4.48|4.00|4.15|3.73|4.16|3.72
GLODOWSKI DOREEN|01:447:382:01|4.44|4.39|4.32|4.70|4.47|4.12|4.02|3.53|4.30|4.05
GLODOWSKI           DOREEN|01:447:382:02|4.75|4.65|4.44|4.67|4.44|4.35|4.20|4.03|4.55|4.18|3.00|3.00|4.00|3.00|3.00|3.00
YU SIMON|01:447:382:04|4.44|4.39|4.32|4.70|4.47|4.12|4.02|3.53|4.30|4.05
GLODOWSKI DOREEN|01:447:382:04|4.44|4.39|4.32|4.70|4.47|4.12|4.02|3.53|4.30|4.05
GLODOWSKI DOREEN|01:447:382:06|4.44|4.39|4.32|4.70|4.47|4.12|4.02|3.53|4.30|4.05
SIMON               YU|01:447:382:10|4.75|4.65|4.44|4.67|4.44|4.35|4.20|4.03|4.55|4.18
MCGUIRE             TERRY|01:447:384:00|4.57|4.45|4.38|4.31|4.22|4.27|4.62|4.76|4.31|4.45
AXELROD             D|01:447:403:01|4.64|3.93|4.07|4.29|5.00|4.14|4.07|3.93|4.14|4.00
RONGO               CHRIS|01:447:405:01|4.91|5.00|5.00|5.00|4.90|4.91|4.73|4.55|4.91|5.00
SINHA NAVIN|01:447:451:01|4.62|4.31|4.21|4.66|4.62|4.10|4.14|3.69|4.31|4.28
MCKIM               KIM|01:447:478:01|4.61|4.65|4.68|4.74|4.81|4.58|4.61|4.35|4.72|4.62
SIMON               L|01:447:479:01|2.83|3.17|3.50|3.83|2.83|2.83|3.50|3.83|2.83|2.83
RONGO               C|01:447:480:01|4.20|4.13|3.79|4.03|4.28|3.76|3.79|3.41|3.85|3.85
SHUMYATSKY          G|01:447:480:01|4.20|4.13|3.79|4.03|4.28|3.76|3.79|3.41|3.85|3.85
HEY                 J|01:447:486:01|4.67|4.56|4.18|4.50|4.11|4.06|4.44|4.11|4.28|4.28
AXELROD             DAVID|01:447:495:01|4.80|4.73|4.40|4.73|4.13|4.60|4.53|4.80|4.60|4.40
