ZHU                 LIHUI|01:165:101:01|4.93|4.81|4.82|4.93|4.86|4.73|4.82|4.56|4.79|4.71
ZHU                 LIHUI|01:165:101:02|4.93|4.81|4.82|4.93|4.86|4.73|4.82|4.56|4.79|4.71
LI                  DONGMEI|01:165:101:03|4.93|4.81|4.82|4.93|4.86|4.73|4.82|4.56|4.79|4.71
QIU                 JIA|01:165:101:04|4.93|4.81|4.82|4.93|4.86|4.73|4.82|4.56|4.79|4.71
LI                  DONGMEI|01:165:101:70|4.93|4.81|4.82|4.93|4.86|4.73|4.82|4.56|4.79|4.71
SHEN                GLORIA|01:165:121:01|4.19|4.27|4.15|4.27|4.31|4.12|4.38|4.35|4.23|4.13
NING                XIN|01:165:125:01|4.43|4.53|4.00|4.53|4.53|3.77|4.17|3.97|4.03|4.00
TSCHANZ             DIETRICH|01:165:201:01|4.81|4.76|4.62|4.74|4.76|4.60|4.76|4.78|4.69|4.64
WU                  YURU|01:165:201:02|4.81|4.76|4.62|4.74|4.76|4.60|4.76|4.78|4.69|4.64
SIMMONS             RICHARD|01:165:210:01|4.53|4.59|4.21|4.62|4.42|4.00|4.26|4.12|4.38|4.18
NING                XIN|01:165:241:01|4.00|3.93|3.73|4.00|3.93|3.40|3.53|3.00|3.60|3.67
TSCHANZ             DIETRICH|01:165:264:01|4.54|4.83|4.50|4.79|4.33|4.22|4.29|3.67|4.65|4.57
NING                JING|01:165:301:01|4.72|4.66|4.57|4.72|4.68|4.42|4.58|4.63|4.64|4.68
WU                  YURU|01:165:301:02|4.72|4.66|4.57|4.72|4.68|4.42|4.58|4.63|4.64|4.68
WANG                XIN|01:165:310:01|4.46|4.43|4.25|4.43|4.43|4.21|4.39|4.00|4.21|4.21|5.00|5.00|5.00|5.00|5.00|5.00
WU                  YURU|01:165:321:01|4.89|4.72|4.72|4.81|4.81|4.61|4.69|4.06|4.83|4.63|5.00
SHEN                GLORIA|01:165:361:01|2.95|2.80|2.70|3.65|3.40|2.65|3.00|3.40|2.79|2.50|3.00
CHEN                SHUIYUN|01:165:412:01|4.53|4.17|3.94|4.44|4.71|3.50|3.67|3.83|4.00|3.84
SONG                WEIJIE|01:165:451:01|4.84|4.81|4.78|4.81|4.84|4.81|4.75|4.41|4.81|4.69|5.00|5.00|5.00|5.00|5.00|5.00|5.00|5.00|5.00
