BENNETT             H|01:506:110:01|3.78|4.20|3.94|4.12|3.80|3.46|3.68|3.52|3.56|3.52
MATSUDA             M|01:506:203:01|4.04|4.47|4.42|4.47|3.94|3.88|4.02|3.57|4.17|4.02|2.00|4.00|3.00
LIVINGSTON          J|01:506:401:01|4.74|4.76|4.78|4.87|4.67|4.74|4.80|4.23|4.78|4.71
WASSERMAN           M|01:506:401:02|4.74|4.76|4.78|4.87|4.67|4.74|4.80|4.23|4.78|4.71
GILLETTE            W|01:506:401:03|4.74|4.76|4.78|4.87|4.67|4.74|4.80|4.23|4.78|4.71
TOWNSEND            C|01:506:401:05|4.74|4.76|4.78|4.87|4.67|4.74|4.80|4.23|4.78|4.71
LEARS               T|01:506:401:06|4.74|4.76|4.78|4.87|4.67|4.74|4.80|4.23|4.78|4.71
HELLBECK            J|01:506:401:07|4.74|4.76|4.78|4.87|4.67|4.74|4.80|4.23|4.78|4.71|5.00|5.00|5.00|5.00|5.00|5.00|5.00|5.00
TURNER              S|01:506:401:08|4.74|4.76|4.78|4.87|4.67|4.74|4.80|4.23|4.78|4.71
KAPLAN              T|01:506:401:09|4.74|4.76|4.78|4.87|4.67|4.74|4.80|4.23|4.78|4.71
CHAMBERS            J|01:506:401:10|4.74|4.76|4.78|4.87|4.67|4.74|4.80|4.23|4.78|4.71
GUHA                S|01:506:401:12|4.74|4.76|4.78|4.87|4.67|4.74|4.80|4.23|4.78|4.71
MORRISON            K|01:506:401:14|4.74|4.76|4.78|4.87|4.67|4.74|4.80|4.23|4.78|4.71
SARETZKY            G|01:506:451:01|4.69|4.64|4.54|4.69|4.33|4.54|4.62|4.54|4.42|4.55|4.50
