WELCH               M|01:202:201:01|4.41|4.43|4.26|4.42|4.39|3.93|4.06|4.02|4.13|4.07|4.00|4.33|4.00|4.00|4.00|4.00|4.00|4.33|4.00
PAITAKES            J|01:202:201:02|4.41|4.43|4.26|4.42|4.39|3.93|4.06|4.02|4.13|4.07|4.33|4.33
SZEJNER             R|01:202:201:03|4.41|4.43|4.26|4.42|4.39|3.93|4.06|4.02|4.13|4.07
KOHL                J|01:202:202:01|4.27|4.23|4.33|4.19|4.01|3.74|3.93|4.19|3.94|3.97|4.00
WELCH               M|01:202:203:01|4.49|4.22|4.40|4.14|4.12|3.93|4.21|3.88|4.12|4.10
ZGOBA|01:202:203:02|4.49|4.22|4.40|4.14|4.12|3.93|4.21|3.88|4.12|4.10|4.00|4.00|5.00|4.00|5.00|4.00|5.00|5.00|4.00
MILLER              L|01:202:204:01|4.30|4.48|4.22|4.52|4.30|4.00|4.04|3.65|4.43|4.09
REISNER             R|01:202:205:01|4.52|4.44|4.47|4.45|4.55|4.28|4.49|4.04|4.57|4.61|5.00|5.00|5.00
HINDS               L|01:202:309:01|4.38|4.13|4.53|4.38|4.50|4.38|4.50|4.44|4.81|4.44
MCCANN              E|01:202:310:01|4.45|4.73|4.55|4.73|3.97|3.97|3.91|3.88|4.47|4.06
HINDS               L|01:202:311:01|4.59|4.54|4.60|4.69|4.54|4.37|4.44|3.68|4.50|4.31
SZEJNER             R|01:202:322:01|4.59|4.67|4.49|4.76|4.56|4.11|4.36|4.31|4.49|4.31|5.00|5.00|5.00
DESIRE              M|01:202:327:01|4.84|4.69|4.79|4.65|4.57|4.62|4.71|4.55|4.74|4.69
ZGOBA               K|01:202:327:80|4.84|4.69|4.79|4.65|4.57|4.62|4.71|4.55|4.74|4.69
DESIRE              M|01:202:405:01|4.88|4.80|4.91|4.81|4.75|4.71|4.78|4.64|4.85|4.77|5.00|5.00|5.00
LOSACCO             F|01:202:422:01|4.79|4.84|4.84|4.89|4.94|4.78|4.78|4.37|4.81|4.81
SZEJNER             R|01:202:496:01|4.88|4.84|4.70|4.80|4.81|4.45|4.69|4.44|4.75|4.74
