OBRIEN              MATTHEW|01:510:101:01|4.28|4.56|4.64|4.83|4.67|4.08|4.28|3.58|4.32|4.28
HELLBECK            JOCHEN|01:510:102:01|4.58|4.50|4.29|4.54|4.05|4.01|4.15|3.94|4.27|4.16|5.00
KAPLAN              TEMMA|01:510:102:03|4.58|4.50|4.29|4.54|4.05|4.01|4.15|3.94|4.27|4.16
HANEBRINK           PAUL|01:510:102:05|4.58|4.50|4.29|4.54|4.05|4.01|4.15|3.94|4.27|4.16
MASSCHAELE          JAMES|01:510:211:01|4.68|4.56|4.29|4.51|4.17|3.90|4.22|3.88|4.40|4.32|3.77|3.64|4.43|3.36|1.00
BELLANY             ALASTAIR|01:510:245:01|4.90|4.76|4.61|4.86|4.62|4.54|4.46|3.94|4.71|4.56|5.00
FIGUEIRA            THOMAS|01:510:303:01|4.75|4.71|4.32|4.67|4.32|4.18|4.46|3.86|4.46|4.46
MICHAELSON          DAVID|01:510:307:01|4.72|4.83|4.59|4.89|4.48|4.45|4.59|4.24|4.64|4.54
MATSUDA             MATT|01:510:325:01|4.00|4.35|4.27|4.31|3.88|4.13|4.15|3.88|4.04|4.00|5.00|5.00|4.00|5.00
JONES JENNIFER|01:510:333:01|4.82|4.85|4.69|4.89|4.86|4.65|4.61|4.59|4.86|4.74
GAYDUKOVA           ALLA|01:510:338:01|4.83|4.79|4.59|4.72|4.59|4.39|4.82|4.66|4.66|4.59
BELLANY             ALASTA R|01:510:346:01|4.89|4.89|4.79|4.93|4.61|4.71|4.75|4.33|4.82|4.68|5.00
KOVEN               SETH|01:510:349:01|4.78|4.86|4.80|4.88|4.78|4.55|4.63|4.00|4.76|4.63
DIBATTISTA        ANTHONY|01:510:351:01|4.97|4.91|4.94|4.91|4.82|4.76|4.88|4.06|4.94|4.74
ROLLINS             WILLIAM|01:510:360:01|4.54|4.43|4.17|4.43|4.26|4.22|4.06|3.65|4.10|4.02
FOGLESONG DAVID|01:510:377:01|5.00|5.00|4.62|5.00|4.85|4.54|4.88|4.27|4.77|4.77
YOUNGHWASSHIN|01:510:419:01|3.75|4.25|3.38|4.75|4.50|3.75|3.50|4.13|3.63|3.75
