BRUNAZZI            ELIZABETH|01:195:101:05|4.30|4.12|4.23|4.31|4.11|4.01|4.01|3.39|4.06|4.05|4.00|4.00|4.00|4.00|4.00|4.00|4.00|4.00|4.00
BRUNAZZI            ELIZABETH|01:195:101:06|4.30|4.12|4.23|4.31|4.11|4.01|4.01|3.39|4.06|4.05
MATALLANA           SUSANA|01:195:135:01|4.37|4.26|4.39|4.30|4.36|4.21|4.16|3.68|4.16|4.09
EISENZWEIG          URI|01:195:135:02|4.37|4.26|4.39|4.30|4.36|4.21|4.16|3.68|4.16|4.09|4.50
KECK                AARON|01:195:135:03|4.37|4.26|4.39|4.30|4.36|4.21|4.16|3.68|4.16|4.09
KECK                AARON|01:195:135:05|4.37|4.26|4.39|4.30|4.36|4.21|4.16|3.68|4.16|4.09|4.50|5.00|5.00|5.00|5.00|5.00|5.00|5.00|5.00
DEDES               HELEN|01:195:150:01|4.27|4.31|4.34|4.37|4.41|4.12|4.07|3.68|4.20|4.18
WALKER              STEVEN|01:195:150:02|4.27|4.31|4.34|4.37|4.41|4.12|4.07|3.68|4.20|4.18
UHLIROVA            ROMANA|01:195:150:03|4.27|4.31|4.34|4.37|4.41|4.12|4.07|3.68|4.20|4.18
TROIANO             RENEE|01:195:150:04|4.27|4.31|4.34|4.37|4.41|4.12|4.07|3.68|4.20|4.18
WALKER              STEVEN|01:195:201:03|4.21|4.34|4.10|4.53|4.50|4.03|3.91|3.57|4.19|3.97
DELAURENTIS         JOHN|01:195:241:01|4.40|4.20|4.10|4.60|4.80|4.20|4.10|4.00|4.20|4.40
SCLAPANI            KATHLEEN|01:195:244:01|4.87|4.79|4.56|4.85|4.75|4.54|4.46|3.85|4.71|4.45
WALKER              JANET|01:195:249:01|4.78|4.74|4.19|4.81|4.58|4.22|4.28|4.38|4.21|4.19
TURNER              HENRY|01:195:301:01|4.93|4.93|4.57|4.71|4.36|4.29|4.36|3.86|4.43|4.29|4.33|2.00|3.33|3.00|3.50|5.00
LEVINE              MICHAEL|01:195:312:01|4.69|4.54|4.92|4.85|4.62|4.46|4.69|3.92|4.54|4.38|5.00|2.00|2.00|3.00
VETTORI             ALESSANDRO|01:195:315:01|4.78|4.72|4.41|4.82|4.70|4.07|4.55|4.10|4.46|4.41
WALKER              JANET|01:195:352:01|4.67|4.76|4.71|4.81|4.86|4.43|4.48|4.00|4.60|4.43
SERRANO             RICHARD|01:195:385:01|4.95|4.86|4.95|4.95|4.67|4.71|4.64|4.45|4.77|4.86
DEMETZ              PETER|01:195:395:01|4.67|4.50|4.00|4.00|5.00|3.80|4.40|3.60|4.20|4.20|5.00|5.00|2.00|2.33
SCHLOW              PAUL|01:195:397:01|5.00|5.00|5.00|5.00|4.71|5.00|5.00|4.71|5.00|4.86
