RODEN                         DONALD|01:506:112:01|4.54|4.45|4.11|4.44|3.97|3.65|3.72|3.59|4.10|3.89
SCHAINHER           ELLIE|01:506:272:01|5.00|4.75|5.00|5.00|4.75|5.00|5.00|3.20|5.00|4.75
MAKALANI|01:506:330:01|4.17|4.22|4.57|4.22|4.35|4.22|4.45|4.00|4.15|4.24|3.00|3.00|3.00|3.00|3.00|3.00|3.00
ADAS CAGLE|01:506:360:01|4.69|4.81|4.89|4.92|4.59|4.63|4.79|4.36|4.73|4.70
MARKOWITZ           NORMAN|01:506:361:01|3.73|4.18|4.27|4.43|4.58|3.83|4.07|3.97|3.86|4.02
ISENBERG ALISON|01:506:402:01|4.66|4.82|4.70|4.85|4.71|4.63|4.61|4.22|4.71|4.60
KOVEN                         SETH|01:506:402:02|4.66|4.82|4.70|4.85|4.71|4.63|4.61|4.22|4.71|4.60
DAVIDSON            NAOMI|01:506:402:04|4.66|4.82|4.70|4.85|4.71|4.63|4.61|4.22|4.71|4.60
CHAMBERS JOHN|01:506:402:05|4.66|4.82|4.70|4.85|4.71|4.63|4.61|4.22|4.71|4.60
ADAS                          MICHAEL|01:506:402:06|4.66|4.82|4.70|4.85|4.71|4.63|4.61|4.22|4.71|4.60
SCHREPFER                     SUSAN|01:506:402:07|4.66|4.82|4.70|4.85|4.71|4.63|4.61|4.22|4.71|4.60
REED JAMES|01:506:402:09|4.66|4.82|4.70|4.85|4.71|4.63|4.61|4.22|4.71|4.60
CLEMENS                       PAUL|01:506:402:10|4.66|4.82|4.70|4.85|4.71|4.63|4.61|4.22|4.71|4.60
FABIAN              ANN|01:506:402:11|4.66|4.82|4.70|4.85|4.71|4.63|4.61|4.22|4.71|4.60
YANS        GINNY|01:506:402:12|4.66|4.82|4.70|4.85|4.71|4.63|4.61|4.22|4.71|4.60
LUKIC               DEJAN|01:506:402:15|4.66|4.82|4.70|4.85|4.71|4.63|4.61|4.22|4.71|4.60|3.00
ROLLINS                       WILLIAM|01:506:402:17|4.66|4.82|4.70|4.85|4.71|4.63|4.61|4.22|4.71|4.60
