SHERMAN       RACHEL|01:351:212:01|4.41|4.38|4.52|4.49|4.55|4.38|4.25|4.32|4.35|4.36
SHERMAN     RACHEL|01:351:212:03|4.41|4.38|4.52|4.49|4.55|4.38|4.25|4.32|4.35|4.36
HELLER|01:351:212:05|4.41|4.38|4.52|4.49|4.55|4.38|4.25|4.32|4.35|4.36|3.50
RAMEY               RHEA|01:351:212:06|4.41|4.38|4.52|4.49|4.55|4.38|4.25|4.32|4.35|4.36|5.00|5.00|5.00|3.50|5.00|5.00|5.00|5.00|5.00
REID                TAMUIRA|01:351:212:07|4.41|4.38|4.52|4.49|4.55|4.38|4.25|4.32|4.35|4.36
FUHRMAN             JOANNA|01:351:212:08|4.41|4.38|4.52|4.49|4.55|4.38|4.25|4.32|4.35|4.36
FUHRMAN|01:351:212:09|4.41|4.38|4.52|4.49|4.55|4.38|4.25|4.32|4.35|4.36
FRANCO|01:351:212:10|4.41|4.38|4.52|4.49|4.55|4.38|4.25|4.32|4.35|4.36
JAVIER|01:351:212:11|4.41|4.38|4.52|4.49|4.55|4.38|4.25|4.32|4.35|4.36
JAVIER|01:351:212:12|4.41|4.38|4.52|4.49|4.55|4.38|4.25|4.32|4.35|4.36
BETTS|01:351:212:13|4.41|4.38|4.52|4.49|4.55|4.38|4.25|4.32|4.35|4.36
MURRAY|01:351:212:14|4.41|4.38|4.52|4.49|4.55|4.38|4.25|4.32|4.35|4.36
BETTS|01:351:212:15|4.41|4.38|4.52|4.49|4.55|4.38|4.25|4.32|4.35|4.36
JOHNSON|01:351:212:16|4.41|4.38|4.52|4.49|4.55|4.38|4.25|4.32|4.35|4.36|5.00|5.00|5.00
SVICH               C|01:351:212:17|4.41|4.38|4.52|4.49|4.55|4.38|4.25|4.32|4.35|4.36
MURRAY              R|01:351:212:18|4.41|4.38|4.52|4.49|4.55|4.38|4.25|4.32|4.35|4.36
KING|01:351:240:01|4.88|4.82|4.73|4.94|4.67|4.64|4.48|4.09|4.85|4.61
KUSCH R|01:351:241:01|4.76|4.79|4.71|4.82|4.75|4.61|4.54|3.96|4.68|4.69
KING|01:351:242:01|4.84|4.94|4.78|4.97|4.91|4.63|4.53|4.34|4.75|4.63|5.00|5.00|5.00|5.00|5.00|5.00|5.00|5.00|5.00
JURECIC ANN|01:351:305:01|3.96|3.69|3.70|3.81|3.76|3.59|3.48|4.44|3.44|3.48|4.00|4.00|4.00|4.00|3.00|5.00|4.00|5.00|4.00
ELLIS               K|01:351:305:02|3.96|3.69|3.70|3.81|3.76|3.59|3.48|4.44|3.44|3.48
MILLER              S|01:351:306:01|4.58|4.77|4.65|4.87|4.67|4.55|4.48|4.74|4.55|4.71
SUGARMAN|01:351:306:03|4.58|4.77|4.65|4.87|4.67|4.55|4.48|4.74|4.55|4.71
TUPPER|01:351:307:01|4.76|4.78|4.59|4.86|4.63|4.49|4.09|4.73|4.65|4.62
TUPPER|01:351:307:02|4.76|4.78|4.59|4.86|4.63|4.49|4.09|4.73|4.65|4.62
HELLER|01:351:307:03|4.76|4.78|4.59|4.86|4.63|4.49|4.09|4.73|4.65|4.62
SVICH|01:351:308:01|4.67|4.83|4.33|4.67|4.60|4.33|4.17|4.67|4.33|4.50
SEIDEL              D|01:351:312:01|4.28|4.28|4.38|4.47|4.40|4.18|4.14|4.22|4.18|4.20|5.00
MATIN               S|01:351:312:02|4.28|4.28|4.38|4.47|4.40|4.18|4.14|4.22|4.18|4.20
MATIN               S|01:351:312:03|4.28|4.28|4.38|4.47|4.40|4.18|4.14|4.22|4.18|4.20|5.00
GLISERMAN           M|01:351:312:04|4.28|4.28|4.38|4.47|4.40|4.18|4.14|4.22|4.18|4.20|5.00|5.00|5.00|5.00|5.00|5.00|5.00|5.00
SEIDEL              D|01:351:312:05|4.28|4.28|4.38|4.47|4.40|4.18|4.14|4.22|4.18|4.20
FERGUSON|01:351:313:02|4.36|4.31|4.26|4.56|3.90|3.92|4.03|3.69|4.13|4.05|4.00
CHARNEY             M|01:351:325:01|4.51|4.65|4.65|4.65|3.89|4.20|4.11|4.26|4.33|4.38|5.00|5.00|5.00|5.00|5.00|5.00|5.00|5.00
EVANS               B|01:351:334:01|4.74|4.78|4.74|4.85|4.63|4.56|4.41|4.37|4.59|4.52|5.00
FERGUSON            K|01:351:335:01|4.74|4.75|4.42|4.69|4.56|4.31|4.14|3.81|4.61|4.33
DIENST              R|01:351:337:01|4.35|4.45|4.38|4.35|4.17|4.19|3.84|4.13|4.38|4.31
SADOFF              D|01:351:357:01|4.50|4.55|4.52|4.40|4.43|4.24|4.33|4.00|4.52|4.45|3.00|3.00|3.00|3.00|3.00|3.00|3.00|3.00|3.00
BARNETT             L|01:351:376:01|4.44|4.22|4.33|4.22|4.67|3.89|4.11|4.25|4.00|4.22
ELLIS               K|01:351:385:01|3.70|4.00|4.00|3.90|4.20|3.60|4.00|3.80|4.00|3.90
OSBORN|01:351:406:01|4.88|5.00|4.92|4.96|4.79|4.88|4.80|4.96|4.96|4.92
MILLER              S|01:351:406:03|4.88|5.00|4.92|4.96|4.79|4.88|4.80|4.96|4.96|4.92
BARNETT             LOUISE|01:351:452:01|5.00|4.50|5.00|4.75|5.00|5.00|4.75|4.50|4.75|4.75
OSBORN              SUSAN|01:351:494:01|5.00|5.00|5.00|5.00|5.00|5.00|5.00|5.00|5.00|5.00
