MILLAN              MARIA|01:940:101:03|4.73|4.75|4.76|4.82|4.83|4.70|4.66|4.43|4.64|4.65|4.54|4.95|4.68|4.46|4.51|4.23
MILLAN              MARIA|01:940:101:04|4.73|4.75|4.76|4.82|4.83|4.70|4.66|4.43|4.64|4.65|4.54|4.95|4.68|4.46|4.51|4.23
CLIFFORD            JEREMIAH|01:940:102:02|4.60|4.52|4.68|4.58|4.76|4.63|4.48|3.75|4.42|4.38|4.40|4.53|4.30|4.22|4.32|4.44|5.00|4.00|5.00
CABELLO             CLAUDIA|01:940:121:01|4.61|4.64|4.60|4.77|4.64|4.54|4.39|4.00|4.60|4.44|4.62|4.86|4.47|4.46|4.38|4.17
PENA                SANTIAGO|01:940:121:02|4.61|4.64|4.60|4.77|4.64|4.54|4.39|4.00|4.60|4.44|4.62|4.86|4.47|4.46|4.38|4.17|5.00|5.00
CABELLO             CLAUDIA|01:940:121:04|4.61|4.64|4.60|4.77|4.64|4.54|4.39|4.00|4.60|4.44|4.62|4.86|4.47|4.46|4.38|4.17|5.00|5.00|5.00
PELAEZMARTINEZ      BEATRIZ|01:940:131:04|4.53|4.67|4.43|4.67|4.45|4.28|4.13|4.36|4.43|4.22|3.90|4.85|4.26|4.16|4.12|3.75|5.00|5.00|5.00
NAVA                RAFAEL|01:940:132:01|4.71|4.71|4.76|4.76|4.68|4.50|4.32|4.59|4.58|4.42|4.13|4.91|4.25|4.19|4.31|4.07
SLINGER             WILLIAM|01:940:132:02|4.71|4.71|4.76|4.76|4.68|4.50|4.32|4.59|4.58|4.42|4.13|4.91|4.25|4.19|4.31|4.07
MATALLANA           SUSANA|01:940:203:01|4.36|4.55|4.30|4.63|4.55|4.13|3.95|4.50|4.28|4.11|4.32|4.79|3.90|3.97|3.76|3.71|3.33|4.50
BUTLER              BONNIE|01:940:203:02|4.36|4.55|4.30|4.63|4.55|4.13|3.95|4.50|4.28|4.11|4.32|4.79|3.90|3.97|3.76|3.71
BUTLER              BONNIE|01:940:203:04|4.36|4.55|4.30|4.63|4.55|4.13|3.95|4.50|4.28|4.11|4.32|4.79|3.90|3.97|3.76|3.71
CAMACHO             JOSE|01:940:203:05|4.36|4.55|4.30|4.63|4.55|4.13|3.95|4.50|4.28|4.11|4.32|4.79|3.90|3.97|3.76|3.71
SLINGER             WILLIAM|01:940:205:01|4.88|4.88|4.38|5.00|4.86|4.50|4.38|4.63|4.63|4.25|3.38|5.00|4.13|3.50|4.00|4.17
MARCONE             JORGE|01:940:215:01|4.06|4.04|4.03|4.09|3.78|3.59|3.66|3.74|3.84|3.74|4.38|4.62|3.68|3.59|3.54|3.88|3.00|3.00
ROTHWELL            PHILLIP|01:940:240:01|5.00|5.00|5.00|5.00|4.83|5.00|5.00|4.50|5.00|5.00|4.83|5.00|4.00|4.17|4.33|4.80|5.00|5.00|5.00
STEPHENS            THOMAS|01:940:250:01|4.89|4.81|4.85|4.88|4.72|4.70|4.55|3.89|4.72|4.60|4.85|4.81|3.78|3.76|3.82|4.37|4.75|4.80|5.00
VENIS               CONSUELO|01:940:313:01|4.95|5.00|4.91|4.95|4.68|4.77|4.50|4.68|4.82|4.73|4.55|5.00|4.73|4.00|5.00
KIM                 HOON|01:940:325:01|4.74|4.67|4.56|4.69|4.49|4.47|4.33|4.50|4.57|4.47|4.68|4.83|4.51|4.41|4.29|3.88
BUTLER              BONNIE|01:940:325:02|4.74|4.67|4.56|4.69|4.49|4.47|4.33|4.50|4.57|4.47|4.68|4.83|4.51|4.41|4.29|3.88|5.00|5.00|5.00
BISHOP              STEPHEN|01:940:325:03|4.74|4.67|4.56|4.69|4.49|4.47|4.33|4.50|4.57|4.47|4.68|4.83|4.51|4.41|4.29|3.88
CHUNG               CARMINA|01:940:326:02|4.86|4.73|4.62|4.75|4.22|4.19|4.47|4.70|4.46|4.26|4.83|4.80|4.44|4.58|4.31|4.09
SLINGER             WILLIAM|01:940:327:01|4.60|4.60|4.25|4.56|4.44|4.13|3.63|4.33|4.56|4.00|3.86|4.88|4.13|2.86|3.13|3.00
STEVENS             CAMILLA|01:940:331:01|4.88|4.95|4.79|4.93|4.88|4.74|4.76|4.15|4.86|4.74|4.93|5.00|4.36|4.45|4.38|4.58
NARVAEZ             CARLOSRAUL|01:940:331:02|4.88|4.95|4.79|4.93|4.88|4.74|4.76|4.15|4.86|4.74|4.93|5.00|4.36|4.45|4.38|4.58|5.00|5.00|5.00
NARVAEZ             CARLOSRAUL|01:940:332:01|4.79|4.93|4.96|4.93|4.82|4.89|4.85|4.44|4.89|4.80|4.54|4.96|4.44|4.36|4.27|4.65
SCHWARTZ            MARCY|01:940:333:02|4.11|4.14|4.07|4.36|4.43|4.00|3.96|3.44|4.07|3.88|4.50|4.56|3.81|3.58|3.31|4.19
KIM                 YS|01:940:336:01|4.78|4.78|4.78|4.67|4.56|4.67|4.67|3.78|4.78|4.67|5.00|5.00|4.63|4.25|4.25|4.50|5.00|5.00|5.00
PERSIN              MARGO|01:940:342:01|4.74|4.74|4.58|4.74|4.95|4.58|4.47|4.17|4.63|4.47|4.83|4.83|4.33|3.89|4.11|4.53|5.00|5.00
KIM                 HOON|01:940:348:01|4.46|4.46|4.32|4.45|4.21|4.21|4.25|4.54|4.25|4.37|4.41|4.64|3.92|3.85|3.77|4.19|4.00|4.00
NUNEZ               OLGA|01:940:361:01|4.94|4.88|4.69|4.81|4.81|4.56|4.81|3.64|4.81|4.73|4.75|4.94|4.45|3.91|4.88|3.91
NUNEZ               OLGA|01:940:361:02|4.94|4.88|4.69|4.81|4.81|4.56|4.81|3.64|4.81|4.73|4.75|4.94|4.45|3.91|4.88|3.91
NUNEZ               OLGA|01:940:364:01|4.77|4.87|4.83|4.74|4.83|4.30|4.65|3.91|4.73|4.35|4.48|4.95|4.69|4.62|4.52|3.75
REVERA              MARGOT|01:940:401:01|4.71|4.86|5.00|5.00|4.67|4.57|4.57|4.43|4.67|4.83|4.86|4.86|4.71|4.71|4.43|4.17
STEPHENS            THOMAS|01:940:418:01|4.90|4.90|4.90|5.00|4.80|4.80|4.80|4.60|4.90|4.78|4.80|4.90|4.60|4.60|4.78|4.89
SANCHEZ             LILIANA|01:940:420:01|5.00|4.93|4.50|4.79|4.57|4.38|4.50|4.36|4.71|4.57|4.69|5.00|4.46|4.14|4.54|4.08
MARCONE             JORGE|01:940:462:01|4.19|4.35|4.10|4.55|4.35|3.90|3.76|3.57|4.10|3.90|4.35|4.75|3.25|3.69|3.55|4.47|5.00|5.00|5.00
VIERA               BEATRIZ|01:940:475:01|4.70|4.60|4.70|4.60|4.30|4.67|4.70|4.90|4.50|4.22|5.00|4.80|4.30|3.80|4.00|3.88
JIMENEZCRESPO       MIGUEL|01:940:478:01|4.55|4.18|4.73|4.82|4.10|4.36|4.55|4.45|4.18|4.09|3.55|4.91|4.55|4.55|4.27|4.80
DALLMANN            HANK|01:940:487:01|4.86|5.00|5.00|5.00|4.67|5.00|4.71|4.83|5.00|4.43|4.29|5.00|4.71|4.57|4.71|4.71
KIM                 YS|01:940:490:01|4.67|4.50|4.67|4.73|4.67|4.60|4.67|4.50|4.64|4.70|4.78|4.67|4.88|4.43|4.56|4.50|5.00|5.00
PERSIN              MARGO|01:940:491:01|4.55|4.33|4.58|4.83|4.64|4.33|4.45|3.58|4.33|4.55|4.88|4.88|4.00|3.88|3.71|4.67|5.00
