ZAMANI              AMIR|01:840:101:01|4.33|3.96|3.54|3.79|3.96|3.46|4.08|3.46|3.92|3.70
WALLACE             GREGORY|01:840:201:01|4.81|4.67|4.39|4.78|4.58|4.26|4.41|4.13|4.54|4.44
WALLACE             GREGORY|01:840:201:02|4.81|4.67|4.39|4.78|4.58|4.26|4.41|4.13|4.54|4.44
WIGGINS             STEVE|01:840:201:03|4.81|4.67|4.39|4.78|4.58|4.26|4.41|4.13|4.54|4.44
DARDEN              LYNNE|01:840:202:01|4.13|4.10|3.96|4.30|4.29|3.67|3.80|3.87|3.80|3.74
DARDEN              LYNNE|01:840:202:02|4.13|4.10|3.96|4.30|4.29|3.67|3.80|3.87|3.80|3.74
WASSERMAN           EMMA|01:840:202:03|4.13|4.10|3.96|4.30|4.29|3.67|3.80|3.87|3.80|3.74
MYLADIL             THOMAS|01:840:211:01|4.16|4.12|4.37|4.36|3.89|3.88|4.22|3.96|4.00|4.03
DEHGHANI            PARVLZ|01:840:211:02|4.16|4.12|4.37|4.36|3.89|3.88|4.22|3.96|4.00|4.03
DEHGHANI|01:840:211:03|4.16|4.12|4.37|4.36|3.89|3.88|4.22|3.96|4.00|4.03|4.00|4.00|4.00|4.00|5.00|4.00|4.00|4.00
ZAMANI|01:840:212:01|4.55|4.41|4.15|4.53|4.21|4.04|4.17|3.99|4.23|4.11|3.00|3.00|3.00|3.00|3.00|3.00|3.00
PAVLIN              J|01:840:212:02|4.55|4.41|4.15|4.53|4.21|4.04|4.17|3.99|4.23|4.11
MCGINLEY|01:840:212:03|4.55|4.41|4.15|4.53|4.21|4.04|4.17|3.99|4.23|4.11
WIGGINS|01:840:301:01|4.94|4.88|4.79|4.85|4.91|4.76|4.88|4.45|4.84|4.87
WASSERMAN|01:840:308:01|3.78|3.89|4.00|4.22|3.78|2.89|3.67|4.33|3.56|3.44
KEARNS              E|01:840:317:01|4.14|4.86|4.68|4.82|4.70|4.41|4.59|3.45|4.45|4.45
MYLADIL             T|01:840:322:01|4.66|4.21|4.41|4.38|3.71|4.17|4.59|4.32|4.36|4.39
JIANG               T|01:840:323:01|4.41|4.36|4.55|4.55|4.41|3.95|4.18|4.50|4.18|4.18|5.00|5.00|5.00|5.00|5.00|5.00
PAVLIN              J|01:840:325:01|4.83|4.65|4.13|4.52|3.78|3.70|4.39|4.61|4.17|4.13|5.00|5.00|5.00|5.00|5.00|5.00|5.00|5.00|5.00
RUSSELLJONES|01:840:326:01|4.38|4.28|4.35|4.77|4.45|4.27|4.44|4.57|4.30|4.33|5.00|5.00|5.00|5.00|5.00|5.00|5.00|5.00
RUSSELLJONES|01:840:326:02|4.38|4.28|4.35|4.77|4.45|4.27|4.44|4.57|4.30|4.33
JONES               J|01:840:334:01|4.50|4.50|4.28|4.17|3.72|3.79|4.00|4.06|4.06|4.17
JONES               J|01:840:341:01|4.53|4.53|4.16|4.38|4.00|3.81|4.09|4.03|4.19|4.00
JOHNSON|01:840:346:01|4.65|4.75|4.45|4.70|4.70|4.15|4.60|3.50|4.58|4.35
JOHNSON|01:840:347:01|4.29|4.71|4.00|4.57|4.29|3.43|4.71|4.29|4.43|4.33
BRYANT              E|01:840:368:01|4.55|4.55|4.52|4.76|4.00|4.14|4.59|4.18|4.23|4.23|3.00|3.00|3.00|3.00|4.00|3.00|3.00|3.00
KEARNS              E|01:840:393:01|4.38|4.81|4.53|4.88|4.63|4.25|4.24|4.06|4.59|4.47
BRYANT              E|01:840:403:01|4.50|5.00|5.00|4.75|4.75|4.75|5.00|5.00|5.00|5.00
OBAYASHI            HIROSHI|01:840:422:01|5.00|5.00|5.00|5.00|5.00|4.80|5.00|4.60|5.00|5.00
