BRONNER             STEPHEN|01:790:101:00|4.37|4.44|4.43|4.40|4.24|4.13|4.11|3.83|4.29|4.11
MASTRANGELO         JAMES|01:790:101:16|4.37|4.44|4.43|4.40|4.24|4.13|4.11|3.83|4.29|4.11
FIELD               WILLIAM|01:790:102:00|4.48|4.45|4.23|4.45|4.23|4.08|4.20|4.08|4.27|4.24
MISLAN              DAVID|01:790:102:12|4.48|4.45|4.23|4.45|4.23|4.08|4.20|4.08|4.27|4.24|4.50
JUNN                JANE|01:790:104:00|4.68|4.76|4.57|4.76|4.67|4.41|4.43|3.79|4.61|4.52|4.00|4.00|4.00|5.00|4.00|4.00|3.50|4.00|3.50
ANDERSEN            DAVE|01:790:104:14|4.68|4.76|4.57|4.76|4.67|4.41|4.43|3.79|4.61|4.52|4.00|4.00|4.00|5.00|4.00|4.00|3.50|4.00|3.50
MILLER              LISA|01:790:106:00|4.62|4.58|4.40|4.63|4.35|4.25|4.32|3.99|4.46|4.35|4.25|4.00|3.50|3.50|3.50
PATEL               PAVINA|01:790:300:01|4.72|4.59|4.18|4.56|4.54|4.38|4.31|3.45|4.50|4.22|5.00|5.00
GLASCOCK            JOHN|01:790:302:01|4.38|4.84|4.41|4.84|4.41|4.31|4.34|4.31|4.25|4.25
GERTZOG             IRWIN|01:790:304:01|4.74|4.63|4.22|4.56|4.17|3.88|4.40|4.19|4.31|4.34|4.00
GLASCOCK            JOHN|01:790:305:01|3.81|4.17|3.98|4.29|4.03|3.52|3.70|3.55|3.78|3.59
GERTZOG             IRWIN|01:790:306:01|4.82|4.62|4.26|4.57|4.42|4.10|4.57|4.18|4.53|4.35|4.50
SOLARI              ANTHONY|01:790:308:01|4.42|4.79|4.63|4.87|4.77|4.44|4.17|3.98|4.40|4.38|5.00|5.00|5.00|5.00|5.00
YOU                 SOOBIN|01:790:313:80|4.33|4.33|4.00|4.00|4.33|4.00|4.67|3.33|3.67|4.33
MILBURN             SARAH|01:790:314:01|4.13|4.47|4.53|4.67|4.47|4.20|4.47|3.73|4.33|4.36
HUNT                STACEY|01:790:315:01|4.23|4.35|4.06|4.37|3.50|3.65|3.67|3.98|3.81|3.79|2.00
LICKLIDER           ROY|01:790:319:01|4.65|4.49|4.32|4.39|3.84|4.04|4.24|4.13|4.32|4.25|3.28|3.15|3.64|3.91|3.00
RITTER              JEFFREY|01:790:322:01|4.70|4.69|4.43|4.62|4.20|4.28|4.45|4.27|4.33|4.34
RUS                 IONAS|01:790:324:01|4.66|4.75|4.57|4.89|4.66|4.16|4.27|4.23|4.45|4.45
LEVINE              BERT|01:790:330:01|4.23|4.45|4.53|4.69|4.50|4.21|4.30|3.86|4.25|4.26
WOLLENBERG          YVONNE|01:790:340:01|4.54|4.67|4.66|4.74|4.66|4.50|4.55|4.37|4.69|4.67|5.00
BLAGOJEVIC          BOJANA|01:790:341:80|4.67|4.59|4.56|4.59|4.53|4.50|4.40|3.63|4.88|4.69|5.00|5.00
REISNER             RONALD|01:790:342:01|3.72|3.59|3.56|3.67|4.11|3.28|3.31|3.10|3.38|3.42
KAUFMAN             ROBERT|01:790:357:01|4.79|4.68|4.12|4.58|4.64|4.24|4.44|3.82|4.53|4.47
MCFALL              JOHN|01:790:374:01|4.72|4.77|4.71|4.80|4.73|4.65|4.67|4.43|4.74|4.77|5.00|5.00
BOROS               DIANA|01:790:376:01|4.62|4.65|4.32|4.62|4.72|4.25|4.30|3.98|4.41|4.21|5.00|5.00|5.00
ABDELJABER          HAMID|01:790:385:01|4.23|4.45|4.45|4.50|3.91|4.14|4.32|4.18|4.14|4.14|3.57|4.50
KUBIK               JAN|01:790:395:07|4.70|4.76|4.76|4.85|4.68|4.75|4.74|4.41|4.81|4.76
LEECH               BETH|01:790:395:11|4.70|4.76|4.76|4.85|4.68|4.75|4.74|4.41|4.81|4.76
CALLAWAY            BARBARA|01:790:395:17|4.70|4.76|4.76|4.85|4.68|4.75|4.74|4.41|4.81|4.76
FERNANDES           LEELA|01:790:395:19|4.70|4.76|4.76|4.85|4.68|4.75|4.74|4.41|4.81|4.76
LAWRENCE            SUSAN|01:790:395:20|4.70|4.76|4.76|4.85|4.68|4.75|4.74|4.41|4.81|4.76|4.00
WOLLENBERG          YVONNE|01:790:401:01|4.64|4.75|4.56|4.85|4.87|4.53|4.63|4.28|4.67|4.60|5.00
ALGER               JONATHAN|01:790:410:71|5.00|5.00|5.00|5.00|5.00|5.00|5.00|4.33|5.00|5.00
FERNANDES           LEELA|01:790:424:01|4.67|4.50|4.44|4.44|4.44|4.56|4.67|4.22|4.56|4.67
POMPER              GERALD|01:790:428:01|4.75|4.56|4.63|4.56|3.93|4.56|4.56|4.75|4.40|4.67
WEINGART            JOHN|01:790:429:01|4.38|4.38|3.88|4.58|4.29|3.96|3.96|4.42|3.91|4.09
ABDELJABER          HAMID|01:790:456:01|4.74|4.61|4.61|4.78|4.43|4.52|4.65|4.78|4.41|4.32|4.38|4.63
MATTO               ELIZABETH|01:790:482:08|4.25|4.25|4.00|4.25|4.67|4.00|4.75|4.50|4.50|5.00
MAWLA               HANY|01:790:457:01|4.87|4.75|4.68|4.78|4.43|4.44|4.78|4.30|4.57|4.57|5.00|5.00|5.00|5.00|5.00
