FELDER              SIDNEY|01:730:101:01|3.74|4.15|3.95|4.34|4.39|3.55|3.43|3.49|3.62|3.63
BODANSZKY           EVA|01:730:101:02|3.74|4.15|3.95|4.34|4.39|3.55|3.43|3.49|3.62|3.63
MCCROSSIN           EDWARD|01:730:101:03|3.74|4.15|3.95|4.34|4.39|3.55|3.43|3.49|3.62|3.63|5.00
KIVY                PETER|01:730:103:02|4.21|4.15|4.12|4.18|4.24|3.85|3.92|3.77|4.03|4.02
BODANSZKY           EVA|01:730:103:06|4.21|4.15|4.12|4.18|4.24|3.85|3.92|3.77|4.03|4.02
KING                JEFFREY|01:730:103:71|4.21|4.15|4.12|4.18|4.24|3.85|3.92|3.77|4.03|4.02
LIN                 MARTIN|01:730:104:00|4.43|4.56|4.36|4.56|4.41|4.12|4.27|4.02|4.32|4.16|5.00|5.00|5.00|5.00
MCCROSSIN           T|01:730:105:01|4.05|4.11|4.06|4.37|4.17|3.68|3.80|3.39|3.83|3.66
HUSAK               D|01:730:106:00|4.62|4.40|4.49|4.50|4.36|4.19|4.27|3.90|4.40|4.27
SMITH               HOLLY|01:730:107:71|4.96|4.85|4.38|4.81|4.48|4.35|4.69|4.15|4.65|4.54
WEATHERSON          BRIAN|01:730:201:05|4.21|4.05|3.81|4.43|4.30|3.73|3.67|3.37|3.83|3.72|1.00|2.00|3.00|5.00
CODE                ALAN|01:730:208:01|4.68|4.64|4.24|4.96|4.75|4.16|4.40|4.04|4.45|4.46
MCGARY              HOWARD|01:730:255:01|4.66|4.66|4.48|4.73|4.21|4.21|4.45|3.91|4.55|4.38|5.00|5.00|5.00|5.00|5.00
MAUDLIN             VISHNYA|01:730:261:01|4.58|4.42|4.52|4.38|4.35|4.29|4.38|4.00|4.25|4.29
KIVY                PETER|01:730:263:01|4.51|4.38|3.65|4.18|3.76|3.64|3.91|3.62|3.97|3.70
ANDERS              GEOFFREY|01:730:307:01|4.81|4.90|4.86|4.95|4.76|4.81|4.48|3.95|4.86|4.76
MCCROSSIN           EDWARD|01:730:308:01|4.26|4.78|4.33|4.74|4.40|4.00|3.89|3.52|4.42|4.19
COLBY               MARK|01:730:310:01|4.11|3.78|3.83|3.89|4.20|3.78|3.94|3.39|4.12|4.00|5.00|5.00
REDL                NINA|01:730:311:01|4.71|4.75|4.13|4.82|4.76|4.29|4.18|3.59|4.65|4.29
DOUARD              JOHN|01:730:328:01|4.00|4.19|4.00|4.41|4.69|4.00|3.94|4.06|3.88|4.18
MAITRA              ISHANI|01:730:347:01|5.00|4.92|4.75|4.83|4.67|4.67|4.75|4.17|4.92|4.83
HUSAK               DOUGLAS|01:730:358:01|4.90|4.81|4.58|4.81|4.77|4.48|4.68|4.39|4.74|4.60
HULL                KATHLEEN|01:730:367:01|4.18|4.83|4.76|4.86|4.61|4.55|4.21|4.00|4.41|4.21|4.04|4.15|4.52|4.07|4.22|4.78|4.12|3.46|4.04
BRYANT              EDWIN|01:730:368:01|4.39|4.50|4.59|4.30|3.86|4.02|4.44|4.05|4.25|4.14
BOLTON              ROBERT|01:730:402:01|4.40|4.08|3.80|4.25|4.64|3.96|4.08|3.36|4.13|4.24
BOLTON              ROBERT|01:730:412:01|4.42|3.84|3.56|4.06|4.22|3.53|3.89|3.94|3.84|3.79
WEATHERSON          BRIAN|01:730:424:01|4.47|4.40|3.93|4.33|4.07|3.80|3.73|3.73|4.00|4.07
SMITH               HOLLY|01:730:442:01|4.82|4.82|4.47|4.76|4.82|4.25|4.63|4.29|4.69|4.35
