KENFIELD            JOHN|01:082:103:00|4.75|3.84|4.68|4.47|4.15|4.42|4.46|3.90|4.48|4.41
WEIGERT             LAURA|01:082:105:00|4.57|4.37|4.41|4.50|4.35|4.21|4.39|3.77|4.31|4.20
WEIGERT|01:082:105:00|4.57|4.37|4.41|4.50|4.35|4.21|4.39|3.77|4.31|4.20|5.00|5.00
KENFIELD|01:082:105:00|4.57|4.37|4.41|4.50|4.35|4.21|4.39|3.77|4.31|4.20
BAHMER              MIEKE|01:082:105:03|4.57|4.37|4.41|4.50|4.35|4.21|4.39|3.77|4.31|4.20
BAHMER              MIEKE|01:082:105:05|4.57|4.37|4.41|4.50|4.35|4.21|4.39|3.77|4.31|4.20
BAHMER|01:082:105:21|4.57|4.37|4.41|4.50|4.35|4.21|4.39|3.77|4.31|4.20
ESTEVEZ             LISANDRA|01:082:105:30|4.57|4.37|4.41|4.50|4.35|4.21|4.39|3.77|4.31|4.20
CLANCY              JONATHON|01:082:105:40|4.57|4.37|4.41|4.50|4.35|4.21|4.39|3.77|4.31|4.20|5.00
BUDD                DENISE|01:082:105:41|4.57|4.37|4.41|4.50|4.35|4.21|4.39|3.77|4.31|4.20
SABLOVE             RICKI|01:082:106:01|4.20|4.46|4.31|4.47|4.33|4.05|4.15|3.98|4.25|4.24
WANG                AILEEN|01:082:106:03|4.20|4.46|4.31|4.47|4.33|4.05|4.15|3.98|4.25|4.24
SHEEHAN             TANYA|01:082:277:01|4.63|4.55|4.55|4.59|4.40|4.36|4.54|4.32|4.42|4.45
SIDLAUSKAS          SUSAN|01:082:277:01|4.63|4.55|4.55|4.59|4.40|4.36|4.54|4.32|4.42|4.45
FLORES              TATIANA|01:082:291:01|4.53|4.69|3.75|4.63|4.67|4.00|4.00|3.31|4.20|4.25
FLORES              TATIANA|01:082:302:01|4.60|4.60|4.47|4.49|4.44|4.20|4.41|4.34|4.41|4.37
SMALL               JOCELYN|01:082:306:01|4.68|3.95|3.84|3.44|3.37|3.47|3.84|4.42|3.74|3.74|5.00|5.00|4.00|5.00|4.00|5.00|5.00|5.00|5.00
MCHAM               SARAH|01:082:309:01|5.00|4.87|4.87|4.64|4.62|4.80|4.93|4.40|4.80|4.77
SMALL               JOCELYN|01:082:317:01|4.71|4.79|4.36|4.50|4.07|4.21|4.14|3.62|4.29|4.21
KAHLAOUI            TAREK|01:082:320:01|3.66|3.55|3.42|3.83|3.71|2.97|3.47|3.76|3.33|3.17
HOWARD              ANGELA|01:082:324:01|3.67|3.39|3.69|3.67|2.88|3.15|3.74|4.03|3.26|3.32
HOWARD              ANGELA|01:082:326:01|4.39|4.00|3.78|3.94|3.50|3.44|3.94|3.65|3.78|3.72
MARDER              TOD|01:082:355:01|4.65|4.69|4.75|4.82|4.50|4.35|4.56|3.75|4.44|4.50
ESTEVEZ             LISANDRA|01:082:366:01|4.91|4.91|4.77|4.86|4.64|4.77|4.82|4.00|4.77|4.77
LINVILLE            MARLENE|01:082:371:01|3.54|4.00|4.23|4.54|4.58|3.69|4.15|3.31|3.62|3.54
THUNO               ERIK|01:082:373:01|4.68|4.39|4.13|4.30|4.13|3.87|4.06|3.48|4.23|4.23
QUIDEAU|01:082:387:01|4.91|4.98|4.93|4.98|4.93|4.91|4.84|4.41|4.91|4.86|5.00
JACOB               C|01:082:430:01|4.92|4.92|4.77|4.85|4.77|4.85|4.77|4.00|4.75|4.75
HEWITT|01:082:441:01|4.57|4.14|4.57|4.43|4.14|4.14|4.57|4.29|4.29|4.29
MCHAM|01:082:451:01|4.89|4.89|4.89|4.89|5.00|4.78|4.67|4.22|4.88|4.75
SHEEHAN|01:082:488:01|5.00|4.63|4.75|4.63|4.63|4.38|4.50|4.25|4.75|4.43
WEIGERT             LAURA|01:082:491:01|4.97|4.89|4.86|4.95|4.70|4.75|4.89|4.40|4.82|4.82
MARDER|01:082:491:02|4.97|4.89|4.86|4.95|4.70|4.75|4.89|4.40|4.82|4.82|5.00
KENFIELD            J|01:082:491:03|4.97|4.89|4.86|4.95|4.70|4.75|4.89|4.40|4.82|4.82
ZERVIGON|01:082:491:04|4.97|4.89|4.86|4.95|4.70|4.75|4.89|4.40|4.82|4.82
