OBRIEN              ROBERT|01:070:101:00|3.90|4.14|4.09|4.31|3.87|3.71|3.80|3.69|3.80|3.62
BLUMENSCHINE        ROBERT|01:070:102:00|4.52|4.44|4.25|4.66|4.48|4.00|4.05|3.30|4.21|4.08
WOODHOUSEBEYER      KATHARINE|01:070:105:00|4.77|4.73|4.55|4.80|4.80|4.54|4.54|4.23|4.61|4.28
AHEARN              LAURA|01:070:108:00|4.68|4.71|4.57|4.87|4.74|4.46|4.49|3.90|4.64|4.53
SHUR                MARC|01:070:204:01|4.63|4.20|4.05|4.00|3.56|3.54|3.83|3.28|3.97|3.83
PALOMBIT            RYNE|01:070:212:01|4.93|4.79|4.79|4.71|3.93|4.42|4.60|3.81|4.69|4.55|4.00|4.02|4.37|2.93|4.05|3.95|4.00
SHUR                MARC|01:070:213:01|4.81|4.57|4.52|4.67|4.24|4.38|4.38|3.75|4.57|4.38|3.00
GOLDSTEIN           DANIEL|01:070:223:01|4.82|4.73|4.61|4.65|4.31|4.25|4.28|3.71|4.51|4.32|5.00
REU                 TOBIAS|01:070:291:01|4.40|3.20|2.20|4.60|4.40|2.60|3.20|3.00|3.00|3.25
RIVERACOLONS|01:070:292:01|5.00|5.00|5.00|5.00|4.60|4.40|4.60|4.00|5.00|4.33
OBRIEN              ROBERT|01:070:307:01|4.56|4.67|4.88|4.75|4.57|4.67|4.78|4.38|4.56|4.78
RIVERACOLON         EDGAR|01:070:312:01|4.60|4.80|4.44|4.70|4.88|4.33|4.30|3.90|4.60|3.89
SCHEIN              LOUISA|01:070:320:01|4.53|4.40|4.33|4.33|3.67|3.93|4.60|3.87|4.07|4.07
PALOMBIT            RYNE|01:070:348:01|5.00|4.92|4.83|5.00|4.75|4.75|5.00|4.67|4.91|4.82|3.42|4.92|4.33|2.00|4.25|4.33
SCOTT               ROBERT|01:070:358:01|4.67|4.47|4.44|4.53|4.38|4.06|4.71|4.24|4.44|4.61
BERG                ULLA|01:070:368:01|4.28|4.50|4.33|4.89|4.33|4.25|4.17|3.88|3.94|3.94
HEGBURG             KRISTA|01:070:371:01|4.50|4.89|4.65|4.89|4.67|4.50|4.44|4.12|4.65|4.47
HODGSON             DOROTHY|01:070:379:01|4.77|4.69|4.62|4.77|4.57|4.46|4.54|4.00|4.57|4.50
