LAWRENCE            S|01:960:211:01|4.41|4.39|3.99|4.59|4.49|4.01|3.97|3.41|4.07|3.84
ALEGRIA             VICTOR|01:960:211:04|4.41|4.39|3.99|4.59|4.49|4.01|3.97|3.41|4.07|3.84
LAWRENCE            S|01:960:212:01|4.55|4.25|4.15|4.55|4.45|4.10|4.35|3.95|4.25|4.20
POPEL               GEORGE|01:960:285:01|4.32|4.13|4.01|4.15|4.10|3.92|3.94|3.23|4.11|3.99|4.88
CZACHOR             JAMES|01:960:285:02|4.32|4.13|4.01|4.15|4.10|3.92|3.94|3.23|4.11|3.99
MOONDRA             SHYAM|01:960:285:03|4.32|4.13|4.01|4.15|4.10|3.92|3.94|3.23|4.11|3.99|4.88|5.00|5.00|5.00
CZACHOR             JAMES|01:960:285:04|4.32|4.13|4.01|4.15|4.10|3.92|3.94|3.23|4.11|3.99|4.88
PURANAM             S|01:960:285:06|4.32|4.13|4.01|4.15|4.10|3.92|3.94|3.23|4.11|3.99|4.88|5.00|5.00|5.00|5.00|5.00|5.00|5.00|5.00
DONG                H|01:960:285:08|4.32|4.13|4.01|4.15|4.10|3.92|3.94|3.23|4.11|3.99
POPEL               GEORGE|01:960:379:01|4.44|4.70|4.45|4.59|4.19|4.24|4.16|3.41|4.43|4.26
SINGH               KESAR|01:960:382:01|4.59|4.64|4.27|4.68|4.41|4.27|4.23|3.73|4.50|4.32
COHEN               ARTHUR|01:960:384:01|4.54|4.31|4.07|4.62|4.71|3.85|4.08|4.00|4.23|4.31
NAUS                JOSEPH|01:960:401:01|4.01|3.86|3.64|4.00|3.97|3.44|3.50|3.13|3.71|3.53
PURANAM             S|01:960:401:02|4.01|3.86|3.64|4.00|3.97|3.44|3.50|3.13|3.71|3.53
NAUS                J|01:960:401:03|4.01|3.86|3.64|4.00|3.97|3.44|3.50|3.13|3.71|3.53
MINIERE             M|01:960:401:04|4.01|3.86|3.64|4.00|3.97|3.44|3.50|3.13|3.71|3.53|5.00
ROJAS               P|01:960:401:05|4.01|3.86|3.64|4.00|3.97|3.44|3.50|3.13|3.71|3.53|5.00
BERK                R|01:960:476:01|4.38|4.06|3.65|4.09|3.75|3.60|3.94|3.88|3.97|3.84|5.00
ZHANG               J|01:960:483:01|4.58|4.54|3.92|4.69|4.38|4.15|4.15|3.96|4.24|4.24|5.00
HALEMANE|01:960:490:01|3.29|3.26|2.76|3.66|3.57|2.91|3.29|3.21|3.03|3.12
