SHAPIRO             TAMARA|01:450:101:01|4.88|4.82|4.59|4.85|4.85|4.55|4.65|4.22|4.78|4.63|5.00|5.00|5.00
BALM                Roger|01:450:102:01|4.65|4.40|4.06|4.39|3.98|3.77|3.81|3.16|4.04|3.84|5.00
BALM                ROGER|01:450:103:03|4.70|4.51|4.42|4.48|4.27|4.14|4.04|3.43|4.34|4.20
HORDON              Robert|01:450:211:01|4.66|4.54|4.46|4.63|4.54|4.18|4.32|4.03|4.40|4.31
KABACHNIK           PETER|01:450:262:01|4.74|4.78|4.63|4.74|4.56|4.56|4.63|3.81|4.59|4.52
NEIMARK             Benjamin|01:450:272:01|4.13|3.83|4.12|4.12|4.54|3.96|4.28|2.52|3.96|3.78
HORDON              Robert|01:450:320:01|4.40|4.24|3.95|4.55|3.89|3.67|3.43|3.33|3.95|3.65
BLAGOJEVIC          BOJANA|01:450:332:01|4.68|4.78|4.63|4.86|4.89|4.59|4.70|3.97|4.61|4.62|5.00
SCHROEDER                  Richard|01:450:338:01|4.95|4.90|4.50|4.75|4.70|4.65|4.50|4.00|4.70|4.55
BIRKENHOLTZ         Trevor|01:450:341:01|4.57|4.71|4.10|4.81|4.86|4.05|4.19|3.35|4.52|4.43
SCHNEIDER           LAURA|01:450:404:01|4.08|4.00|4.00|4.42|3.58|3.50|3.58|3.18|3.82|3.64
BIRKENHOLTZ         Trevor|01:450:419:01|4.70|4.90|4.60|4.80|4.63|4.50|4.70|4.40|4.67|4.33|4.00|5.00|4.00|5.00|4.00|3.00|4.00|5.00
STMARTIN            Kevin|01:450:470:01|4.59|4.41|4.00|4.43|3.36|3.77|3.91|3.43|4.05|3.67
