ALAMI               MYRIAM|01:420:101:20|4.15|4.22|4.33|4.38|4.36|4.16|4.27|4.39|4.16|4.18
ALAMI               MYRIAM|01:420:102:02|4.60|4.60|4.63|4.61|4.60|4.56|4.71|4.51|4.55|4.59
MORIN OLIVIER|01:420:131:02|4.24|4.54|4.72|4.60|4.42|4.38|4.42|4.72|4.38|4.24
ALAMI               MYRIAM|01:420:132:02|4.79|4.79|4.73|4.90|4.75|4.63|4.74|4.85|4.71|4.62|4.64|5.00
SCHILLING           DEREK|01:420:132:20|4.79|4.79|4.73|4.90|4.75|4.63|4.74|4.85|4.71|4.62|4.64|5.00
BENSLAMA            INES|01:420:132:30|4.79|4.79|4.73|4.90|4.75|4.63|4.74|4.85|4.71|4.62
EISENZWEIG          URI|01:420:160:01|4.64|4.73|4.73|4.64|4.64|4.55|4.18|4.36|4.64|4.64
KARMARKAR           MEDHA|01:420:213:01|3.45|3.52|3.82|3.91|4.13|3.48|3.39|4.41|3.68|3.57
AUBERT              ANNE|01:420:213:30|3.45|3.52|3.82|3.91|4.13|3.48|3.39|4.41|3.68|3.57|5.00|5.00|5.00|5.00|5.00|5.00|5.00|5.00|5.00
FLIEGER             JERRY|01:420:214:01|4.21|4.75|4.38|4.83|4.63|4.38|4.38|4.46|4.50|4.38|5.00
KARMARKAR           MEDHA|01:420:214:02|4.21|4.75|4.38|4.83|4.63|4.38|4.38|4.46|4.50|4.38
LARRIER             RENEE|01:420:215:01|4.60|4.58|4.44|4.70|4.46|4.17|4.32|3.71|4.42|4.26
ALLAMAND            CAROLE|01:420:215:02|4.60|4.58|4.44|4.70|4.46|4.17|4.32|3.71|4.42|4.26
PIROUX              LORRAINE|01:420:216:01|4.90|4.90|4.87|4.90|4.73|4.80|4.87|4.38|4.93|4.76
BOMBART             MATHILDE|01:420:216:30|4.90|4.90|4.87|4.90|4.73|4.80|4.87|4.38|4.93|4.76
PAIRET              ANA|01:420:218:71|4.75|4.58|4.50|4.75|4.67|4.67|4.67|4.50|4.67|4.50
SERRANO             RICHARD|01:420:310:01|4.83|4.83|4.75|4.92|4.82|4.75|4.75|4.33|4.83|4.75
ALLAMAND            CAROLE|01:420:316:01|4.89|4.67|4.28|4.39|4.12|4.17|4.39|4.33|4.47|4.22
SHAW                MARY|01:420:337:01|4.60|4.75|4.70|4.83|4.80|4.50|4.60|4.40|4.58|4.58
WILLIAMS ALAN|01:420:372:01|4.65|4.55|4.89|4.65|4.75|4.35|4.65|4.11|4.58|4.70
PAIRET              ANA|01:420:403:01|4.86|4.56|4.56|4.81|4.56|4.56|4.50|4.38|4.69|4.56
LARRIER             RENEE|01:420:413:01|4.86|4.79|4.64|4.77|4.64|4.54|4.38|4.07|4.64|4.50
BOMBART             MATHILDE|01:420:421:01|4.89|4.94|4.89|4.94|4.88|4.78|4.94|4.33|4.94|4.82
WILLIAMS ALAN|01:420:472:01|3.91|4.09|3.82|3.91|4.00|3.30|3.40|3.30|3.89|3.90
