DESIR               STEVE|01:090:111:06|4.49|4.51|4.41|4.64|4.45|4.27|3.92|3.39|4.44|4.04
TAKACS|01:090:111:09|4.49|4.51|4.41|4.64|4.45|4.27|3.92|3.39|4.44|4.04
COSTNER             EDWARD|01:090:111:10|4.49|4.51|4.41|4.64|4.45|4.27|3.92|3.39|4.44|4.04
HASHEMI|01:090:111:11|4.49|4.51|4.41|4.64|4.45|4.27|3.92|3.39|4.44|4.04
LORD                NANCY|01:090:111:12|4.49|4.51|4.41|4.64|4.45|4.27|3.92|3.39|4.44|4.04
MAZARIO             JULIO|01:090:111:15|4.49|4.51|4.41|4.64|4.45|4.27|3.92|3.39|4.44|4.04
SHOSTACK            MICHELLE|01:090:172:01|5.00|5.00|4.83|5.00|4.67|5.00|4.67|3.83|5.00|4.83
WRY                 PATRICIA|01:090:175:01|4.67|5.00|5.00|4.67|5.00|4.67|5.00|3.33|4.67|5.00
VANSRIPER           PAULA|01:090:220:26|4.45|4.48|4.22|4.48|4.56|4.22|3.56|2.67|4.44|3.47
SOKOLOWSKI          KELLEY|01:090:220:27|4.45|4.48|4.22|4.48|4.56|4.22|3.56|2.67|4.44|3.47
LARSON              RANDI|01:090:220:28|4.45|4.48|4.22|4.48|4.56|4.22|3.56|2.67|4.44|3.47
MUTH                JOHN|01:090:220:29|4.45|4.48|4.22|4.48|4.56|4.22|3.56|2.67|4.44|3.47
FRASCA              DANA|01:090:220:40|4.45|4.48|4.22|4.48|4.56|4.22|3.56|2.67|4.44|3.47
HOWARD              S BETH|01:090:220:41|4.45|4.48|4.22|4.48|4.56|4.22|3.56|2.67|4.44|3.47
HOGAN               COURTNEY|01:090:220:46|4.45|4.48|4.22|4.48|4.56|4.22|3.56|2.67|4.44|3.47|3.00
MASSIP              YVONNE|01:090:220:47|4.45|4.48|4.22|4.48|4.56|4.22|3.56|2.67|4.44|3.47
ZIPKIN              IRIS|01:090:220:48|4.45|4.48|4.22|4.48|4.56|4.22|3.56|2.67|4.44|3.47|3.00
FELICIANOSBERRIOS   BETZA|01:090:220:56|4.45|4.48|4.22|4.48|4.56|4.22|3.56|2.67|4.44|3.47
BONNY               CHRISTINE|01:090:220:57|4.45|4.48|4.22|4.48|4.56|4.22|3.56|2.67|4.44|3.47
MARYANN             PUCCIO|01:090:220:58|4.45|4.48|4.22|4.48|4.56|4.22|3.56|2.67|4.44|3.47
REYNOLD             REBECC|01:090:220:60|4.45|4.48|4.22|4.48|4.56|4.22|3.56|2.67|4.44|3.47
PRESLEY             KERRYN|01:090:231:01|5.00|5.00|4.86|4.93|4.60|4.79|4.79|4.71|4.93|4.86
CHUANG              YEN CHEN|01:090:233:01|4.89|4.89|5.00|5.00|5.00|4.88|4.44|5.00|5.00|4.89
PALPACUER           CHRISTELLE|01:090:235:01|4.60|4.60|4.20|4.40|4.20|3.20|4.20|4.20|3.80
CABRERASSERRANO     MARTA|01:090:237:01|4.82|4.92|4.55|4.92|4.75|4.45|4.42|4.55|4.64|4.73
JESIONKA            NATALIE|01:090:241:01|3.38|3.31|3.50|3.86|3.25|3.00|2.85|3.86|3.23|3.43
BROWN               DANNA|01:090:243:01|4.08|3.83|3.75|4.00|4.08|3.75|3.58|3.58|3.83|3.83
BAYKAL              GOKCE|01:090:245:01|4.30|4.50|4.60|4.80|4.56|4.20|4.10|4.50|4.50|4.30
REED                JAMES|01:090:250:01|4.42|4.58|4.83|4.92|4.75|4.67|4.83|4.00|4.75|4.67
STEIN               ARLENE|01:090:251:01|4.64|4.64|4.38|4.86|4.43|4.14|4.38|3.67|4.53|4.20
KUO                 HUI MIN|01:090:252:01|5.00|4.90|4.70|5.00|4.90|4.80|4.80|4.00|4.80|4.60
BORDO               MICHAEL|01:090:253:01|4.38|4.75|4.00|4.38|4.00|3.50|4.75|4.38|4.14|4.29
WALKER              STEVEN|01:090:254:01|4.92|4.92|4.42|4.92|4.83|4.58|4.67|4.08|4.82|4.55
SOMALWAR            SUNIL|01:090:255:01|4.63|4.81|4.88|4.81|4.86|4.56|4.75|4.38|4.69|4.63
GABRIEL             ABRAM|01:090:256:01|4.67|4.78|4.56|4.89|4.86|4.78|4.89|4.33|4.44|4.56|4.67|4.89|5.00
RUDMAN              LAURIE|01:090:257:01|4.79|4.79|4.79|4.93|4.86|4.57|4.50|3.64|4.86|4.57
ROOS                PATRICIA|01:090:258:01|4.92|5.00|4.92|5.00|5.00|4.85|5.00|4.50|5.00|4.83
BAKER               ANDREW|01:090:259:01|5.00|5.00|4.83|5.00|4.92|4.75|4.83|4.25|4.90|4.90
SPEER               MARY|01:090:261:01|4.75|4.25|4.50|4.25|4.00|4.25|4.75|4.00|4.25|4.50
ALEXANDERSFLOYD     NIKOL|01:090:262:01|3.75|2.75|2.50|2.75|3.25|1.50|2.75|3.50|2.50|2.00
MASCIALEES          FRAN|01:090:263:01|4.63|4.75|4.50|4.50|4.83|4.50|4.88|3.63|4.63|4.50
SAFIR               KEN|01:090:264:01|4.00|4.15|3.69|4.23|4.33|3.38|4.23|3.92|3.92|3.62
FRIEDMAN            JEFF|01:090:265:01|5.00|4.50|4.50|5.00|5.00|4.50|5.00|4.00|5.00|5.00
JI                  SUNGEHNL|01:090:266:01|4.00|4.56|4.67|4.89|5.00|4.11|4.44|4.44|4.33|4.63
ROSENBERG           HELANE|01:090:267:01|5.00|4.90|4.90|5.00|4.00|4.80|4.90|3.40|4.80|5.00
YOUNG               WISE|01:090:268:01|5.00|4.94|4.83|5.00|4.85|4.83|5.00|4.67|4.88|5.00
GRUMET              MARTIN|01:090:268:01|5.00|4.94|4.83|5.00|4.85|4.83|5.00|4.67|4.88|5.00
MORTON              PATRICIA|01:090:268:01|5.00|4.94|4.83|5.00|4.85|4.83|5.00|4.67|4.88|5.00
YANS                VIRGINIA|01:090:269:01|4.50|4.50|4.33|5.00|5.00|4.50|4.33|3.67|4.33|4.33
LEE                 M|01:090:270:01|5.00|4.89|4.67|5.00|4.56|4.56|4.67|4.22|4.78|4.78
HEFFNER             R|01:090:271:01|4.17|4.00|4.67|4.33|3.60|4.17|4.00|4.60|4.17|4.17
WARNER              A|01:090:308:01|5.00|5.00|4.71|4.57|4.00|4.86|4.57|4.71|4.71|4.57
KRUEGER             L|01:090:320:01|4.83|4.80|4.60|4.87|4.60|4.58|4.48|4.47|4.72|4.54|4.18|3.75|4.56|4.49|4.82|4.76|4.72|4.41|4.69
MARSHALL            REGINA|01:090:320:02|4.83|4.80|4.60|4.87|4.60|4.58|4.48|4.47|4.72|4.54|4.18|3.75|4.56|4.49|4.82|4.76|4.72|4.41|4.69
MARSHALL            REGINA|01:090:320:03|4.83|4.80|4.60|4.87|4.60|4.58|4.48|4.47|4.72|4.54|4.18|3.75|4.56|4.49|4.82|4.76|4.72|4.41|4.69
LEVINE              J|01:090:395:01|4.94|4.88|4.56|4.81|4.82|4.69|4.56|4.44|4.81|4.69
