LORD                NANCY|01:090:112:04|4.54|4.51|4.12|4.60|4.60|4.19|3.39|2.92|4.31|3.33
NAZARIO             JULIO|01:090:112:07|4.54|4.51|4.12|4.60|4.60|4.19|3.39|2.92|4.31|3.33|5.00
TAKACS              SAROLTA|01:090:112:09|4.54|4.51|4.12|4.60|4.60|4.19|3.39|2.92|4.31|3.33
FIGUEIRA            THOMAS|01:090:112:10|4.54|4.51|4.12|4.60|4.60|4.19|3.39|2.92|4.31|3.33
SHOSTACK            MICHELLE|01:090:172:01|5.00|5.00|5.00|5.00|4.86|4.86|4.57|3.29|4.86|4.71
WRY                 PAT|01:090:175:01|5.00|5.00|4.83|5.00|4.67|4.60|4.67|4.33|5.00|4.80
WRY                 PAT|01:090:176:01|5.00|5.00|5.00|5.00|5.00|5.00|4.83|4.17|4.67|4.83
BONNY               CHRISTINE|01:090:220:29|4.77|4.85|4.77|5.00|4.80|4.77|4.54|3.31|4.92|4.85|4.00|5.00|5.00
WALLACE             ADRYAN|01:090:232:01|5.00|5.00|5.00|5.00|5.00|5.00|4.80|5.00|5.00|5.00
CHUANG              YENCHEN|01:090:234:01|5.00|5.00|5.00|5.00|5.00|5.00|4.80|5.00|5.00|5.00
BELL                RUDOLPH|01:090:270:01|4.33|5.00|4.63|5.00|5.00|4.44|4.44|3.89|4.89|4.67
BERMAN              HELEN|01:090:271:01|4.58|4.46|4.46|4.36|4.20|4.50|4.43|4.46|4.54|4.23
BRYANT              EDWIN|01:090:272:01|4.32|4.46|4.48|4.78|4.43|4.42|4.93|4.32|4.42|4.63|5.00|3.00|3.00
NAZARIO             JULIO|01:090:272:01|4.32|4.46|4.48|4.78|4.43|4.42|4.93|4.32|4.42|4.63|5.00|3.00|3.00
CODE                ALAN|01:090:273:01|4.56|4.50|4.78|5.00|5.00|4.22|4.75|4.33|4.44|4.56
DEIS                FRANK|01:090:274:01|4.80|4.70|5.00|4.40|5.00|4.90|5.00|4.70|4.90|5.00
GELMAN              RACHEL|01:090:275:01|4.50|4.25|4.38|4.75|4.88|4.38|4.63|4.75|4.38|4.75
GESELOWITZ          MICHAEL|01:090:276:01|5.00|4.88|4.50|5.00|4.50|4.75|3.63|4.75|4.63
GREENBERG           DAVID|01:090:277:01|4.80|5.00|4.60|4.90|4.60|4.70|4.80|4.60|4.70|4.60
MANDELBAUM JENNY|01:090:279:01|5.00|4.85|4.38|5.00|4.46|4.62|4.17|3.54|4.50|4.00
MARKERT             JOSEPH|01:090:280:01|4.85|4.83|4.67|4.92|4.83|4.75|4.25|4.45|4.58|4.55
NAQVI               FATIMA|01:090:281:01|4.44|4.44|4.44|4.67|4.11|4.11|4.56|3.13|4.44|4.50
ROOS                PATRICIA|01:090:282:01|4.88|4.88|4.88|5.00|5.00|4.63|4.75|4.00|4.86|4.57
SADOFF              DIANNE|01:090:283:01|4.50|4.83|4.50|4.33|4.50|4.33|4.33|4.17|4.50|4.50
TAKACS              SAROLTA|01:090:286:01|4.40|5.00|5.00|5.00|5.00|5.00|5.00|3.80|5.00|5.00
MARFUGGI            RICHARD|01:090:326:01|4.88|5.00|5.00|4.75|5.00|5.00|5.00|4.88|5.00|5.00
LEVINE              JUSTINE|01:090:395:01|4.86|5.00|5.00|4.86|5.00|4.71|4.71|4.57|5.00|5.00
