MORAN               DANIEL|01:351:201:01|4.73|4.89|4.91|4.96|4.68|4.76|4.69|3.82|4.86|4.72|4.53|3.26|3.83|3.95|4.05|4.44
ALGEEHEWITT         MARK|01:351:201:02|4.73|4.89|4.91|4.96|4.68|4.76|4.69|3.82|4.86|4.72|4.53|3.26|3.83|3.95|5.00|4.05|4.44|5.00|5.00
SHERMAN             RACHEL|01:351:211:01|4.57|4.58|4.59|4.66|4.61|4.41|4.31|4.50|4.48|4.54|4.47|3.22|3.77|3.92|4.16|4.31
SHERMAN             RACHEL|01:351:211:02|4.57|4.58|4.59|4.66|4.61|4.41|4.31|4.50|4.48|4.54|4.47|3.22|3.77|3.92|4.45|4.16|4.31|4.15
RAMEY               RHEA|01:351:211:03|4.57|4.58|4.59|4.66|4.61|4.41|4.31|4.50|4.48|4.54|4.47|3.22|3.77|3.92|4.45|4.16|4.31
HELLER              SARAH|01:351:211:04|4.57|4.58|4.59|4.66|4.61|4.41|4.31|4.50|4.48|4.54|4.47|3.22|3.77|3.92|4.45|4.16|4.31|4.15
SUGARMAN            YERRA|01:351:211:05|4.57|4.58|4.59|4.66|4.61|4.41|4.31|4.50|4.48|4.54|4.47|3.22|3.77|3.92|4.16|4.31
SUGARMAN            YERRA|01:351:211:06|4.57|4.58|4.59|4.66|4.61|4.41|4.31|4.50|4.48|4.54|4.47|3.22|3.77|3.92|4.45|4.16|4.31|4.15|4.50
BLANEY              PAUL|01:351:211:08|4.57|4.58|4.59|4.66|4.61|4.41|4.31|4.50|4.48|4.54|4.47|3.22|3.77|3.92|4.16|4.31
FRANCO              ALFREDO|01:351:211:09|4.57|4.58|4.59|4.66|4.61|4.41|4.31|4.50|4.48|4.54|4.47|3.22|3.77|3.92|4.16|4.31
ELLIS               KATHERINE|01:351:211:10|4.57|4.58|4.59|4.66|4.61|4.41|4.31|4.50|4.48|4.54|4.47|3.22|3.77|3.92|4.16|4.31|4.15
ARNDT               JESSICA|01:351:211:11|4.57|4.58|4.59|4.66|4.61|4.41|4.31|4.50|4.48|4.54|4.47|3.22|3.77|3.92|4.45|4.16|4.31
FUHRMAN             JOANNA|01:351:211:13|4.57|4.58|4.59|4.66|4.61|4.41|4.31|4.50|4.48|4.54|4.47|3.22|3.77|3.92|4.45|4.16|4.31|4.15
FUHRMAN             JOANNA|01:351:211:15|4.57|4.58|4.59|4.66|4.61|4.41|4.31|4.50|4.48|4.54|4.47|3.22|3.77|3.92|4.45|4.16|4.31|4.15|4.50
ARNDT               JESSICA|01:351:211:17|4.57|4.58|4.59|4.66|4.61|4.41|4.31|4.50|4.48|4.54|4.47|3.22|3.77|3.92|4.45|4.16|4.31|4.15
BETTS               TARA|01:351:211:19|4.57|4.58|4.59|4.66|4.61|4.41|4.31|4.50|4.48|4.54|4.47|3.22|3.77|3.92|4.45|4.16|4.31|4.15
BETTS               TARA|01:351:211:21|4.57|4.58|4.59|4.66|4.61|4.41|4.31|4.50|4.48|4.54|4.47|3.22|3.77|3.92|4.16|4.31
MURRAY              RICHARD|01:351:211:22|4.57|4.58|4.59|4.66|4.61|4.41|4.31|4.50|4.48|4.54|4.47|3.22|3.77|3.92|4.45|4.16|4.31|4.15
SVICH               CARIDAD|01:351:211:23|4.57|4.58|4.59|4.66|4.61|4.41|4.31|4.50|4.48|4.54|4.47|3.22|3.77|3.92|4.45|4.16|4.31
JOHNSON             KARMA|01:351:211:24|4.57|4.58|4.59|4.66|4.61|4.41|4.31|4.50|4.48|4.54|4.47|3.22|3.77|3.92|4.16|4.31
MURRAY              RICHARD|01:351:211:26|4.57|4.58|4.59|4.66|4.61|4.41|4.31|4.50|4.48|4.54|4.47|3.22|3.77|3.92|4.16|4.31
GLISERMAN           MARTIN|01:351:242:01|4.86|4.89|4.75|4.91|4.79|4.73|4.61|4.49|4.76|4.70|4.70|3.32|3.94|4.18|4.22|4.43|5.00
BLANEY              PAUL|01:351:305:01|4.00|4.07|4.21|4.43|4.29|3.79|3.79|4.50|3.93|3.86|4.29|3.00|3.25|3.93|3.58|4.00|3.00
JOHNSON             KARMA|01:351:306:02|4.12|4.15|4.40|4.23|4.70|4.28|4.28|4.50|4.17|4.33|4.17|3.20|3.58|3.95|4.21|4.18
TUPPER              LARA|01:351:307:01|4.89|4.86|4.81|4.89|4.93|4.74|4.51|4.89|4.73|4.75|4.84|3.39|4.07|4.27|4.50|4.30|4.51|4.00|5.00
HELLER              SARAH|01:351:307:02|4.89|4.86|4.81|4.89|4.93|4.74|4.51|4.89|4.73|4.75|4.84|3.39|4.07|4.27|4.50|4.30|4.51
TUPPER              LARA|01:351:307:03|4.89|4.86|4.81|4.89|4.93|4.74|4.51|4.89|4.73|4.75|4.84|3.39|4.07|4.27|4.30|4.51
OSBORN              SUSAN|01:351:307:04|4.89|4.86|4.81|4.89|4.93|4.74|4.51|4.89|4.73|4.75|4.84|3.39|4.07|4.27|4.30|4.51|4.00
SVICH               CARIDAD|01:351:308:01|4.22|4.22|4.33|4.00|4.56|3.78|4.33|4.11|4.22|4.44|4.00|3.00|3.00|3.67|4.22|4.00
SEIDEL              DENA|01:351:312:01|4.29|4.26|4.41|4.55|4.30|4.27|4.15|4.15|4.24|4.27|4.10|3.91|4.29|3.65|3.84|4.23|3.50
MATIN               SAMIHA|01:351:312:02|4.29|4.26|4.41|4.55|4.30|4.27|4.15|4.15|4.24|4.27|4.10|3.91|4.29|3.65|3.33|3.84|4.23|3.50|3.00
SEIDEL              DENA|01:351:312:03|4.29|4.26|4.41|4.55|4.30|4.27|4.15|4.15|4.24|4.27|4.10|3.91|4.29|3.65|3.33|3.84|4.23
MATIN               SAMIHA|01:351:312:04|4.29|4.26|4.41|4.55|4.30|4.27|4.15|4.15|4.24|4.27|4.10|3.91|4.29|3.65|3.33|3.84|4.23
WALKER              STEVEN|01:351:322:01|4.42|4.42|4.08|4.58|4.67|4.08|4.33|4.17|4.33|4.25|4.10|2.67|3.13|3.90|4.00|3.70|4.60
GLISERMAN           MARTIN|01:351:347:01|4.89|4.92|4.92|4.94|4.94|4.86|4.78|4.63|4.94|4.91|4.86|3.59|3.77|4.28|4.15|4.56
DEKOVEN             MARIANNE|01:351:361:01|4.80|4.70|4.60|4.80|4.70|4.40|4.40|4.50|4.67|4.78|4.44|3.00|3.14|4.11|4.13|4.00
JOSEPH              MICHAEL|01:351:385:01|3.71|3.67|3.76|4.14|3.48|3.15|3.32|3.73|3.21|3.30|3.20|3.30|3.22|3.76|3.95|4.00
OSBORN              SUSAN|01:351:405:03|4.62|4.86|4.85|4.90|4.90|4.75|4.76|4.95|4.84|4.95|4.57|3.81|4.10|4.05|4.62|4.20|4.33
BARNETT             LOUISE|01:351:452:01|4.67|4.17|4.33|4.33|4.50|4.17|4.50|4.50|4.17|4.33|4.50|3.17|3.33|4.33|4.33|4.17
