SPRACHMAN           PAUL|01:685:103:01|4.69|4.73|4.80|4.88|4.80|4.87|4.88|4.75|4.67|4.57
TUNAGUR             FERHAN|01:685:105:01|4.75|4.83|4.92|4.92|4.75|4.83|4.83|4.42|4.91|4.82
ALSIADI             M|01:685:127:01|4.51|4.58|4.57|4.71|4.67|4.49|4.71|4.67|4.50|4.49|5.00|5.00|5.00
ELSAYED             HANAN|01:685:127:02|4.51|4.58|4.57|4.71|4.67|4.49|4.71|4.67|4.50|4.49
ISSA                HALA|01:685:127:03|4.51|4.58|4.57|4.71|4.67|4.49|4.71|4.67|4.50|4.49
ENNAJI              MOHA|01:685:127:04|4.51|4.58|4.57|4.71|4.67|4.49|4.71|4.67|4.50|4.49
SOUEID              JOHN|01:685:128:01|4.81|4.88|4.76|4.88|4.78|4.78|4.78|4.89|4.71|4.59|5.00
TUNAGUR             FERHAN|01:685:215:01|4.83|4.83|4.83|4.83|4.67|4.67|4.75|4.92|4.75|4.75|5.00|5.00|5.00|5.00|5.00
HABERL              CHARLES|01:685:221:01|4.67|4.89|4.67|4.78|4.78|4.56|4.89|4.78|4.78|4.56
ALSIADI             M|01:685:227:01|4.00|4.00|4.56|4.47|4.41|4.42|4.42|4.68|4.35|4.33
SOUEID              JOHN|01:685:227:02|4.00|4.00|4.56|4.47|4.41|4.42|4.42|4.68|4.35|4.33|5.00
SOUEID              JOHN|01:685:228:01|4.78|4.67|4.89|4.89|4.78|4.67|4.44|4.89|4.67|4.22
VALENTI             PETER|01:685:300:01|4.61|4.63|4.53|4.68|4.35|4.24|4.55|4.18|4.57|4.45|1.00
HABERL              CHARLES|01:685:306:01|4.88|5.00|4.76|5.00|5.00|4.47|4.76|4.41|4.88|4.76|5.00|5.00
PAVLIN              JAMES|01:685:325:01|4.63|4.50|4.38|4.50|4.25|4.25|4.63|4.38|4.50|4.38
RUSSELLJONES        SANDRA|01:685:326:01|4.59|4.59|4.59|4.88|4.35|4.41|4.24|4.59|4.35|4.44
RUSSELLJONES        SANDRA|01:685:326:02|4.59|4.59|4.59|4.88|4.35|4.41|4.24|4.59|4.35|4.44
ENNAJI              MOHA|01:685:327:01|3.33|3.67|3.57|4.00|4.33|2.86|3.67|4.71|3.83|3.00
Stauber             Roni|01:685:343:01|4.00|4.00|4.00|4.00|4.00|4.00|4.00|4.00|4.00|4.00
ABDELJABER          HAMID|01:685:345:01|4.75|5.00|5.00|5.00|4.92|4.83|5.00|4.92|4.92|4.92|5.00|5.00|5.00|5.00|5.00|5.00|5.00|5.00|5.00
ABDELJABER          HAMID|01:685:346:01|4.73|4.40|4.71|5.00|4.79|4.40|4.53|4.20|4.57|4.50|5.00
SPRACHMAN           PAUL|01:685:350:01|4.54|4.41|4.45|4.39|4.20|4.18|4.40|4.37|4.27|4.19
ABDELJABER          HAMID|01:685:351:01|4.86|4.86|4.86|5.00|4.86|5.00|5.00|5.00|4.86|5.00|5.00|5.00|5.00
ENNAJI              MOHA|01:685:437:01|4.64|4.82|4.64|4.82|5.00|4.60|4.73|4.20|4.64|4.55
RAZANI              AFSHIN|01:685:441:01|4.91|4.91|4.73|4.82|4.90|4.91|4.82|4.73|4.91|4.91|5.00|5.00|5.00|5.00|5.00
RAZANI              AFSHIN|01:685:445:01|5.00|5.00|5.00|5.00|5.00|5.00|5.00|5.00|4.75|4.75
RAZANI              AFSHIN|01:685:447:01|4.70|4.80|4.80|4.80|4.71|4.70|4.80|4.70|4.70|4.80|5.00|5.00|5.00|5.00|5.00|5.00|5.00|5.00|5.00
