KAZAKOVA            NATALIA|01:860:101:01|4.25|4.07|4.31|4.69|4.80|4.25|4.50|4.53|4.19|4.07
DIEHL|01:860:101:02|4.25|4.07|4.31|4.69|4.80|4.25|4.50|4.53|4.19|4.07
MEDVEDEVA|01:860:107:01|4.61|4.50|4.07|4.68|4.61|4.11|4.46|4.36|4.36|4.41|5.00|5.00|5.00|5.00|5.00|5.00|5.00|5.00|5.00
MEDVEDEVA|01:860:107:02|4.61|4.50|4.07|4.68|4.61|4.11|4.46|4.36|4.36|4.41|5.00
RUSANOVAMCCOY|01:860:201:01|3.84|3.84|3.74|4.21|4.47|3.79|4.00|4.58|3.89|3.89
RUSANOVAMCCOY|01:860:201:02|3.84|3.84|3.74|4.21|4.47|3.79|4.00|4.58|3.89|3.89
MCCOY|01:860:203:01|3.13|4.00|3.50|4.29|4.63|3.38|3.50|4.88|3.43|3.29
MCCOYRUSANOVA       S|01:860:301:01|3.88|4.38|3.75|4.50|4.13|3.67|3.63|4.38|4.00|4.00
BOJANOWSKA|01:860:320:01|4.80|4.70|4.60|4.70|4.60|4.50|4.40|4.40|4.56|4.22
BOJANOWSKA|01:860:328:01|5.00|4.86|4.79|4.85|4.46|4.47|4.60|4.00|4.67|4.67|4.50|3.00|5.00|3.00
PIROG               G|01:860:332:01|4.86|4.71|4.43|4.57|5.00|4.57|4.57|4.86|4.57|4.43
BOGOMOLNY|01:860:401:01|5.00|5.00|4.75|5.00|4.86|4.88|4.75|4.50|4.88|4.75
PIROG|01:860:486:01|4.89|4.89|4.78|4.56|4.67|4.22|4.78|4.11|4.67|4.67
