BACKES|01:050:101:01|4.21|4.41|4.18|4.47|4.22|3.86|3.74|3.35|4.06|3.85
ROCKLAND            M|01:050:216:01|4.09|4.18|4.42|4.50|4.42|4.00|3.83|4.00|4.17|4.00
GILLESPIE           A|01:050:264:01|4.80|4.71|4.54|4.72|4.63|4.34|4.25|3.33|4.54|4.29
STERN               MARIAN|01:050:282:01|4.68|4.68|4.65|4.75|4.60|4.41|4.41|3.68|4.70|4.51
CHADWICK            B|01:050:300:00|4.65|4.62|4.62|4.70|4.40|4.49|4.53|4.10|4.60|4.63|4.00|3.00|3.00|3.00|3.00|3.00|3.00|3.00|3.00
CHADWICK            BRUCE|01:050:300:01|4.65|4.62|4.62|4.70|4.40|4.49|4.53|4.10|4.60|4.63
BACKES              M|01:050:300:03|4.65|4.62|4.62|4.70|4.40|4.49|4.53|4.10|4.60|4.63
FISHBEIN|01:050:301:02|4.79|4.78|4.82|4.88|4.72|4.53|4.69|4.10|4.67|4.58|3.90|4.20|3.80
NIGRIN              A|01:050:301:03|4.79|4.78|4.82|4.88|4.72|4.53|4.69|4.10|4.67|4.58|3.90|4.20|3.80|4.00|4.00|3.00
FERGUSON            MATTHEW|01:050:304:01|4.88|4.88|4.86|4.88|4.69|4.66|4.56|3.82|4.81|4.74|5.00|5.00|5.00|5.00|5.00|3.00|5.00|5.00|4.00
ROCKLAND            M|01:050:329:01|3.94|4.18|4.12|4.82|4.35|3.65|3.65|3.88|3.88|3.71
BARNETT             L|01:050:376:01|4.36|4.14|3.79|4.14|4.07|3.36|3.86|3.50|3.79|3.79
FISHBEIN|01:050:389:01|4.86|4.71|4.67|4.43|4.48|4.45|4.43|3.81|4.45|4.15|3.90|4.30|4.20
ROTUNDA             M|01:050:389:02|4.86|4.71|4.67|4.43|4.48|4.45|4.43|3.81|4.45|4.15
GILLESPIE           A|01:050:450:01|4.92|5.00|5.00|5.00|5.00|5.00|5.00|4.92|5.00|5.00
BARNETT             L|01:050:487:01|4.20|4.30|4.20|4.22|3.71|4.00|4.00|3.90|3.90|4.00
