KAPLOWITZ           S|01:377:140:03|4.49|4.31|4.22|4.22|4.18|4.02|4.20|4.19|4.14|4.09
KAPLOWITZ           S|01:377:140:04|4.49|4.31|4.22|4.22|4.18|4.02|4.20|4.19|4.14|4.09|5.00
DIFABIO             D|01:377:170:01|4.70|4.92|4.85|4.81|4.46|4.63|4.74|4.44|4.70|4.52
GLADIS              K|01:377:191:01|4.90|4.80|4.82|4.92|4.70|4.64|4.59|4.31|4.67|4.67|5.00|5.00|5.00|5.00|5.00|5.00|5.00|5.00|5.00
GLADIS              K|01:377:191:02|4.90|4.80|4.82|4.92|4.70|4.64|4.59|4.31|4.67|4.67
BYRDVAUGHN          MIKYLE|01:377:213:00|4.86|4.94|4.84|4.85|4.58|4.61|4.77|4.60|4.78|4.69
DIVINE              ADAM|01:377:213:01|4.86|4.94|4.84|4.85|4.58|4.61|4.77|4.60|4.78|4.69
DIVINE              ADAM|01:377:213:02|4.86|4.94|4.84|4.85|4.58|4.61|4.77|4.60|4.78|4.69
DIVINE              ADAM|01:377:213:03|4.86|4.94|4.84|4.85|4.58|4.61|4.77|4.60|4.78|4.69
BYRDVAUGHN          MIKYLE|01:377:213:04|4.86|4.94|4.84|4.85|4.58|4.61|4.77|4.60|4.78|4.69
BYRDVAUGHN          MIKYLE|01:377:213:05|4.86|4.94|4.84|4.85|4.58|4.61|4.77|4.60|4.78|4.69
DIWINE              ADAM|01:377:213:06|4.86|4.94|4.84|4.85|4.58|4.61|4.77|4.60|4.78|4.69
DIVINE              ADAM|01:377:213:07|4.86|4.94|4.84|4.85|4.58|4.61|4.77|4.60|4.78|4.69|5.00
BRIDENBAUGH         E|01:377:215:01|4.56|4.22|3.89|4.22|4.11|4.00|4.22|4.33|4.22|4.11
ROSENWASSER         MARIAN|01:377:226:01|4.90|4.83|4.87|4.97|4.84|4.84|4.73|4.68|4.93|4.97|5.00|5.00
MARESCA             FRANCESCA|01:377:252:01|4.53|4.68|4.61|4.67|4.72|4.32|4.16|3.88|4.33|4.22|5.00
FEIGLEY             DAVID|01:377:275:01|4.69|4.57|4.30|4.80|4.52|4.22|4.14|2.84|4.46|4.14
LAWRENCE            SHEILA|01:377:275:02|4.69|4.57|4.30|4.80|4.52|4.22|4.14|2.84|4.46|4.14|5.00|5.00|5.00|5.00|5.00|5.00|5.00
DOEMLAND            JULIA|01:377:301:01|4.55|4.32|4.36|4.32|4.50|4.17|4.33|3.81|4.30|4.22|5.00
DOEMLAND            JULIA|01:377:301:02|4.55|4.32|4.36|4.32|4.50|4.17|4.33|3.81|4.30|4.22
MANFREDONIA         EMIL|01:377:303:01|4.86|4.87|4.79|4.89|4.80|4.77|4.81|4.53|4.84|4.79
KAPLOWITZ           SUSAN|01:377:304:01|3.95|4.00|4.14|4.33|3.81|4.05|4.10|3.58|3.95|3.80
DOEMLAND            JULIA|01:377:305:01|3.62|3.77|3.58|3.46|3.35|3.23|3.69|3.58|3.42|3.42
COLLINCINI          J|01:377:306:01|4.58|4.50|4.17|4.33|4.25|4.33|4.17|3.83|4.42|4.33
KAPLOWITZ           SUSAN|01:377:310:02|4.61|4.52|4.30|4.55|4.24|4.30|4.33|3.69|4.31|4.23
FINKELSTEIN         MYRON|01:377:311:01|4.70|4.89|4.96|4.96|4.85|4.70|4.60|4.58|4.81|4.76
SHARKEY             LINDA|01:377:312:01|4.89|4.89|4.61|4.89|4.61|4.44|4.39|4.18|4.67|4.59
DOUGHERTY           NEIL|01:377:319:01|4.95|4.86|4.62|4.71|4.10|4.19|4.26|2.90|4.52|4.43|5.00|5.00|2.00|1.00|1.00|4.00
DOUGHERTY           NEIL|01:377:320:02|4.76|4.65|4.53|4.50|4.47|4.65|4.71|3.81|4.69|4.44
DOUGHERTY           NEIL|01:377:323:01|4.74|4.52|4.56|4.43|4.37|4.35|4.48|3.70|4.44|4.56
SHARKEY             LINDA|01:377:324:01|4.73|4.82|4.41|4.86|4.73|4.50|4.59|4.09|4.64|4.55
ROSENWASSER         MARIAN|01:377:330:01|4.98|5.00|4.80|4.98|4.92|4.80|4.61|4.24|4.88|4.88
ROSENWASSER         MARIAN|01:377:330:02|4.98|5.00|4.80|4.98|4.92|4.80|4.61|4.24|4.88|4.88
ROSENWASSER         MARIAN|01:377:332:01|4.96|5.00|4.96|5.00|5.00|5.00|4.88|4.73|5.00|4.96|5.00
AOYAGI              KAZUKO|01:377:381:01|4.33|4.22|3.89|4.56|4.78|4.00|4.11|3.44|4.11|3.89
SHARKEY             LINDA|01:377:406:01|4.83|4.89|4.74|4.92|4.92|4.72|4.62|4.15|4.79|4.73|5.00|5.00|5.00|5.00|5.00|5.00|5.00|5.00|5.00
FINKELSTEIN         MYRON|01:377:406:02|4.83|4.89|4.74|4.92|4.92|4.72|4.62|4.15|4.79|4.73
ARENT               SHAWN|01:377:410:00|4.71|4.69|4.62|4.59|4.42|4.39|4.52|4.46|4.51|4.53
PELLEGRINO          JOSEPH|01:377:410:01|4.71|4.69|4.62|4.59|4.42|4.39|4.52|4.46|4.51|4.53|4.50
PELLEGRINO          JOSEPH|01:377:410:02|4.71|4.69|4.62|4.59|4.42|4.39|4.52|4.46|4.51|4.53
PELLEGRINO          JOSEPH|01:377:410:03|4.71|4.69|4.62|4.59|4.42|4.39|4.52|4.46|4.51|4.53|4.50
JESSOP              TRACI|01:377:410:04|4.71|4.69|4.62|4.59|4.42|4.39|4.52|4.46|4.51|4.53
FASS                JONATHAN|01:377:410:05|4.71|4.69|4.62|4.59|4.42|4.39|4.52|4.46|4.51|4.53
FINKELSTEIN         MYRON|01:377:412:01|4.71|5.00|5.00|5.00|5.00|4.86|4.86|4.86|4.86|4.71
