TRANSUE             G|01:119:100:00|4.25|3.76|4.02|4.02|3.58|3.65|3.68|3.72|3.67|3.35|3.60|4.00|3.75|3.00|3.25|4.50|4.25|4.00|4.00
HAN                 RAY|01:119:101:03|4.61|4.41|4.28|4.51|4.28|4.24|4.18|3.78|4.38|4.01|4.57|4.25
POWERS              J|01:119:101:05|4.61|4.41|4.28|4.51|4.28|4.24|4.18|3.78|4.38|4.01
DAMORE              D|01:119:101:14|4.61|4.41|4.28|4.51|4.28|4.24|4.18|3.78|4.38|4.01
FREIDENREICH        HAVA|01:119:101:33|4.61|4.41|4.28|4.51|4.28|4.24|4.18|3.78|4.38|4.01
SALPH               TAMJEED|01:119:101:35|4.61|4.41|4.28|4.51|4.28|4.24|4.18|3.78|4.38|4.01
LU                  W|01:119:101:41|4.61|4.41|4.28|4.51|4.28|4.24|4.18|3.78|4.38|4.01
GAUTMAN             ALPHA|01:119:101:51|4.61|4.41|4.28|4.51|4.28|4.24|4.18|3.78|4.38|4.01
FREIDENREICH        HAVA|01:119:101:52|4.61|4.41|4.28|4.51|4.28|4.24|4.18|3.78|4.38|4.01
HANGNOH             LEE|01:119:101:63|4.61|4.41|4.28|4.51|4.28|4.24|4.18|3.78|4.38|4.01
RHOLEDER|01:119:101:81|4.61|4.41|4.28|4.51|4.28|4.24|4.18|3.78|4.38|4.01
SUKHDEO             S|01:119:103:00|4.76|4.71|4.58|4.74|4.53|4.42|4.34|3.27|4.61|4.30|5.00|5.00|5.00|5.00|5.00|5.00|5.00
FAILLACE            CARA|01:119:103:07|4.76|4.71|4.58|4.74|4.53|4.42|4.34|3.27|4.61|4.30
FAILLACE            CARA|01:119:103:08|4.76|4.71|4.58|4.74|4.53|4.42|4.34|3.27|4.61|4.30
SKELLY              S|01:119:131:01|4.55|4.32|4.50|4.39|4.34|3.94|4.32|3.82|4.17|4.21|4.50|5.00|5.00
GEZGIN              S|01:119:132:01|4.68|4.51|4.32|4.51|3.94|4.15|4.41|3.29|4.30|4.17
Bruning Adrian|01:119:150:02|4.76|4.74|4.72|4.81|4.71|4.62|4.47|3.63|4.60|4.54
Devanas Monica|01:119:152:00|4.56|4.53|4.68|4.76|4.51|4.55|4.48|3.40|4.62|4.53
PESCATORE           JOHN|01:119:160:01|4.38|4.29|3.77|4.13|4.48|3.90|3.93|2.86|3.93|3.90|4.00
SCHJOTT             J|01:119:195:71|4.94|4.81|4.63|5.00|4.94|4.69|4.75|4.19|4.63|4.50
