BLAIR               DOUGLAS|01:220:102:01|4.49|4.28|3.97|4.34|4.25|3.77|3.86|3.48|3.98|3.88|2.84|3.43|3.84|5.00|4.78|4.83|4.75
ALTSHULER           ROSANNE|01:220:102:02|4.49|4.28|3.97|4.34|4.25|3.77|3.86|3.48|3.98|3.88|2.84|3.43|3.84|5.00|5.00|4.78|4.83|4.75|5.00
RUBIN               JEFFREY|01:220:102:04|4.49|4.28|3.97|4.34|4.25|3.77|3.86|3.48|3.98|3.88|2.84|3.43|3.84|5.00|5.00|4.78|4.83|4.75|5.00
GIGLIOTTI GARY|01:220:102:05|4.62|4.62|4.38|4.77|4.69|4.31|4.16|3.81|4.15|4.12
PERRY               M|01:220:102:06|4.49|4.28|3.97|4.34|4.25|3.77|3.86|3.48|3.98|3.88|2.84|3.43|3.84|5.00|5.00|4.78|4.83|4.75|5.00
SWANZER             LARRY|01:220:102:07|4.49|4.28|3.97|4.34|4.25|3.77|3.86|3.48|3.98|3.88
CHAUDHURI           BASANTA|01:220:102:08|4.49|4.28|3.97|4.34|4.25|3.77|3.86|3.48|3.98|3.88
CHAUDHURI           BASANTA|01:220:102:13|4.49|4.28|3.97|4.34|4.25|3.77|3.86|3.48|3.98|3.88
CHAUDHURI           BASANTA|01:220:102:14|4.49|4.28|3.97|4.34|4.25|3.77|3.86|3.48|3.98|3.88
RUBIN               JEFFREY|01:220:102:71|4.49|4.28|3.97|4.34|4.25|3.77|3.86|3.48|3.98|3.88
CLARE               GREGORY|01:220:103:03|4.51|4.40|4.32|4.33|4.18|4.09|4.32|3.92|4.28|4.15|3.50|4.00|3.50|3.50|3.00|3.00|3.00|3.00
Sheflin Neil|01:220:103:04|4.26|4.00|4.11|4.14|4.00|3.82|3.86|3.62|3.94|3.86
DASTAN              ILKER|01:220:203:01|4.26|4.06|3.87|4.21|4.17|3.74|3.86|3.77|3.96|3.88
CARBONELL           ORIOL|01:220:203:04|4.26|4.06|3.87|4.21|4.17|3.74|3.86|3.77|3.96|3.88
TUNALI              D|01:220:203:05|4.26|4.06|3.87|4.21|4.17|3.74|3.86|3.77|3.96|3.88
DASTAN              ILKER|01:220:203:07|4.26|4.06|3.87|4.21|4.17|3.74|3.86|3.77|3.96|3.88|5.00
OKADA               DAIJIRO|01:220:203:11|4.26|4.06|3.87|4.21|4.17|3.74|3.86|3.77|3.96|3.88|5.00|5.00|5.00|5.00|5.00|5.00|5.00|5.00
PAUL                MRIDUCHHAN|01:220:203:12|4.26|4.06|3.87|4.21|4.17|3.74|3.86|3.77|3.96|3.88
LEE                 JAEWON|01:220:204:03|4.26|4.15|3.92|4.30|4.21|3.77|3.94|3.77|3.99|3.96
ARMAH               NIIAYI|01:220:204:05|4.26|4.15|3.92|4.30|4.21|3.77|3.94|3.77|3.99|3.96
CLARE               GREGORY|01:220:204:06|4.26|4.15|3.92|4.30|4.21|3.77|3.94|3.77|3.99|3.96
VELLANGANY          ISSAC|01:220:204:11|4.26|4.15|3.92|4.30|4.21|3.77|3.94|3.77|3.99|3.96|5.00|5.00|5.00|5.00
GANG                IRA|01:220:300:01|4.10|4.16|3.88|4.17|4.04|3.46|3.61|3.80|3.69|3.69
CHAUDHURI           BASANTA|01:220:300:02|4.10|4.16|3.88|4.17|4.04|3.46|3.61|3.80|3.69|3.69
CLARE               GREGORY|01:220:300:06|4.10|4.16|3.88|4.17|4.04|3.46|3.61|3.80|3.69|3.69|5.00|5.00|5.00|5.00|5.00|5.00|5.00|5.00
Sheflin Neil|01:220:301:02|4.50|4.38|4.46|4.53|4.37|4.10|4.34|4.19|4.30|4.24
STONE               RAYMOND|01:220:301:03|4.44|4.36|4.15|4.51|4.26|3.93|4.08|3.91|4.15|4.14|5.00|5.00|5.00|5.00|5.00|5.00|5.00|5.00|5.00
PAUL                MRIDUCHHAN|01:220:301:06|4.44|4.36|4.15|4.51|4.26|3.93|4.08|3.91|4.15|4.14
SANI                MAJID|01:220:301:07|4.44|4.36|4.15|4.51|4.26|3.93|4.08|3.91|4.15|4.14
ROCKOFF             HUGH|01:220:305:01|4.60|4.50|4.45|4.61|4.40|4.16|4.43|4.05|4.47|4.38
ROCKOFF             HUGH|01:220:305:02|4.60|4.50|4.45|4.61|4.40|4.16|4.43|4.05|4.47|4.38
WARMINGHAM          DALE|01:220:308:01|4.54|4.36|4.45|4.38|4.48|4.25|4.22|3.93|4.36|4.30|4.50|4.00|4.00|4.00|3.00|3.00|3.00|3.00|3.00
WARMINGHAM          DALE|01:220:308:05|4.54|4.36|4.45|4.38|4.48|4.25|4.22|3.93|4.36|4.30|4.50|4.00|4.00|4.00
DELIA               DEREK|01:220:316:01|4.96|4.75|4.33|4.63|4.67|4.04|4.29|4.09|4.33|4.08
AKRAM               KAVEH|01:220:322:02|4.29|4.07|3.68|4.10|3.77|3.58|3.73|3.21|3.84|3.70|4.67|4.67|4.67|5.00
EMARA               N|01:220:322:03|4.29|4.07|3.68|4.10|3.77|3.58|3.73|3.21|3.84|3.70|4.67|4.50|4.50|4.67|4.50
RUSSELL             LOUISE|01:220:322:04|4.29|4.07|3.68|4.10|3.77|3.58|3.73|3.21|3.84|3.70
LANDONLANE          JOHN|01:220:322:05|4.29|4.07|3.68|4.10|3.77|3.58|3.73|3.21|3.84|3.70
LANDONLANE          JOHN|01:220:322:06|4.29|4.07|3.68|4.10|3.77|3.58|3.73|3.21|3.84|3.70
YILDIRIM            EMELOYLUM|01:220:322:07|4.29|4.07|3.68|4.10|3.77|3.58|3.73|3.21|3.84|3.70|4.67|4.50|4.50|4.67|4.50|4.67|5.00
AKRAM               KAVEH|01:220:322:08|4.29|4.07|3.68|4.10|3.77|3.58|3.73|3.21|3.84|3.70
PIEHL               ANNE|01:220:331:01|4.61|4.68|4.66|4.68|4.53|4.42|4.42|3.95|4.57|4.42
SIGMAN              HILARY|01:220:332:01|4.25|3.80|3.63|4.05|3.67|3.47|3.28|3.42|3.69|3.56
CLARE               GREGORY|01:220:335:01|4.38|3.84|3.96|4.08|4.12|3.77|3.88|3.65|3.96|3.85
HASSAN              MAR *|01:220:336:01|4.37|4.37|3.93|4.52|4.37|3.96|3.89|3.70|4.15|4.15
GANG                IRA|01:220:339:01|3.92|4.08|3.57|4.24|3.92|3.24|3.32|3.32|3.59|3.41
SIGMAN              HILARY|01:220:341:01|4.40|4.53|4.19|4.57|4.40|4.15|4.10|3.70|4.25|4.19
WHITE               EUGENE|01:220:343:01|4.59|4.47|4.29|4.41|4.19|4.12|4.24|3.88|4.35|4.19
WHITE               EUGENE|01:220:344:01|4.86|4.71|4.76|4.56|4.28|4.40|4.46|3.93|4.64|4.50
PACZKOWSKI          WALTER|01:220:362:01|4.29|4.55|4.48|4.29|4.48|4.57|4.38|3.90|4.29|4.24
ALTSHULER           ROSANNE|01:220:363:01|4.82|4.82|4.73|4.95|4.85|4.66|4.65|3.93|4.79|4.62
KILLINGSWORTH       MARK|01:220:375:01|4.69|4.48|4.20|4.54|4.26|4.00|4.00|3.52|4.31|4.14
HASSAN              MARWA|01:220:389:01|4.23|4.03|3.48|4.29|4.39|3.40|3.81|3.65|3.76|3.63
BIRCHBY             JEFFREY|01:220:393:01|4.37|3.95|3.90|3.83|4.03|3.60|3.86|4.27|3.69|3.80
PACZKOWSKI          WALTER|01:220:393:02|4.37|3.95|3.90|3.83|4.03|3.60|3.86|4.27|3.69|3.80|1.00|5.00
MIZRACH             BRUCE|01:220:394:01|4.70|4.36|4.41|4.27|4.55|4.04|4.22|4.41|4.22|4.30
PERRY               MARTIN|01:220:395:01|4.51|4.71|4.60|4.75|4.29|4.34|4.51|4.09|4.48|4.44|5.00|5.00
KLEIN               ROGER|01:220:401:71|4.75|4.50|4.38|4.38|4.43|4.25|4.25|3.71|4.38|4.38
SJOSTROM            TOMAS|01:220:406:01|4.19|4.24|4.38|4.71|4.05|4.00|4.10|4.52|4.30|4.25
HUGHES              JOSEPH|01:220:408:01|4.50|4.63|4.25|4.53|4.06|4.00|4.19|4.06|4.25|4.25
