PAPALI              GILBERT|01:640:001:20|4.46|4.12|4.23|4.12|4.23|4.15|4.20|2.71|4.19|3.83
REITMANN            JOHN|01:640:024:01|4.43|4.33|4.33|4.33|4.33|4.33|4.33|2.67|4.67|4.40
KOTHARI             MANGALA|01:640:025:01|4.65|4.28|4.28|4.52|4.51|4.20|4.03|2.66|4.32|3.94
EVANS               JUDITH|01:640:025:04|4.65|4.28|4.28|4.52|4.51|4.20|4.03|2.66|4.32|3.94
KUJAWSKI            THOMAS|01:640:025:07|4.65|4.28|4.28|4.52|4.51|4.20|4.03|2.66|4.32|3.94
RUMEN               JEFFREY|01:640:025:09|4.65|4.28|4.28|4.52|4.51|4.20|4.03|2.66|4.32|3.94
PAPALI              GILBERT|01:640:025:20|4.65|4.28|4.28|4.52|4.51|4.20|4.03|2.66|4.32|3.94
ARSZULOWICZ         STANLEY|01:640:025:21|4.65|4.28|4.28|4.52|4.51|4.20|4.03|2.66|4.32|3.94
JONES               MARGARET|01:640:026:01|4.57|4.38|4.19|4.50|4.36|4.12|4.04|2.76|4.25|4.01
ZADERMAN            YURI|01:640:026:02|4.57|4.38|4.19|4.50|4.36|4.12|4.04|2.76|4.25|4.01
ZADERMAN            YURI|01:640:026:04|4.57|4.38|4.19|4.50|4.36|4.12|4.04|2.76|4.25|4.01
PAPALI              GILBERT|01:640:026:06|4.57|4.38|4.19|4.50|4.36|4.12|4.04|2.76|4.25|4.01
MULVEY              SALLY|01:640:026:08|4.57|4.38|4.19|4.50|4.36|4.12|4.04|2.76|4.25|4.01
SAFRAN              STEVEN|01:640:026:09|4.57|4.38|4.19|4.50|4.36|4.12|4.04|2.76|4.25|4.01
SAFRAN              STEVEN|01:640:026:10|4.57|4.38|4.19|4.50|4.36|4.12|4.04|2.76|4.25|4.01|5.00
DACOSTA             LESLIE|01:640:026:11|4.57|4.38|4.19|4.50|4.36|4.12|4.04|2.76|4.25|4.01
YACHES              EDGAR|01:640:026:12|4.57|4.38|4.19|4.50|4.36|4.12|4.04|2.76|4.25|4.01|5.00|5.00|5.00|5.00
ARSZULOWICZ         STANLEY|01:640:026:15|4.57|4.38|4.19|4.50|4.36|4.12|4.04|2.76|4.25|4.01
HIRSCH              LEWIS|01:640:026:16|4.57|4.38|4.19|4.50|4.36|4.12|4.04|2.76|4.25|4.01
DODD                JENNIFER|01:640:026:17|4.57|4.38|4.19|4.50|4.36|4.12|4.04|2.76|4.25|4.01
HOROWITZ            DIANA|01:640:026:19|4.57|4.38|4.19|4.50|4.36|4.12|4.04|2.76|4.25|4.01
COLLINS             ELIOT|01:640:026:23|4.57|4.38|4.19|4.50|4.36|4.12|4.04|2.76|4.25|4.01
OKOMO               WALTER|01:640:026:24|4.57|4.38|4.19|4.50|4.36|4.12|4.04|2.76|4.25|4.01
FISHER              RANDOLPH|01:640:026:25|4.57|4.38|4.19|4.50|4.36|4.12|4.04|2.76|4.25|4.01
AMODIO              JAMES|01:640:026:31|4.57|4.38|4.19|4.50|4.36|4.12|4.04|2.76|4.25|4.01
LINDBOE             THERESA|01:640:027:02|4.38|4.14|3.86|4.06|4.42|3.87|3.46|2.00|4.03|3.57
KINKHABWALA         RITA|01:640:027:04|4.38|4.14|3.86|4.06|4.42|3.87|3.46|2.00|4.03|3.57
KINKHABWALA         RITA|01:640:027:05|4.38|4.14|3.86|4.06|4.42|3.87|3.46|2.00|4.03|3.57
COLLINS             ELIOT|01:640:027:07|4.38|4.14|3.86|4.06|4.42|3.87|3.46|2.00|4.03|3.57
WEINGART            MICHAEL|01:640:103:01|4.68|4.60|4.47|4.71|4.69|4.44|4.28|2.92|4.55|4.32
WEINGART            MICHAEL|01:640:103:02|4.68|4.60|4.47|4.71|4.69|4.44|4.28|2.92|4.55|4.32
NOONE               KEVIN|01:640:103:03|4.68|4.60|4.47|4.71|4.69|4.44|4.28|2.92|4.55|4.32
NOONE               KEVIN|01:640:103:04|4.68|4.60|4.47|4.71|4.69|4.44|4.28|2.92|4.55|4.32
TEIXEIRA            KATIUSCIA|01:640:103:05|4.68|4.60|4.47|4.71|4.69|4.44|4.28|2.92|4.55|4.32
WEINGART            MICHAEL|01:640:103:07|4.68|4.60|4.47|4.71|4.69|4.44|4.28|2.92|4.55|4.32
BERKOWITZ           JERRY|01:640:103:08|4.68|4.60|4.47|4.71|4.69|4.44|4.28|2.92|4.55|4.32
BERKOWITZ           JERRY|01:640:103:09|4.68|4.60|4.47|4.71|4.69|4.44|4.28|2.92|4.55|4.32
MARVIN              MARY|01:640:103:10|4.68|4.60|4.47|4.71|4.69|4.44|4.28|2.92|4.55|4.32
RAINSFORD           AUGUSTA|01:640:103:11|4.68|4.60|4.47|4.71|4.69|4.44|4.28|2.92|4.55|4.32|4.50
COZZENS             MIDGE|01:640:103:12|4.68|4.60|4.47|4.71|4.69|4.44|4.28|2.92|4.55|4.32
TEIXEIRA            KATIUSCIA|01:640:103:13|4.68|4.60|4.47|4.71|4.69|4.44|4.28|2.92|4.55|4.32
TEIXEIRA            KATIUSCIA|01:640:103:14|4.68|4.60|4.47|4.71|4.69|4.44|4.28|2.92|4.55|4.32|4.50
CRANSTON            DANIEL|01:640:104:01|4.26|4.42|3.88|4.67|4.41|3.93|3.67|2.41|4.19|3.96|3.93|3.56|3.50
ZADERMAN            YURI|01:640:111:00|4.29|4.14|3.90|4.22|4.24|3.83|3.81|2.68|3.96|3.72|3.67|4.00
THRELFALL           SHAWN|01:640:111:01|4.29|4.14|3.90|4.22|4.24|3.83|3.81|2.68|3.96|3.72
THRELFALL           SHAWN|01:640:111:02|4.29|4.14|3.90|4.22|4.24|3.83|3.81|2.68|3.96|3.72|3.67|4.00|4.00|4.00|4.00|4.00|4.00|4.00
THRELFALL           SHAWN|01:640:111:03|4.29|4.14|3.90|4.22|4.24|3.83|3.81|2.68|3.96|3.72
DUDHERIA            RISHABH|01:640:111:12|4.29|4.14|3.90|4.22|4.24|3.83|3.81|2.68|3.96|3.72
DUDHERIA            RISHABH|01:640:111:13|4.29|4.14|3.90|4.22|4.24|3.83|3.81|2.68|3.96|3.72
DUDHERIA            RISHABH|01:640:111:14|4.29|4.14|3.90|4.22|4.24|3.83|3.81|2.68|3.96|3.72
HAIMOWITZ           STEPHANIE|01:640:111:15|4.29|4.14|3.90|4.22|4.24|3.83|3.81|2.68|3.96|3.72
SCHEIMAN            DAVID|01:640:112:00|4.43|4.36|4.01|4.44|4.33|3.95|3.88|2.83|4.14|3.93|4.00
SOSA                JOSE|01:640:112:02|4.43|4.36|4.01|4.44|4.33|3.95|3.88|2.83|4.14|3.93
DEVLETIAN           DANIELLE|01:640:112:03|4.43|4.36|4.01|4.44|4.33|3.95|3.88|2.83|4.14|3.93
DEVLETIAN           DANIELLE|01:640:112:04|4.43|4.36|4.01|4.44|4.33|3.95|3.88|2.83|4.14|3.93
TANG                NING|01:640:112:11|4.43|4.36|4.01|4.44|4.33|3.95|3.88|2.83|4.14|3.93|4.00|3.33|3.33
TANG                NING|01:640:112:12|4.43|4.36|4.01|4.44|4.33|3.95|3.88|2.83|4.14|3.93
TANG                NING|01:640:112:13|4.43|4.36|4.01|4.44|4.33|3.95|3.88|2.83|4.14|3.93
BROWN               NOAM|01:640:112:20|4.43|4.36|4.01|4.44|4.33|3.95|3.88|2.83|4.14|3.93|4.00|3.33|3.33|3.50
KERRIGAN            JOHN|01:640:112:21|4.43|4.36|4.01|4.44|4.33|3.95|3.88|2.83|4.14|3.93
KERRIGAN            JOHN|01:640:112:22|4.43|4.36|4.01|4.44|4.33|3.95|3.88|2.83|4.14|3.93|4.00
AHLUWALIA           ANOOP|01:640:115:00|4.43|4.31|4.07|4.38|4.37|4.02|3.96|2.82|4.20|3.95
HO                  VIVIAN|01:640:115:01|4.43|4.31|4.07|4.38|4.37|4.02|3.96|2.82|4.20|3.95
HO                  VIVIAN|01:640:115:02|4.43|4.31|4.07|4.38|4.37|4.02|3.96|2.82|4.20|3.95
SCOTT               MATTHEW|01:640:115:03|4.43|4.31|4.07|4.38|4.37|4.02|3.96|2.82|4.20|3.95
HO                  VIVIAN|01:640:115:05|4.43|4.31|4.07|4.38|4.37|4.02|3.96|2.82|4.20|3.95
HO                  VIVIAN|01:640:115:06|4.43|4.31|4.07|4.38|4.37|4.02|3.96|2.82|4.20|3.95
CAMMIDGE            KATHLEEN|01:640:115:07|4.43|4.31|4.07|4.38|4.37|4.02|3.96|2.82|4.20|3.95|4.75|4.50|4.50|5.00|5.00|5.00|5.00|5.00|5.00
BRITZ               DAVID|01:640:115:13|4.43|4.31|4.07|4.38|4.37|4.02|3.96|2.82|4.20|3.95
BRITZ               DAVID|01:640:115:14|4.43|4.31|4.07|4.38|4.37|4.02|3.96|2.82|4.20|3.95
BRITZ               DAVID|01:640:115:15|4.43|4.31|4.07|4.38|4.37|4.02|3.96|2.82|4.20|3.95
ZHAI                MO|01:640:115:18|4.43|4.31|4.07|4.38|4.37|4.02|3.96|2.82|4.20|3.95
GEVERTZ             JANA|01:640:115:19|4.43|4.31|4.07|4.38|4.37|4.02|3.96|2.82|4.20|3.95
GEVERTZ             JANA|01:640:115:20|4.43|4.31|4.07|4.38|4.37|4.02|3.96|2.82|4.20|3.95
BERKOWITZ           JERRY|01:640:135:00|4.44|4.28|4.10|4.39|4.31|4.08|4.07|3.16|4.22|3.90|5.00|4.63|4.80
RAINSFORD           AUGUSTA|01:640:135:71|4.44|4.28|4.10|4.39|4.31|4.08|4.07|3.16|4.22|3.90
IRVINE              WILLIAM|01:640:136:00|4.44|4.43|3.97|4.36|4.19|3.92|4.05|3.51|4.17|4.05
VENUGOPALAN         SUSHMITA|01:640:136:01|4.44|4.43|3.97|4.36|4.19|3.92|4.05|3.51|4.17|4.05|5.00
VENUGOPALAN         SUSHMITA|01:640:136:02|4.44|4.43|3.97|4.36|4.19|3.92|4.05|3.51|4.17|4.05
VENUGOPALAN         SUSHMITA|01:640:136:03|4.44|4.43|3.97|4.36|4.19|3.92|4.05|3.51|4.17|4.05
SOFFER              SARA|01:640:138:00|4.05|4.09|3.53|4.21|4.10|3.52|3.59|3.14|3.76|3.42
NEVO                AORI|01:640:138:01|4.05|4.09|3.53|4.21|4.10|3.52|3.59|3.14|3.76|3.42|5.00|5.00|5.00|5.00|5.00|5.00|5.00|5.00|5.00
NEVO                AORI|01:640:138:02|4.05|4.09|3.53|4.21|4.10|3.52|3.59|3.14|3.76|3.42
RONG                XIAOCHUN|01:640:151:00|4.52|4.45|4.27|4.51|4.20|4.16|4.14|3.66|4.34|4.09|4.50
RONG                XIAOCHUN|01:640:151:01|4.52|4.45|4.27|4.51|4.20|4.16|4.14|3.66|4.34|4.09
GREENFIELD          STEPHEN|01:640:152:00|4.52|4.39|4.19|4.47|4.35|4.10|4.19|3.79|4.31|4.04
NEIMAN              MICHAEL|01:640:152:18|4.52|4.39|4.19|4.47|4.35|4.10|4.19|3.79|4.31|4.04
WANG                LIMING|01:640:152:26|4.52|4.39|4.19|4.47|4.35|4.10|4.19|3.79|4.31|4.04
ROSENSTEIN          JOSEPH|01:640:198:91|4.57|4.33|4.33|4.57|4.33|4.27|4.27|3.13|4.20|3.79
LI                  YANYAN|01:640:244:00|4.45|4.45|4.13|4.59|4.27|4.07|4.19|3.69|4.26|4.00
ONAN                MICHAEL|01:640:250:01|4.49|4.25|3.85|4.37|4.14|3.84|4.05|3.55|4.09|3.98
MILLER              STEPHEN|01:640:250:02|4.49|4.25|3.85|4.37|4.14|3.84|4.05|3.55|4.09|3.98
MILLER              STEPHEN|01:640:250:03|4.49|4.25|3.85|4.37|4.14|3.84|4.05|3.55|4.09|3.98
SAHI                SIDDHARTHA|01:640:250:04|4.49|4.25|3.85|4.37|4.14|3.84|4.05|3.55|4.09|3.98
COOK                WILLIAM|01:640:250:05|4.49|4.25|3.85|4.37|4.14|3.84|4.05|3.55|4.09|3.98
TAFT                EARL|01:640:250:07|4.49|4.25|3.85|4.37|4.14|3.84|4.05|3.55|4.09|3.98
TAFT                EARL|01:640:250:08|4.49|4.25|3.85|4.37|4.14|3.84|4.05|3.55|4.09|3.98
CHANILLO            SAGUN|01:640:250:09|4.49|4.25|3.85|4.37|4.14|3.84|4.05|3.55|4.09|3.98
MUNSHI              RITABRATA|01:640:250:11|4.49|4.25|3.85|4.37|4.14|3.84|4.05|3.55|4.09|3.98
BALABAN             TADEUSZ|01:640:250:13|4.49|4.25|3.85|4.37|4.14|3.84|4.05|3.55|4.09|3.98
BALABAN             TADEUSZ|01:640:250:15|4.49|4.25|3.85|4.37|4.14|3.84|4.05|3.55|4.09|3.98
SAHI                SIDDHARTHA|01:640:250:21|4.49|4.25|3.85|4.37|4.14|3.84|4.05|3.55|4.09|3.98
BUTLER              TERENCE|01:640:251:00|4.73|4.66|4.49|4.77|4.50|4.42|4.47|4.12|4.59|4.34|4.69|3.45|3.08|4.53
LESSARD             JEANPHILIP|01:640:251:71|4.73|4.66|4.49|4.77|4.50|4.42|4.47|4.12|4.59|4.34
SHTELEN             VLADIMIR|01:640:252:01|4.55|4.39|3.78|4.37|4.22|3.86|4.08|3.60|4.20|4.02
SHTELEN             VLADIMIR|01:640:252:02|4.55|4.39|3.78|4.37|4.22|3.86|4.08|3.60|4.20|4.02
SHTELEN             VLADIMIR|01:640:252:03|4.55|4.39|3.78|4.37|4.22|3.86|4.08|3.60|4.20|4.02
CARRINGTON          ENRIQUETA|01:640:291:01|4.56|4.22|4.22|4.44|4.11|4.22|4.67|4.56|4.22|4.33
WHEEDEN             RICHARD|01:640:292:01|5.00|4.80|4.40|4.85|4.75|4.65|4.60|4.45|4.79|4.63
BUCH                ANDERS|01:640:300:01|4.12|3.82|3.77|4.04|3.82|3.70|3.89|3.86|3.81|3.81
PETRIE              TED|01:640:300:02|4.12|3.82|3.77|4.04|3.82|3.70|3.89|3.86|3.81|3.81
BUCH                ANDERS|01:640:300:03|4.12|3.82|3.77|4.04|3.82|3.70|3.89|3.86|3.81|3.81
CARBONE             LISA|01:640:300:04|4.12|3.82|3.77|4.04|3.82|3.70|3.89|3.86|3.81|3.81
CARBONE             LISA|01:640:300:05|4.12|3.82|3.77|4.04|3.82|3.70|3.89|3.86|3.81|3.81
GONZALEZ EDUARDO|01:640:300:08|4.12|3.82|3.77|4.04|3.82|3.70|3.89|3.86|3.81|3.81
SCHEFFER            VLADIMIR|01:640:311:01|4.83|4.60|4.51|4.76|4.14|4.38|4.55|4.12|4.49|4.43
VASCONCELOS         WOLMER|01:640:311:03|4.83|4.60|4.51|4.76|4.14|4.38|4.55|4.12|4.49|4.43
RODRIGUEZ           JESUS|01:640:311:05|4.83|4.60|4.51|4.76|4.14|4.38|4.55|4.12|4.49|4.43
SONTAG              EDUARDO|01:640:338:01|4.22|4.78|4.78|5.00|4.56|4.11|4.44|4.11|4.78|4.67
WEIBEL              CHARLES|01:640:348:01|3.11|3.56|4.17|3.67|3.39|3.67|4.11|4.56|3.33|3.61
WILSON              ROBERT|01:640:350:01|4.83|4.67|4.30|4.77|4.58|4.37|4.33|3.77|4.63|4.32
HOELSCHER           COREY|01:640:350:03|4.83|4.67|4.30|4.77|4.58|4.37|4.33|3.77|4.63|4.32
ONAN                MICHAEL|01:640:351:01|4.67|4.50|4.17|4.44|4.44|4.11|4.28|4.11|4.33|4.06
VOGELIOS            MICHAEL|01:640:354:04|4.57|4.30|4.10|4.43|4.20|3.98|4.10|3.78|4.18|4.05
VOGELIOS            MICHAEL|01:640:354:05|4.57|4.30|4.10|4.43|4.20|3.98|4.10|3.78|4.18|4.05
GURVICH             VLADIMIR|01:640:354:07|4.57|4.30|4.10|4.43|4.20|3.98|4.10|3.78|4.18|4.05
GOODMAN             ROE|01:640:357:01|5.00|5.00|4.50|4.94|4.94|4.50|4.50|4.27|4.69|4.63
IRVINE              WILLIAM|01:640:373:01|4.00|4.00|4.00|4.57|3.75|3.38|3.50|4.00|3.86|3.71
KIESSLING           MICHAEL|01:640:403:02|3.45|4.00|3.70|4.56|4.22|3.40|3.60|3.78|3.80|3.50|4.00|4.00|4.00|4.00|4.00|4.00|4.00|4.00
BUMBY               RICHARD|01:640:421:01|4.22|4.10|3.68|4.27|3.98|3.62|3.98|3.29|3.88|3.80
BUMBY               RICHARD|01:640:421:02|4.22|4.10|3.68|4.27|3.98|3.62|3.98|3.29|3.88|3.80
TUMULKA             RODERICH|01:640:421:03|4.22|4.10|3.68|4.27|3.98|3.62|3.98|3.29|3.88|3.80
RODNEY              SCOTT|01:640:421:05|4.22|4.10|3.68|4.27|3.98|3.62|3.98|3.29|3.88|3.80
NGUYEN              HOAIMINH|01:640:423:01|4.08|3.75|3.75|4.67|4.58|3.50|3.75|3.75|3.25|3.50
HAN                 Z|01:640:432:01|5.00|5.00|4.00|4.91|4.73|4.00|4.36|4.55|4.64|4.18
GOLDSTEIN           SHELDON|01:640:436:01|4.40|4.47|4.31|4.60|4.67|4.25|4.33|3.75|4.25|4.06
BAHRI               A|01:640:442:01|4.86|4.86|4.71|4.83|4.75|4.57|4.33|4.17|4.67|4.67
LEPOWSKY            JAMES|01:640:452:01|4.60|4.40|3.80|4.40|4.40|4.20|4.40|4.20|4.20|4.60
GUNDY|01:640:477:03|4.13|4.52|4.26|4.71|4.32|3.96|4.22|3.73|3.90|4.05
HERSCHKORN          STEPHEN|01:640:477:05|4.13|4.52|4.26|4.71|4.32|3.96|4.22|3.73|3.90|4.05
PETRIE              TED|01:640:478:01|2.07|2.21|1.86|2.64|2.14|1.71|2.07|3.86|1.71|1.64
OCONE               DANIEL|01:640:481:01|4.67|4.71|4.38|4.75|4.42|4.46|4.38|4.25|4.50|4.33
CARLEN              ERIC|01:640:492:71|4.50|4.50|4.50|4.67|4.67|4.33|3.67|3.83|4.50|4.00
RETAKH              VLADIMIR|01:640:495:91|4.86|5.00|4.71|4.86|5.00|5.00|4.57|4.86|5.00|4.71
