BARANSKI            REGINA|01:940:101:02|4.48|4.80|4.67|4.71|4.69|4.44|4.60|4.25|4.56|4.50|4.31|4.77|4.57|4.55|4.55|4.25
MILLAN              MARIA|01:940:101:10|4.48|4.80|4.67|4.71|4.69|4.44|4.60|4.25|4.56|4.50|4.31|4.77|4.57|4.55|4.55|4.25
MILLAN              MARIA|01:940:101:11|4.48|4.80|4.67|4.71|4.69|4.44|4.60|4.25|4.56|4.50|4.31|4.77|4.57|4.55|4.55|4.25|5.00
CLIFFORD            JEREMIAH|01:940:102:10|4.61|4.66|4.38|4.57|4.46|4.39|4.35|4.12|4.51|4.40|4.35|4.72|4.48|4.23|4.22|4.00|5.00|5.00
PELAEZMARTINEZ      BEATRIZ|01:940:102:11|4.61|4.66|4.38|4.57|4.46|4.39|4.35|4.12|4.51|4.40|4.35|4.72|4.48|4.23|4.22|4.00
OLANDER             MARCIA|01:940:121:01|4.51|4.60|4.61|4.70|4.69|4.51|4.40|4.14|4.52|4.32|4.19|4.79|4.43|4.42|4.37|4.26|4.25|4.67
PENA                SANTIAGO|01:940:121:10|4.51|4.60|4.61|4.70|4.69|4.51|4.40|4.14|4.52|4.32|4.19|4.79|4.43|4.42|4.37|4.26
PENA                SANTIAGO|01:940:121:11|4.51|4.60|4.61|4.70|4.69|4.51|4.40|4.14|4.52|4.32|4.19|4.79|4.43|4.42|4.37|4.26|4.25|4.67
TRONCOSO            JOSE|01:940:131:02|4.50|4.72|4.70|4.84|4.67|4.61|4.35|4.41|4.55|4.40|4.06|4.86|4.25|4.20|4.26|3.90
CHIVUKULA           LUCRECIA|01:940:131:10|4.50|4.72|4.70|4.84|4.67|4.61|4.35|4.41|4.55|4.40|4.06|4.86|4.25|4.20|4.26|3.90
NAVA                RAFAEL|01:940:132:10|4.49|4.58|4.29|4.63|4.72|4.31|4.32|4.44|4.44|4.23|4.06|4.77|4.30|4.36|4.26|4.03|4.50|5.00
SLINGER             WILLIAM|01:940:132:11|4.49|4.58|4.29|4.63|4.72|4.31|4.32|4.44|4.44|4.23|4.06|4.77|4.30|4.36|4.26|4.03|4.50
BUTLER              BONNIE|01:940:204:02|4.54|4.65|4.44|4.68|4.49|4.23|3.98|4.44|4.48|4.35|3.96|4.84|4.00|4.05|3.93|4.29
BUTLER              BONNIE|01:940:204:10|4.54|4.65|4.44|4.68|4.49|4.23|3.98|4.44|4.48|4.35|3.96|4.84|4.00|4.05|3.93|4.29|5.00
SLNGER              WILLIAM|01:940:205:01|4.94|4.88|4.53|4.75|4.65|4.47|4.24|4.76|4.59|4.29|4.19|4.94|4.53|4.31|4.53|4.07
KIM                 HOON|01:940:215:01|4.73|4.65|4.46|4.60|4.61|4.38|4.40|3.92|4.43|4.45|4.67|4.81|4.28|4.17|4.21|4.16|3.00|3.00
KIM                 HOON|01:940:215:03|4.73|4.65|4.46|4.60|4.61|4.38|4.40|3.92|4.43|4.45|4.67|4.81|4.28|4.17|4.21|4.16
SUARFZ              NIEVES|01:940:325:01|4.59|4.73|4.53|4.82|4.63|4.39|4.30|4.43|4.50|4.39|4.17|4.83|4.35|4.47|4.12|3.71
KIM                 HOON|01:940:325:02|4.59|4.73|4.53|4.82|4.63|4.39|4.30|4.43|4.50|4.39|4.17|4.83|4.35|4.47|4.12|3.71
BUTLER              BONNIE|01:940:325:03|4.59|4.73|4.53|4.82|4.63|4.39|4.30|4.43|4.50|4.39|4.17|4.83|4.35|4.47|4.12|3.71
BISHOP              STEPHEN|01:940:325:10|4.59|4.73|4.53|4.82|4.63|4.39|4.30|4.43|4.50|4.39|4.17|4.83|4.35|4.47|4.12|3.71|5.00|5.00
CHUNG               CARMINA|01:940:326:10|4.28|3.88|4.05|4.32|3.39|3.56|3.66|4.27|3.65|3.50|4.61|4.34|3.87|3.88|3.71|3.63
SLINGER             WILLIAM|01:940:327:01|4.93|4.87|4.47|4.87|4.86|4.53|4.27|4.87|4.60|4.40|3.93|4.93|4.33|3.60|4.00|3.77
NARVAEZ             CARLOSRAUL|01:940:332:02|4.86|4.76|4.67|4.81|4.76|4.55|4.41|4.27|4.68|4.55|4.50|4.86|4.10|3.95|3.90|4.28
COEN                SELMA|01:940:334:02|4.79|4.78|4.73|4.81|4.56|4.59|4.55|4.24|4.63|4.61|4.88|4.88|4.23|4.09|4.04|4.40
MARTINMARQUEZ SUSAN|01:940:346:01|4.73|4.60|4.27|4.36|4.36|3.73|4.27|3.93|4.14|4.23|4.80|4.80|4.50|4.00|3.00|4.21
NUNEZ               OLGA|01:940:361:01|4.88|4.86|4.80|4.89|4.74|4.80|4.71|3.71|4.86|4.75|4.85|5.00|4.74|4.69|4.80|4.38
NUNEZ               OLGA|01:940:361:02|4.88|4.86|4.80|4.89|4.74|4.80|4.71|3.71|4.86|4.75|4.85|5.00|4.74|4.69|4.80|4.38
NUNEZ               OLGA|01:940:363:02|4.29|4.19|4.36|4.42|4.40|4.19|4.17|4.12|4.20|4.00|4.77|4.83|4.00|4.04|4.07|4.00|5.00|5.00|5.00
SANCHEZ             KAREN|01:940:366:10|4.75|4.94|4.88|4.94|4.88|4.80|4.63|4.53|4.47|4.53|3.75|5.00|4.25|4.00|4.00|4.20
NANNARONE           JULIANA|01:940:401:10|4.92|4.85|4.69|5.00|4.54|4.46|4.69|4.69|4.62|4.54|4.92|4.92|4.78|4.54|4.33|4.00
SMISHKEWYCH         MARGAR ITA|01:940:402:10|4.69|5.00|4.94|4.94|4.88|4.81|4.88|4.87|5.00|4.80|4.94|5.00|4.75|4.56|4.33|4.71
STEPHENS            THOMAS|01:940:419:01|4.89|4.95|4.89|4.89|4.95|4.79|4.84|4.47|4.79|4.74|4.95|5.00|4.67|4.33|4.68|4.33|5.00|5.00|5.00
NARVAEZ             CARLOSRAUL|01:940:447:01|4.77|4.83|4.83|4.91|4.87|4.61|4.45|4.14|4.78|4.67|4.68|5.00|4.42|4.21|4.21|4.36
STEPHENS            THOMAS|01:940:460:01|4.94|5.00|4.94|4.72|4.65|4.71|4.37|4.05|4.68|4.53|4.68|5.00|3.88|3.89|3.88|4.42
DALLMAN             HANK|01:940:471:10|4.43|4.43|4.36|4.29|4.31|4.15|4.43|4.36|4.64|4.50|4.57|4.64|4.50|4.62|4.60|4.60
MORENO              ALFONSO|01:940:475:10|3.86|2.86|3.64|2.86|3.36|3.07|3.77|4.21|3.07|3.36|4.07|4.43|3.60|3.29|3.67|3.83
FERNANDEZ           CARLOS|01:940:489:01|4.58|4.75|4.50|4.83|4.75|4.08|4.50|3.67|4.45|4.33|4.17|4.83|4.50|4.17|3.92|4.50
