REED JAMES|01:512:103:01|4.37|4.16|4.26|4.27|3.68|3.80|4.07|3.73|3.93|3.88|5.00|5.00|5.00|5.00|5.00|5.00|5.00|5.00|5.00
ISENBERG ALISON|01:512:104:00|4.68|4.40|4.21|4.48|4.31|4.05|4.11|3.99|4.22|4.08
CLEMENS      PAUL|01:512:104:00|4.68|4.40|4.21|4.48|4.31|4.05|4.11|3.99|4.22|4.08|3.50
ISENBERG ALISON|01:512:104:02|4.68|4.40|4.21|4.48|4.31|4.05|4.11|3.99|4.22|4.08
CLEMENS     PAUL|01:512:104:09|4.68|4.40|4.21|4.48|4.31|4.05|4.11|3.99|4.22|4.08
RASMUSSEN                     CHRIS|01:512:104:16|4.68|4.40|4.21|4.48|4.31|4.05|4.11|3.99|4.22|4.08|5.00
FURMAN              HARRY|01:512:104:22|4.68|4.40|4.21|4.48|4.31|4.05|4.11|3.99|4.22|4.08
YANS                          GINNEY|01:512:278:01|3.68|3.69|3.85|4.21|3.85|3.41|3.29|4.36|3.41|3.44
LEE                           RICHARD|01:512:280:01|4.20|4.67|4.33|4.67|4.83|4.00|4.00|4.00|4.17|4.50
JEFFREY             T|01:512:302:01|4.61|4.61|4.52|4.65|4.17|4.30|4.39|4.17|4.55|4.39
MARKOWITZ                     NORMAN|01:512:305:01|3.92|4.20|4.13|4.38|4.47|3.67|3.95|4.05|3.90|3.85
GOLD|01:512:306:01|4.00|3.95|3.57|3.82|3.60|3.11|3.51|4.16|3.42|3.36
WAILOO|01:512:322:01|4.82|4.71|4.61|4.84|4.38|4.42|4.66|4.42|4.63|4.45
SCHREPFER           SUSAN|01:512:324:01|4.44|4.64|4.36|4.74|4.55|4.31|4.28|3.44|4.53|4.43
WILHELM                       CORNELIA|01:512:345:01|4.29|4.57|4.57|4.71|4.71|4.14|4.00|3.29|4.00|3.86
MUEHLBAUER                    MATTHEW|01:512:348:01|4.42|4.28|4.17|4.33|4.06|3.88|4.15|4.43|4.11|4.09
FOGLESONG DAVID|01:512:352:01|4.89|4.84|4.56|4.68|4.53|4.45|4.70|4.36|4.61|4.55
LIVINGSTON          JAMES|01:512:372:01|4.50|4.64|4.50|4.81|4.52|4.59|4.54|4.19|4.66|4.54
MAKALANI                      MINKAH|01:512:379:01|3.67|3.68|3.85|3.92|4.04|3.25|3.74|3.66|3.35|3.59|3.00
WARNER                        AMY|01:512:392:02|4.42|4.76|4.67|4.76|4.58|4.41|4.43|4.24|4.57|4.40
BACKES              MATTHEW|01:512:392:03|4.42|4.76|4.67|4.76|4.58|4.41|4.43|4.24|4.57|4.40
