Vershon Andrew|NONE|4.70|4.56|4.19|4.26|4.44|4.26|4.52|4.11|4.41|4.30
DEIS                FRANK|01:694:301:01|3.66|3.69|4.13|3.88|4.06|3.78|3.95|3.52|3.80|3.74|4.06|3.80|3.29|3.81|4.50
NIEDERMAN           ROBERT|01:694:407:01|3.93|3.74|3.44|3.72|4.06|3.21|3.84|3.88|3.44|3.72|4.16|3.88|3.83|3.91
SEVERINOV           KONSTANTIN|01:694:407:01|3.93|3.74|3.44|3.72|4.06|3.21|3.84|3.88|3.44|3.72|4.16|3.88|3.83|3.91
DEIS                FRANK|01:694:407:01|3.93|3.74|3.44|3.72|4.06|3.21|3.84|3.88|3.44|3.72|4.16|3.88|3.83|3.91|3.00
ANDERSON            STEVE|01:694:411:01|4.51|4.49|4.21|4.50|4.33|4.23|4.36|4.32|4.30|4.30
BRILL               STEVE|01:694:411:01|4.51|4.49|4.21|4.50|4.33|4.23|4.36|4.32|4.30|4.30
MATSUMURA           FUMIO|01:694:411:01|4.51|4.49|4.21|4.50|4.33|4.23|4.36|4.32|4.30|4.30
ANDERSON            STEVE|01:694:411:01|4.51|4.49|4.21|4.50|4.33|4.23|4.36|4.32|4.30|4.30
GABRIEL             ABRAM|01:694:411:01|4.51|4.49|4.21|4.50|4.33|4.23|4.36|4.32|4.30|4.30|4.00
DIMOVA              DESSISLAVA|01:694:413:01|4.56|4.13|4.47|4.25|4.50|4.25|4.63|4.63|4.13|4.46
KUSCH               T|01:694:413:01|4.56|4.13|4.47|4.25|4.50|4.25|4.63|4.63|4.13|4.46
GUNDERSON           SAMUEL|01:694:483:01|4.57|4.62|4.41|4.56|4.25|4.39|4.00|4.11|4.57|4.29
DRISCOLL            MONICA|01:694:483:01|4.57|4.62|4.41|4.56|4.25|4.39|4.00|4.11|4.57|4.29
GUNDERSON           SAMUEL|01:694:483:01|4.57|4.62|4.41|4.56|4.25|4.39|4.00|4.11|4.57|4.29
