TRANSUE             G|01:119:100:00|4.24|3.96|4.12|4.10|3.59|3.80|3.93|3.93|3.85|3.74
SHENKO              ALICIA|01:119:102:13|4.47|4.25|4.08|4.35|4.09|4.05|4.08|3.81|4.20|3.82
PEREZRRODRIGUEZ     ILEANA|01:119:102:23|4.47|4.25|4.08|4.35|4.09|4.05|4.08|3.81|4.20|3.82
LU WENBO|01:119:102:23|4.47|4.25|4.08|4.35|4.09|4.05|4.08|3.81|4.20|3.82
WENCHAO             LI|01:119:102:31|4.47|4.25|4.08|4.35|4.09|4.05|4.08|3.81|4.20|3.82
APICELLA            MARISA|01:119:102:31|4.47|4.25|4.08|4.35|4.09|4.05|4.08|3.81|4.20|3.82
LU WENBO|01:119:102:31|4.47|4.25|4.08|4.35|4.09|4.05|4.08|3.81|4.20|3.82
SHENKO              ALICIA|01:119:102:83|4.47|4.25|4.08|4.35|4.09|4.05|4.08|3.81|4.20|3.82
UZWIAK              ANTHONY|01:119:128:01|4.47|4.56|4.57|4.51|4.20|4.29|4.59|4.26|4.41|4.27
SKELLY              S|01:119:131:01|4.70|4.68|4.44|4.70|4.54|4.32|4.46|3.77|4.48|4.43
PESCATORE           J|01:119:160:02|4.37|4.09|3.82|4.00|4.50|3.70|3.96|3.23|3.76|3.77|2.00
UZWIAK              A|01:119:182:01|4.71|4.80|4.67|4.79|4.32|4.41|4.50|3.88|4.56|4.35
