ZHU                 LIHUI|01:165:102:01|4.84|4.76|4.68|4.87|4.78|4.61|4.80|4.61|4.82|4.75
ZHU                 LIHUI|01:165:102:02|4.84|4.76|4.68|4.87|4.78|4.61|4.80|4.61|4.82|4.75
QIU                 JIA|01:165:102:03|4.84|4.76|4.68|4.87|4.78|4.61|4.80|4.61|4.82|4.75
NING                JING|01:165:102:70|4.84|4.76|4.68|4.87|4.78|4.61|4.80|4.61|4.82|4.75
WU                  YURU|01:165:111:02|4.59|4.49|4.58|4.58|4.47|4.33|4.55|4.10|4.45|4.49
LAI   YI-JU|01:165:202:01|4.68|4.50|4.66|4.74|4.79|4.44|4.65|4.65|4.48|4.43
WU   YURU|01:165:202:02|4.68|4.50|4.66|4.74|4.79|4.44|4.65|4.65|4.48|4.43
SHEN  GLORIA|01:165:220:01|3.69|3.67|3.63|4.19|4.38|3.46|3.48|3.93|3.39|3.41|5.00|5.00|5.00|5.00|5.00|5.00|5.00|5.00|5.00
JENH   YEN FANG|01:165:222:01|3.75|3.88|3.29|3.88|4.00|2.88|3.75|4.38|3.38|3.50
WU   YURU|01:165:302:01|4.90|4.83|4.76|4.95|4.86|4.76|4.76|4.66|4.88|4.79
NING   JING|01:165:302:02|4.90|4.83|4.76|4.95|4.86|4.76|4.76|4.66|4.88|4.79
WU   YURU|01:165:322:01|4.96|4.83|4.77|4.82|4.83|4.61|4.65|4.17|4.77|4.64
QI   YUN FANG|01:165:362:01|4.48|4.36|4.04|4.52|4.44|4.08|4.20|4.16|4.12|4.08
SIMMONS    RICHARD|01:165:425:01|5.00|4.73|4.18|4.64|4.36|4.09|4.36|3.55|4.55|4.45
SHEN   GLORIA|01:165:452:01|4.42|4.47|4.32|4.42|4.21|4.26|4.37|4.32|4.32|4.21|5.00|5.00|5.00|5.00|5.00|5.00|5.00|5.00|5.00
TU   CHING-I|01:165:490:01|4.47|4.53|4.26|4.32|4.53|4.21|4.68|4.53|4.47|4.50
