MOSHENBERG                    Orly|01:563:101:01|4.81|4.81|4.88|4.75|4.72|4.75|4.84|4.61|4.84|4.77
LEVY                Lily|01:563:101:02|4.81|4.81|4.88|4.75|4.72|4.75|4.84|4.61|4.84|4.77
LEVY                Lily|01:563:102:01|4.36|4.60|4.54|4.46|4.46|4.33|4.52|4.68|4.33|4.44
MOSHENBERG              Orly|01:563:102:02|4.36|4.60|4.54|4.46|4.46|4.33|4.52|4.68|4.33|4.44
BRYNNOIMAN          Edna|01:563:131:01|4.67|4.44|4.67|4.67|4.00|4.44|4.78|4.56|4.33|4.56
BRYNNOIMAN          Edna|01:563:132:01|3.75|3.00|3.00|3.13|3.29|2.88|3.25|4.13|3.00|3.13
TARTAKOFF           Paoloa|01:563:201:01|4.81|4.60|4.52|4.79|4.26|4.43|4.59|4.03|4.69|4.49|4.00|4.00|4.00|4.00|4.00|4.00|4.00|4.00|4.00
SCHAINKER             Ellie|01:563:202:01|4.61|4.04|3.74|4.39|4.13|3.70|4.17|3.83|3.96|3.87
JONES TOBY|01:563:300:01|4.86|4.79|4.43|4.57|4.36|4.00|4.50|4.57|4.57|4.43
REDL                   Nina|01:563:312:01|4.62|4.46|3.92|4.92|4.08|3.54|3.92|3.92|4.23|3.92|5.00|5.00|5.00|5.00|5.00|5.00|5.00|5.00|5.00
WILHELM                     Cornelia|01:563:345:01|4.07|3.93|3.67|4.33|4.21|3.33|3.73|3.73|3.64|3.38|5.00|5.00|5.00|5.00|5.00|5.00|5.00|5.00|5.00
SHANDLER                Jeffrey|01:563:346:01|4.76|4.76|4.59|4.75|4.35|4.65|4.44|3.65|4.59|4.53
MOSHENBERG             Orly|01:563:372:01|4.67|5.00|5.00|4.83|4.50|4.67|4.50|4.67|4.67|4.67
ROTHSTEIN                  Alexandra|01:563:394:02|4.58|4.54|4.00|4.92|4.92|3.85|3.69|3.92|4.00|4.00|4.38|4.23|4.08|4.23
BUZAGLO             MEIR|01:563:395:01|4.50|4.60|4.53|4.80|5.00|4.33|4.47|4.47|4.50|4.47|5.00|5.00|5.00|5.00|5.00|5.00|5.00|5.00
BUZAGLO             MEIR|01:563:396:01|4.31|4.57|4.46|4.92|4.60|4.62|4.08|4.08|4.21|4.23
SPRACHMAN           PAUL|01:563:397:01|4.50|4.75|4.75|4.75|4.00|4.25|4.50|4.75|4.50|4.50
RENDSBURG           GARY|01:563:464:01|5.00|5.00|5.00|5.00|5.00|5.00|5.00|5.00|5.00|5.00
