SCHERR    LINDA|01:508:200:01|4.97|4.94|4.94|4.94|4.97|4.84|4.87|4.71|4.97|4.87|5.00|5.00
CHATTERJEE                    INDRANI|01:508:230:01|4.65|4.76|4.59|4.75|4.07|4.37|4.53|3.83|4.46|4.33|5.00|5.00|5.00|5.00
TRINER                        GAIL|01:508:262:01|4.00|3.68|3.49|3.80|3.87|3.22|3.37|3.65|3.15|3.27
WASSERMAN                     MARK|01:508:264:01|4.35|4.18|3.89|3.96|3.91|3.85|4.07|3.85|4.07|4.02|5.00|5.00|5.00|5.00|5.00
JONES TOBY|01:508:300:01|4.81|4.92|4.76|4.78|4.78|4.57|4.78|4.43|4.70|4.70|5.00
LIVINGSTON          JULIE|01:508:320:01|4.83|4.83|4.61|4.78|4.57|4.52|4.59|4.00|4.61|4.48
BROWN              CAROLYN|01:508:322:01|4.04|3.84|4.17|3.74|4.04|3.83|4.20|3.54|3.84|3.92
COOPER|01:508:326:01|4.79|4.77|4.49|4.72|4.58|4.36|4.36|3.59|4.64|4.39
BROWN                  CAROLYN|01:508:327:01|3.21|3.55|3.43|3.21|3.68|2.83|3.66|3.83|2.93|2.93
CHATTERJEE                    INDRANI|01:508:330:01|4.64|4.72|4.27|4.19|3.83|4.04|4.36|3.96|4.26|4.04
RODEN               DONALD|01:508:352:01|4.81|4.81|4.55|4.80|4.65|4.48|4.62|4.14|4.71|4.62
JONES TOBY|01:508:392:01|4.73|4.59|4.44|4.48|4.76|4.42|4.63|3.77|4.55|4.59
WASSERMAN       MARK|01:508:392:02|4.73|4.59|4.44|4.48|4.76|4.42|4.63|3.77|4.55|4.59
