KULIKOWSKI          CASIMIR|01:198:105:01|4.21|4.23|3.87|4.39|4.25|3.79|3.87|3.30|3.83|3.81
STEINBERG           LOUIS|01:198:107:00|4.56|4.34|3.68|4.47|4.45|3.78|3.83|2.92|4.00|3.94
BELOWICH            ALAN|01:198:110:00|4.52|4.41|4.02|4.50|4.54|3.98|3.99|3.02|4.31|3.93|4.80|4.33|4.33|4.33|4.00|3.00|3.00|4.00
CHIRCO              JT|01:198:110:00|4.52|4.41|4.02|4.50|4.54|3.98|3.99|3.02|4.31|3.93
BELOWICH            ALAN|01:198:110:00|4.52|4.41|4.02|4.50|4.54|3.98|3.99|3.02|4.31|3.93
CHIRCO              JT|01:198:110:00|4.52|4.41|4.02|4.50|4.54|3.98|3.99|3.02|4.31|3.93|4.80
MUKHERJEE           SAHANA|01:198:110:01|4.52|4.41|4.02|4.50|4.54|3.98|3.99|3.02|4.31|3.93|4.80|5.00|4.33
MUKHERJEE           SAHANA|01:198:110:03|4.52|4.41|4.02|4.50|4.54|3.98|3.99|3.02|4.31|3.93
MUKHERJEE           SAHANA|01:198:110:05|4.52|4.41|4.02|4.50|4.54|3.98|3.99|3.02|4.31|3.93
MEHTA               VISHAL|01:198:110:18|4.52|4.41|4.02|4.50|4.54|3.98|3.99|3.02|4.31|3.93
SOMAN               PARASHAR|01:198:110:23|4.52|4.41|4.02|4.50|4.54|3.98|3.99|3.02|4.31|3.93
SOMAN               PARASHAR|01:198:110:24|4.52|4.41|4.02|4.50|4.54|3.98|3.99|3.02|4.31|3.93
SOMAN               PARASHAR|01:198:110:25|4.52|4.41|4.02|4.50|4.54|3.98|3.99|3.02|4.31|3.93|4.80|5.00|4.33|4.33|4.33|4.00
MEHTA               VISHAL|01:198:110:32|4.52|4.41|4.02|4.50|4.54|3.98|3.99|3.02|4.31|3.93
HARI                PRADIP|01:198:111:00|4.54|4.53|4.19|4.56|4.34|4.15|4.31|4.10|4.34|4.23
HARI                PRADIP|01:198:111:00|4.54|4.53|4.19|4.56|4.34|4.15|4.31|4.10|4.34|4.23
VENUGOPAL           SESH|01:198:112:00|4.57|4.42|4.19|4.49|4.51|4.17|4.47|4.47|4.45|4.40
VENUGOPAL           SESH|01:198:113:00|4.38|4.27|3.85|4.38|3.98|3.85|3.94|4.15|4.10|3.98
VENKATESAN          JANANI|01:198:170:04|4.26|4.17|3.89|4.28|4.18|3.83|4.15|3.29|3.99|3.79
VENKATESAN          JANANI|01:198:170:05|4.26|4.17|3.89|4.28|4.18|3.83|4.15|3.29|3.99|3.79|4.40|4.33|4.50|4.00|4.50|4.00|4.00
BHANIDIPATI         SANDILYA|01:198:170:12|4.26|4.17|3.89|4.28|4.18|3.83|4.15|3.29|3.99|3.79
STONE               MATTHEW|01:198:195:01|4.71|4.71|4.86|4.86|5.00|4.71|4.57|5.00|4.86|4.86
RONNEBERGER         DETLEF|01:198:205:00|4.40|4.30|3.94|4.44|4.13|3.94|4.06|3.44|4.16|3.98
FREDMAN             MICHAEL|01:198:206:00|4.19|3.46|2.88|3.46|3.60|2.92|2.65|3.08|3.04|2.48
CORE                MARK|01:198:314:00|4.53|4.39|3.92|4.57|4.43|4.10|4.06|3.76|4.27|4.00
KALANTARI           BAHMAN|01:198:323:01|4.39|4.00|3.67|4.22|4.12|4.06|3.28|3.11|4.06|3.59
ZHOU                SHIYU|01:198:336:00|4.50|4.44|3.81|4.38|4.33|3.88|4.31|4.06|4.13|4.00
GRIGORIADIS         MICHAEL|01:198:344:00|4.32|4.25|3.97|4.67|4.09|4.09|4.42|3.87|4.22|4.08
YAO                 DANFENG|01:198:352:01|4.06|3.65|3.31|3.65|4.50|3.29|3.88|4.24|3.71|4.06
BIANCHINI RICARDO|01:198:416:00|4.21|4.23|3.96|4.37|4.05|3.97|4.27|3.96|4.02|3.97
IFTODE              LIVIU|01:198:416:00|4.21|4.23|3.96|4.37|4.05|3.97|4.27|3.96|4.02|3.97
SMALDONE            STEPHEN|01:198:416:09|4.21|4.23|3.96|4.37|4.05|3.97|4.27|3.96|4.02|3.97
SHANKAR             PRAVIN|01:198:416:10|4.21|4.23|3.96|4.37|4.05|3.97|4.27|3.96|4.02|3.97
KRZYZANOWSKI        PAUL|01:198:417:01|4.78|4.59|4.59|4.70|4.74|4.52|4.44|4.56|4.77|4.41
MINSKY              NAFTALY|01:198:431:01|3.50|4.13|3.27|4.07|4.31|3.27|3.20|3.93|3.53|3.31
GANAPATHY           VINOD|01:198:442:01|4.83|4.89|4.89|4.94|4.71|4.89|4.89|4.72|4.89|4.72
ELGAMMAL            AHMED|01:198:443:01|4.43|4.22|3.87|4.35|4.17|4.00|3.91|4.09|4.17|4.13
STEIGER             WILLIAM|01:198:444:01|4.30|4.46|4.25|4.57|4.43|4.21|4.50|4.57|4.25|4.55
RONNEBURGER         DETLEF|01:198:452:01|4.08|4.46|4.22|4.63|4.48|4.17|4.35|3.83|4.29|4.00
