AKINLABI AKINBIYI|01:615:101:00|4.73|4.58|4.48|4.68|4.61|4.41|4.46|3.64|4.51|4.39
LEE                 Juyeon|01:615:101:12|4.73|4.58|4.48|4.68|4.61|4.41|4.46|3.64|4.51|4.39|4.00
SCHWEITZER                   Susan|01:615:101:14|4.73|4.58|4.48|4.68|4.61|4.41|4.46|3.64|4.51|4.39
SCHWEITZER                Susan|01:615:201:03|4.70|4.61|4.43|4.67|4.54|4.38|4.33|3.72|4.47|4.34
DELACY            Paul|01:615:201:71|4.70|4.61|4.43|4.67|4.54|4.38|4.33|3.72|4.47|4.34
SCHWARZSCHILD          Roger|01:615:325:01|4.77|4.50|4.31|4.58|4.35|4.38|4.31|3.85|4.40|4.24
WRIGHT              Jonathan|01:615:330:01|3.45|3.95|4.20|4.32|3.94|3.55|3.95|3.80|3.58|3.56
STROMSWOLD KARIN|01:615:373:01|4.70|4.40|4.00|4.70|4.40|4.00|4.00|4.10|4.50|4.25|2.40|2.75
BAKER MARK|01:615:411:01|4.88|4.76|4.52|4.56|4.08|4.32|4.32|4.16|4.52|4.40
AKINLABI AKINBIYI|01:615:471:01|4.47|4.42|4.32|4.58|4.44|4.06|4.29|3.67|4.33|4.21
