BACKES              MATTHEW|01:050:101:01|4.38|4.52|4.33|4.59|4.29|4.10|4.09|3.30|4.22|4.04|5.00|5.00|4.71|5.00|5.00|5.00|4.83|5.00|4.83
GILLESPIE           ANGUS|01:050:228:01|4.63|4.51|4.59|4.60|4.56|4.26|4.55|3.61|4.37|4.32
BACKES              MATTHEW|01:050:259:01|3.98|4.19|3.92|4.08|3.73|3.46|3.56|3.94|3.84|3.63
SHONKWILER          ALISON|01:050:261:01|4.69|4.77|4.54|4.80|4.50|4.50|4.28|4.12|4.68|4.44
GILLESPIE           ANGUS|01:050:264:01|4.88|4.54|4.60|4.83|4.80|4.31|4.37|3.41|4.61|4.46|5.00|5.00|5.00|5.00|5.00|5.00
NIGRIN              ALBERT|01:050:265:01|4.86|4.91|4.88|4.94|4.83|4.78|4.77|4.20|4.88|4.76|5.00|5.00|5.00
STERN               MARIAN|01:050:282:01|4.56|4.77|4.64|4.54|4.35|4.39|4.42|3.72|4.56|4.41
STUBAUS             KAREN|01:050:300:01|4.90|5.00|4.90|5.00|4.90|4.90|4.70|4.30|5.00|4.89
ISAAC               ALLAN|01:050:300:02|4.90|5.00|4.90|5.00|4.90|4.90|4.70|4.30|5.00|4.89|5.00|5.00|5.00|5.00
FLEETWOOD           NICOLE|01:050:301:01|4.22|4.30|4.42|4.36|4.39|4.11|4.38|4.34|4.38|4.43
FLEETWOOD           NICOLE|01:050:303:01|4.46|3.85|3.96|3.69|3.85|3.71|3.81|3.56|3.92|3.65
BARNETT             LOUISE|01:050:305:01|4.77|4.92|4.54|4.54|4.50|4.15|4.77|4.15|4.50|4.42
ZEMLA               CHRISTINE|01:050:324:80|4.71|4.59|4.67|4.65|4.67|4.61|4.59|3.65|4.78|4.81|5.00|5.00|5.00|5.00
ROCKLAND            MICHAEL|01:050:330:01|4.12|4.48|4.76|4.68|4.56|4.28|4.56|4.16|4.46|4.42
FISHBEIN            LESLIE|01:050:335:01|4.60|4.40|4.40|4.60|4.56|4.40|4.20|3.30|4.40|4.00|4.50|4.40|4.20
FISHBEIN            LESLIE|01:050:341:01|4.67|4.67|4.28|4.72|4.50|4.17|4.28|3.44|4.39|4.39|3.82|4.29|3.88
ROCKLAND            MICHAEL|01:050:487:01|4.62|4.85|4.69|4.77|4.77|4.69|4.54|4.00|4.67|4.75
BARNETT             LOUISE|01:050:488:01|4.86|4.86|4.71|4.71|4.29|4.14|4.71|3.71|4.57|4.43|5.00|5.00|5.00|4.00|4.00|4.00
