LEATH               PAUL|01:750:106:71|4.31|4.08|4.06|4.39|3.89|3.69|3.65|3.56|3.97|3.78|4.71|3.74|3.88|4.12|4.63|3.52
PRYOR               CARLTON|01:750:109:01|4.33|4.28|3.51|4.18|4.18|3.49|3.82|3.64|3.77|3.72|4.59|3.86|3.97|3.86|3.89|3.45|4.00|3.00|3.00
HUGHES              JOHN|01:750:110:01|4.65|4.46|3.77|4.32|4.44|3.79|3.91|3.60|3.98|3.84|4.86|3.82|3.56|3.77|4.27|3.40|4.00
WILLIAM             THEODORE|01:750:110:02|4.65|4.46|3.77|4.32|4.44|3.79|3.91|3.60|3.98|3.84|4.86|3.82|3.56|3.77|4.27|3.40|4.00|3.40|4.00
BRAHMIA             SUZANNE|01:750:116:00|4.78|4.77|4.80|4.73|4.76|4.57|4.55|4.28|4.70|4.62|4.86|3.70|3.72|3.33|4.60|3.38|4.50|4.00|2.50
RICHARD             ALAN|01:750:116:71|4.82|4.81|4.77|4.86|4.79|4.72|4.75|4.44|4.76|4.72|4.64|4.66|4.86|5.00
RICHARD             ALAN|01:750:116:72|4.82|4.81|4.77|4.86|4.79|4.72|4.75|4.44|4.76|4.72|4.64|4.66
GILMAN RONALD|01:750:124:00|3.81|3.64|3.05|3.56|3.63|2.89|2.91|3.37|2.86|2.90|4.68|3.51|3.69|3.55|3.66|3.25
GILMAN RONALD|01:750:124:00|3.81|3.64|3.05|3.56|3.63|2.89|2.91|3.37|2.86|2.90|4.68|3.51|3.69|3.55|3.66|3.25
GERSHENSON MICHAEL|01:750:124:01|4.16|3.97|3.79|4.18|4.01|3.68|3.63|3.71|3.88|3.65|4.00|3.31
KOLLER              NOEMIE|01:750:124:03|4.16|3.97|3.79|4.18|4.01|3.68|3.63|3.71|3.88|3.65|4.00|3.31
KOLLER              NOEMIE|01:750:124:04|4.16|3.97|3.79|4.18|4.01|3.68|3.63|3.71|3.88|3.65|4.00|3.31
ZAMICK              LARRY|01:750:124:10|4.16|3.97|3.79|4.18|4.01|3.68|3.63|3.71|3.88|3.65|4.00|3.31|2.83
ZAMICK              LARRY|01:750:124:11|4.16|3.97|3.79|4.18|4.01|3.68|3.63|3.71|3.88|3.65|4.00|3.31|2.83|4.33|4.33|4.33|4.33|4.33
ZAMICK              LARRY|01:750:124:12|4.16|3.97|3.79|4.18|4.01|3.68|3.63|3.71|3.88|3.65|4.00|3.31
CHEONG              SANGWOOK|01:750:124:13|4.16|3.97|3.79|4.18|4.01|3.68|3.63|3.71|3.88|3.65|4.00|3.31|2.83
KOLLER              NOEMIE|01:750:124:14|4.16|3.97|3.79|4.18|4.01|3.68|3.63|3.71|3.88|3.65|4.00|3.31|2.83|4.33|4.33|4.33|4.33|4.33
CHEONG              SANGWOOK|01:750:124:16|4.16|3.97|3.79|4.18|4.01|3.68|3.63|3.71|3.88|3.65|4.00|3.31|2.83
CHEONG              SANGWOOK|01:750:124:18|4.16|3.97|3.79|4.18|4.01|3.68|3.63|3.71|3.88|3.65|4.00|3.31|2.83|4.33|4.33|4.33|4.33|4.33
LATH                AMIT|01:750:140:01|4.13|4.17|4.08|4.13|4.32|3.88|4.00|3.67|3.96|3.88|4.82|3.27|3.86|4.00|3.70|3.06|5.00
GENTILE             MICHAEL|01:750:194:00|4.54|4.63|4.29|4.76|4.49|3.91|3.91|3.19|4.35|3.95|4.99|3.16|3.33|3.41|3.44|3.48
GENTILE             MICHAEL|01:750:194:01|4.33|4.02|4.06|4.50|4.18|3.93|3.80|3.00|4.03|3.75|4.69|3.10
LEE                 TINA|01:750:194:03|4.33|4.02|4.06|4.50|4.18|3.93|3.80|3.00|4.03|3.75|4.69|3.10
CARROLL KIMBERLY|01:750:194:04|4.33|4.02|4.06|4.50|4.18|3.93|3.80|3.00|4.03|3.75|4.69|3.10|5.00
CHIA                JONATHAN|01:750:194:05|4.33|4.02|4.06|4.50|4.18|3.93|3.80|3.00|4.03|3.75|4.69|3.10|3.00
SANTANA             NANCY|01:750:194:06|4.33|4.02|4.06|4.50|4.18|3.93|3.80|3.00|4.03|3.75|4.69|3.10
EIBLING             ELIZABETH|01:750:194:07|4.33|4.02|4.06|4.50|4.18|3.93|3.80|3.00|4.03|3.75|4.69|3.10
SEGEN               NABIL|01:750:194:08|4.33|4.02|4.06|4.50|4.18|3.93|3.80|3.00|4.03|3.75|4.69|3.10|3.00
SANTANA             NANCY|01:750:194:09|4.33|4.02|4.06|4.50|4.18|3.93|3.80|3.00|4.03|3.75|4.69|3.10
GENTILE             MICHAEL|01:750:194:20|4.48|4.22|4.36|4.59|4.30|4.16|4.03|3.04|4.35|3.81|4.73|3.77|3.52|3.35|2.94|3.78|3.62|3.20
CARROLL KIMBERLY|01:750:194:22|4.48|4.22|4.36|4.59|4.30|4.16|4.03|3.04|4.35|3.81|4.73|3.77|3.52|3.35|2.94|3.78|3.62|3.20
CHIA                JONATHAN|01:750:194:23|4.48|4.22|4.36|4.59|4.30|4.16|4.03|3.04|4.35|3.81|4.73|3.77|3.52|3.35|2.94|3.78|3.62|3.20
SANTANA             NANCY|01:750:194:24|4.48|4.22|4.36|4.59|4.30|4.16|4.03|3.04|4.35|3.81|4.73|3.77|3.52|3.35|2.94|3.78|3.62
VANNUCCI            MICHAEL|01:750:194:26|4.48|4.22|4.36|4.59|4.30|4.16|4.03|3.04|4.35|3.81|4.73|3.77|3.52|3.35|2.94|3.78|3.62
EIBLING             ELIZABETH|01:750:194:27|4.48|4.22|4.36|4.59|4.30|4.16|4.03|3.04|4.35|3.81|4.73|3.77|3.52|3.35|2.94|3.78|3.62
LEE                 TINA|01:750:194:28|4.48|4.22|4.36|4.59|4.30|4.16|4.03|3.04|4.35|3.81|4.73|3.77|3.52|3.35|2.94|3.78|3.62|3.20
SEGEN               NABIL|01:750:194:29|4.48|4.22|4.36|4.59|4.30|4.16|4.03|3.04|4.35|3.81|4.73|3.77|3.52|3.35|2.94|3.78|3.62
BRAHMIA             BAKI|01:750:201:00|4.95|4.87|4.82|4.85|4.81|4.88|4.85|3.93|4.83|4.81|4.89|4.02|4.55|4.71|4.85|4.00|4.50|5.00|5.00
JOSEPH              CHARLES|01:750:203:00|4.27|4.12|4.11|4.58|4.31|3.85|3.90|3.44|3.84|3.81|4.75|4.21|4.09|4.22|4.43|3.76|5.00|5.00|5.00
OH                  SEONGSHIK|01:750:203:01|4.16|3.92|3.77|4.08|4.17|3.66|3.70|3.35|3.80|3.66|3.79|4.63|4.83|4.57|4.50|4.50|4.80|4.80|5.00
OH                  SEONGSHIK|01:750:203:02|4.16|3.92|3.77|4.08|4.17|3.66|3.70|3.35|3.80|3.66|3.79|4.63|4.83|4.57|4.50
BLUMBERG            GIRSH|01:750:203:03|4.16|3.92|3.77|4.08|4.17|3.66|3.70|3.35|3.80|3.66|3.79|4.63|4.83|4.57|4.50|4.80|4.80
BLUMBERG            GIRSH|01:750:203:04|4.16|3.92|3.77|4.08|4.17|3.66|3.70|3.35|3.80|3.66|3.79|4.63
OH                  SEONGSHIK|01:750:203:05|4.16|3.92|3.77|4.08|4.17|3.66|3.70|3.35|3.80|3.66|3.79
BLUMBERG            GIRSH|01:750:203:06|4.16|3.92|3.77|4.08|4.17|3.66|3.70|3.35|3.80|3.66|3.79
HORTON              GEORGE|01:750:203:08|4.27|4.12|4.11|4.58|4.31|3.85|3.90|3.44|3.84|3.81|4.75|4.21|4.09|4.22|4.43|3.76
BLUMBERG            GIRSH|01:750:203:11|4.16|3.92|3.77|4.08|4.17|3.66|3.70|3.35|3.80|3.66|3.79|4.63|4.83|4.57|4.50|4.50|4.80|4.80|5.00
OH                  SEONGSHIK|01:750:203:12|4.16|3.92|3.77|4.08|4.17|3.66|3.70|3.35|3.80|3.66|3.79|4.63|4.83|4.57|4.50|4.50|4.80|4.80|5.00
HORTON              GEORGE|01:750:204:00|4.39|4.22|4.46|4.71|4.33|4.05|4.07|3.88|4.05|3.92|4.76|4.39|4.11|4.08|4.37|3.85
GERSHTEIN YURI|01:750:204:01|4.26|4.10|3.92|4.34|4.05|3.80|3.74|3.39|3.96|3.69|4.20
GERSHTEIN YURI|01:750:204:02|4.26|4.10|3.92|4.34|4.05|3.80|3.74|3.39|3.96|3.69|4.20
KOJIMA              HARUO|01:750:204:03|4.26|4.10|3.92|4.34|4.05|3.80|3.74|3.39|3.96|3.69|4.20
GERSHTEIN YURI|01:750:204:04|4.26|4.10|3.92|4.34|4.05|3.80|3.74|3.39|3.96|3.69|4.20
KOJIMA              HARUO|01:750:204:05|4.26|4.10|3.92|4.34|4.05|3.80|3.74|3.39|3.96|3.69|4.20
KOJIMA              HARUO|01:750:204:06|4.26|4.10|3.92|4.34|4.05|3.80|3.74|3.39|3.96|3.69|4.20
KOJIMA              HARUO|01:750:204:08|4.26|4.10|3.92|4.34|4.05|3.80|3.74|3.39|3.96|3.69|4.20|2.67|3.00|3.00|3.50|3.00
GERSHTEIN YURI|01:750:204:16|4.26|4.10|3.92|4.34|4.05|3.80|3.74|3.39|3.96|3.69|4.20
GREENBLATT          RAFAEL|01:750:205:03|4.48|4.50|4.24|4.62|4.59|4.32|4.08|3.57|4.45|4.19|4.74|4.24|4.06|3.82|2.64|3.23|3.63|3.79
PARK                MICHAEL|01:750:205:04|4.48|4.50|4.24|4.62|4.59|4.32|4.08|3.57|4.45|4.19|4.74|4.24|4.06|3.82|2.64|3.23|3.63
ALBA                GABE|01:750:205:06|4.48|4.50|4.24|4.62|4.59|4.32|4.08|3.57|4.45|4.19|4.74|4.24|4.06|3.82|2.64|3.23|3.63
GREENBLATT          RAFAEL|01:750:205:07|4.48|4.50|4.24|4.62|4.59|4.32|4.08|3.57|4.45|4.19|4.74|4.24|4.06|3.82|2.64|3.23|3.63|3.79|4.00
FLOREZTORRES        MANUEL|01:750:206:01|4.47|4.45|4.20|4.57|4.55|4.20|4.06|3.58|4.33|4.06|3.98|4.01|3.79|3.57|2.80|3.36|3.55|4.05|4.63
GULIANI             AMANDEEP|01:750:206:03|4.47|4.45|4.20|4.57|4.55|4.20|4.06|3.58|4.33|4.06|3.98|4.01|3.79|3.57|2.80|3.36|3.55|4.05|4.63
GUIIANI             AMANDEEP|01:750:206:06|4.47|4.45|4.20|4.57|4.55|4.20|4.06|3.58|4.33|4.06|3.98|4.01|3.79|3.57|2.80|3.36|3.55|4.05
FLOREZTORRES        MANUEL|01:750:206:08|4.47|4.45|4.20|4.57|4.55|4.20|4.06|3.58|4.33|4.06|3.98|4.01|3.79|3.57|2.80|3.36|3.55|4.05|4.63
SURYAWANSHI         RAHUL|01:750:206:12|4.47|4.45|4.20|4.57|4.55|4.20|4.06|3.58|4.33|4.06|3.98|4.01|3.79|3.57|2.80|3.36|3.55
SURYAWANSHI         RAHUL|01:750:206:13|4.47|4.45|4.20|4.57|4.55|4.20|4.06|3.58|4.33|4.06|3.98|4.01|3.79|3.57|2.80|3.36|3.55|4.05|4.63
FW                  IWEN|01:750:206:14|4.47|4.45|4.20|4.57|4.55|4.20|4.06|3.58|4.33|4.06|3.98|4.01|3.79|3.57|2.80|3.36|3.55|4.05
GULIANI             AMANDEEP|01:750:206:18|4.47|4.45|4.20|4.57|4.55|4.20|4.06|3.58|4.33|4.06|3.98|4.01|3.79|3.57|2.80|3.36|3.55|4.05
ZYWICK              PATRICK|01:750:206:20|4.47|4.45|4.20|4.57|4.55|4.20|4.06|3.58|4.33|4.06|3.98|4.01|3.79|3.57|2.80|3.36|3.55|4.05
SURYAWANSHI         RAHUL|01:750:206:23|4.47|4.45|4.20|4.57|4.55|4.20|4.06|3.58|4.33|4.06|3.98|4.01|3.79|3.57|2.80|3.36|3.55|4.05
RABE                KARIN|01:750:228:00|4.14|4.05|3.70|4.35|4.26|3.45|3.65|3.89|3.69|3.64|4.58|4.01|3.80|3.32|3.82|3.72
RABE                KARIN|01:750:228:00|4.14|4.05|3.70|4.35|4.26|3.45|3.65|3.89|3.69|3.64|4.58|4.01|3.80|3.32|3.82|3.72|4.00|4.00
COLEMAN             PIERS|01:750:228:02|4.60|4.57|4.40|4.63|4.76|4.40|4.35|3.87|4.57|4.20|4.91
VANDERBILT          DAVID|01:750:228:14|4.60|4.57|4.40|4.63|4.76|4.40|4.35|3.87|4.57|4.20|4.91|4.00|3.00|4.00|2.00|3.00|2.00|4.00
VANDERBLIT          DAVID|01:750:228:15|4.60|4.57|4.40|4.63|4.76|4.40|4.35|3.87|4.57|4.20|4.91
VANDERBLIT          DAVID|01:750:228:20|4.60|4.57|4.40|4.63|4.76|4.40|4.35|3.87|4.57|4.20|4.91
VANDERBLIT          DAVID|01:750:228:21|4.60|4.57|4.40|4.63|4.76|4.40|4.35|3.87|4.57|4.20|4.91
ERICKSON            CHRISTINE|01:750:230:01|4.36|4.32|3.97|4.48|4.21|3.88|3.63|3.47|4.19|3.62|4.61|3.55|3.50|3.05|2.66|3.23|3.32
PARAMANANDAM        JOSHUA|01:750:230:02|4.36|4.32|3.97|4.48|4.21|3.88|3.63|3.47|4.19|3.62|4.61|3.55|3.50|3.05|2.66|3.23|3.32|4.43
PARAMANANDAM        JOSHUA|01:750:230:07|4.36|4.32|3.97|4.48|4.21|3.88|3.63|3.47|4.19|3.62|4.61|3.55|3.50|3.05|2.66|3.23|3.32
ERICKSON            CHRISTINE|01:750:230:11|4.36|4.32|3.97|4.48|4.21|3.88|3.63|3.47|4.19|3.62|4.61|3.55|3.50|3.05|2.66|3.23|3.32|4.40|4.43
PARAMANANDAM        SHUA|01:750:230:15|4.36|4.32|3.97|4.48|4.21|3.88|3.63|3.47|4.19|3.62|4.61|3.55|3.50|3.05|2.66|3.23|3.32|4.40
FLOREZTORRES        MANUEL|01:750:260:10|4.33|4.29|4.24|4.52|4.38|4.00|3.62|3.67|4.05|3.85|4.10|3.60|2.70|2.90|2.45|3.10|2.60|1.00
BERGMAN             DOUGLAS|01:750:272:00|3.04|2.73|2.43|3.22|3.69|2.39|2.94|3.73|2.35|2.80|4.24|3.35|3.63|3.16|3.63|3.84
THOMSON             GORDON|01:750:276:01|4.28|4.55|3.69|4.60|4.63|3.93|3.78|3.60|4.19|4.02|3.95|3.69|4.09|3.24|2.67|3.26|3.48
ZIMMERMANN          FRANK|01:750:301:01|4.00|4.09|4.55|4.55|4.09|4.09|4.18|4.00|3.91|3.82|4.64|3.00|3.73|3.45|3.20
MEKJIAN             ARAM|01:750:323:01|3.89|4.60|4.22|4.70|4.80|4.40|4.30|4.60|4.11|4.13|4.56|3.50|4.43|4.17|3.50
MEKJIAN             ARAM|01:750:323:02|3.89|4.60|4.22|4.70|4.80|4.40|4.30|4.60|4.11|4.13|4.56|3.50|4.43|4.17|3.50
MEKJIAN             ARAM|01:750:324:01|4.44|4.61|4.44|4.61|4.71|4.50|4.56|4.82|4.44|4.28|4.78|3.83|3.72|3.88|4.00|4.20
MEKJIAN             ARAM|01:750:324:02|4.44|4.61|4.44|4.61|4.71|4.50|4.56|4.82|4.44|4.28|4.78|3.83|3.72|3.88|4.00|4.20|3.00|3.00
PODZOROV            VITALY|01:750:327:00|4.93|4.87|4.47|5.00|5.00|4.60|4.20|4.00|4.67|4.20|4.87|3.47|3.57|3.50|3.64
PANWALKER           SHRUTI|01:750:327:01|4.69|4.73|4.20|4.70|4.77|4.33|3.90|3.93|4.48|3.93|4.63|3.53|1.90|2.79|2.40|3.33|3.90
PODZOROV            VITALY|01:750:327:03|4.69|4.73|4.20|4.70|4.77|4.33|3.90|3.93|4.48|3.93|4.63|3.53|1.90|2.79|2.40|3.33|3.90
JHA                 SAURABH|01:750:342:01|4.96|4.69|4.50|4.81|4.69|4.27|4.58|4.50|4.76|4.60|5.00|3.48|4.60|4.72|3.65|4.00
BAKER               ANDREW|01:750:343:01|4.60|4.80|4.60|5.00|4.60|4.40|4.80|4.40|4.80|4.80|5.00|2.60|3.60|3.80|3.25
WU                  WEIDA|01:750:351:01|4.00|3.57|2.86|4.14|3.91|2.71|3.40|3.40|3.09|2.91|3.03|3.53|3.50|3.74|4.07
LATH                AMITABH|01:750:382:01|4.45|4.35|4.45|4.30|4.65|4.35|4.65|4.89|4.50|4.60|4.95|4.58|4.26|3.63|3.69
YUZBASHYAN          EMIL|01:750:386:01|4.50|4.39|4.11|4.33|4.28|4.06|4.39|4.24|4.17|4.28|4.47|4.71|4.12|4.18|5.00|3.64
ANDREI              EVA|01:750:388:01|3.78|4.00|3.78|4.30|4.10|3.90|4.20|4.40|3.90|3.90|4.75|3.88|2.50|2.63|3.13|3.50|3.38
ANDREI              EVA|01:750:389:01|3.25|3.38|3.13|3.75|3.75|3.38|3.38|3.63|3.43|3.71|4.00|3.75|2.14|2.63|3.38|3.29|2.75|3.00
HALKIADAKIS         EVA|01:750:397:01|4.71|4.75|4.42|4.79|4.54|4.25|4.17|4.25|4.63|4.46|4.87|3.43|4.09|4.27|3.00|3.42|3.00|3.00|3.00
CHANDRA             PREMALA|01:750:406:01|5.00|4.29|4.71|4.86|4.83|4.00|4.14|4.71|4.29|4.29|5.00|3.57|4.14|5.00|5.00|3.71
SOMALWAR            SOMALWAR|01:750:418:01|4.89|4.79|4.79|4.95|4.68|4.53|4.68|4.67|4.84|4.53|4.94|3.35|3.88|4.41|3.53|3.00
SELLWOOD            JEREMY|01:750:443:01|4.17|4.33|3.83|4.33|4.33|3.67|4.00|4.17|4.00|3.83|5.00|3.00|3.67|4.33|3.17
SELLWOOD            JEREMY|01:750:443:01|4.17|4.33|3.83|4.33|4.33|3.67|4.00|4.17|4.00|3.83|5.00|3.00|3.67|4.33|3.17
