FOWLER              GEORGIA|01:090:111:01|4.55|4.67|4.37|4.75|4.77|4.36|3.57|3.11|4.50|3.78
WHITE               RICHARD|01:090:111:02|4.55|4.67|4.37|4.75|4.36|3.57|3.11|4.50|3.78
PUCCIO              MARYANN|01:090:111:03|4.55|4.67|4.37|4.75|4.77|4.36|3.57|3.11|4.50|3.78
GOUGON              DANIELLE|01:090:111:04|4.55|4.67|4.37|4.75|4.77|4.36|3.57|3.11|4.50|3.78
PALOMARES           KRISTINE|01:090:111:05|4.55|4.67|4.37|4.75|4.77|4.36|3.57|3.11|4.50|3.78
LOGUE               MARIE|01:090:111:06|4.55|4.67|4.37|4.75|4.77|4.36|3.57|3.11|4.50|3.78
NAZARIO             JULIO|01:090:111:07|4.55|4.67|4.37|4.75|4.77|4.36|3.57|3.11|4.50|3.78
SOHN                CHRISTINA|01:090:111:09|4.55|4.67|4.37|4.75|4.77|4.36|3.57|3.11|4.50|3.78
HOWE                JULIE|01:090:111:10|4.55|4.67|4.37|4.75|4.77|4.36|3.57|3.11|4.50|3.78|4.33|2.33
BAUM                HALEY|01:090:111:11|4.55|4.67|4.37|4.75|4.77|4.36|3.57|3.11|4.50|3.78
BRYAN               ARIAN|01:090:111:12|4.55|4.67|4.37|4.75|4.77|4.36|3.57|3.11|4.50|3.78
DENTLER             KAREN|01:090:111:13|4.55|4.67|4.37|4.75|4.77|4.36|3.57|3.11|4.50|3.78
SCHNATTER           KERSTIN|01:090:111:14|4.55|4.67|4.37|4.75|4.77|4.36|3.57|3.11|4.50|3.78
WILSON              LAU*N|01:090:111:15|4.55|4.67|4.37|4.75|4.77|4.36|3.57|3.11|4.50|3.78|4.33|2.33|5.00
TAYLOR              SHAWN|01:090:111:17|4.55|4.67|4.37|4.75|4.77|4.36|3.57|3.11|4.50|3.78
TAKACS              SAROLTA|01:090:111:18|4.55|4.67|4.37|4.75|4.77|4.36|3.57|3.11|4.50|3.78
HAVILANDJONES|01:090:111:19|4.55|4.67|4.37|4.75|4.77|4.36|3.57|3.11|4.50|3.78
BLANEY              PAUL|01:090:111:20|4.55|4.67|4.37|4.75|4.77|4.36|3.57|3.11|4.50|3.78|4.33
LORD                MUFFIN|01:090:111:21|4.55|4.67|4.37|4.75|4.77|4.36|3.57|3.11|4.50|3.78
GRIMM               TIMOTHY|01:090:111:22|4.55|4.67|4.37|4.75|4.77|4.36|3.57|3.11|4.50|3.78
CASSEL              JERIS|01:090:111:23|4.55|4.67|4.37|4.75|4.77|4.36|3.57|3.11|4.50|3.78
SANONJULES          DEAN|01:090:111:24|4.55|4.67|4.37|4.75|4.77|4.36|3.57|3.11|4.50|3.78
SHOSTACK            MICHELLE|01:090:172:01|5.00|5.00|4.80|5.00|5.00|4.80|4.80|3.80|5.00|5.00
WRY                 PAT|01:090:176:01|5.00|5.00|5.00|5.00|5.00|5.00|5.00
ORTIZ               VANESSA|01:090:220:01|4.67|4.67|4.40|4.68|4.65|4.42|3.91|2.75|4.63|3.87
TAYLOR              SHAWN|01:090:220:02|4.67|4.67|4.40|4.68|4.65|4.42|3.91|2.75|4.63|3.87
MEEKINS             CYNTHIA|01:090:220:04|4.67|4.67|4.40|4.68|4.65|4.42|3.91|2.75|4.63|3.87|4.44|4.70|4.67|4.67|4.63|4.40|4.40|4.40|4.50
GRIMM               TIM|01:090:220:05|4.67|4.67|4.40|4.68|4.65|4.42|3.91|2.75|4.63|3.87|4.44|4.70|4.67|4.67|4.63|4.40|4.40|4.40|4.50
PALADINO            NICOLE|01:090:220:06|4.67|4.67|4.40|4.68|4.65|4.42|3.91|2.75|4.63|3.87|4.44|4.70|4.67|4.67|4.63|4.40|4.40|4.40|4.50
GEHRMAN             AMY|01:090:220:08|4.67|4.67|4.40|4.68|4.65|4.42|3.91|2.75|4.63|3.87
FREDERICKS          JASON|01:090:220:11|4.67|4.67|4.40|4.68|4.65|4.42|3.91|2.75|4.63|3.87
ANDERSON            ERICA|01:090:220:13|4.67|4.67|4.40|4.68|4.65|4.42|3.91|2.75|4.63|3.87
WINKLER             MATTHEW|01:090:220:14|4.67|4.67|4.40|4.68|4.65|4.42|3.91|2.75|4.63|3.87
SPEAR               ELIZABETH|01:090:220:15|4.67|4.67|4.40|4.68|4.65|4.42|3.91|2.75|4.63|3.87
ARDIZZONE           KAREN|01:090:220:16|4.67|4.67|4.40|4.68|4.65|4.42|3.91|2.75|4.63|3.87|4.67|4.63
TIMOTHY             JAMES|01:090:220:17|4.67|4.67|4.40|4.68|4.65|4.42|3.91|2.75|4.63|3.87
RANA                AVANI|01:090:220:18|4.67|4.67|4.40|4.68|4.65|4.42|3.91|2.75|4.63|3.87
HEILMAN             DONALD|01:090:220:21|4.67|4.67|4.40|4.68|4.65|4.42|3.91|2.75|4.63|3.87|4.44
FRASCA              DANA|01:090:220:22|4.67|4.67|4.40|4.68|4.65|4.42|3.91|2.75|4.63|3.87
PAGAN               WILL|01:090:220:24|4.67|4.67|4.40|4.68|4.65|4.42|3.91|2.75|4.63|3.87
VANRIPER            PAULA|01:090:220:27|4.67|4.67|4.40|4.68|4.65|4.42|3.91|2.75|4.63|3.87
LARSON              RANDI|01:090:220:28|4.67|4.67|4.40|4.68|4.65|4.42|3.91|2.75|4.63|3.87
BRILL               TAMAR|01:090:220:30|4.67|4.67|4.40|4.68|4.65|4.42|3.91|2.75|4.63|3.87
SOKOLOWSKI          KELLEY|01:090:220:31|4.67|4.67|4.40|4.68|4.65|4.42|3.91|2.75|4.63|3.87
STILLWAGON          MICHAEL|01:090:220:40|4.67|4.67|4.40|4.68|4.65|4.42|3.91|2.75|4.63|3.87
WILLSON             KERRI|01:090:220:41|4.67|4.67|4.40|4.68|4.65|4.42|3.91|2.75|4.63|3.87|4.44
KILLEN              KEVIN|01:090:220:43|4.67|4.67|4.40|4.68|4.65|4.42|3.91|2.75|4.63|3.87
TRAXLER             JULIE|01:090:220:44|4.67|4.67|4.40|4.68|4.65|4.42|3.91|2.75|4.63|3.87|4.44|4.70|4.67|4.63|4.40|4.50
HOGAN               COURTNEY|01:090:220:45|4.67|4.67|4.40|4.68|4.65|4.42|3.91|2.75|4.63|3.87
HIBBARD             JULI|01:090:220:46|4.67|4.67|4.40|4.68|4.65|4.42|3.91|2.75|4.63|3.87|4.44|4.70
SCOTT               KATHLEEN|01:090:220:47|4.67|4.67|4.40|4.68|4.65|4.42|3.91|2.75|4.63|3.87
ZIPKIN              IRIS|01:090:220:48|4.67|4.67|4.40|4.68|4.65|4.42|3.91|2.75|4.63|3.87
KOZO                VICTORIA|01:090:220:49|4.67|4.67|4.40|4.68|4.65|4.42|3.91|2.75|4.63|3.87
RAZA                NADIA|01:090:220:50|4.67|4.67|4.40|4.68|4.65|4.42|3.91|2.75|4.63|3.87
POLLAK              AVE|01:090:220:57|4.67|4.67|4.40|4.68|4.65|4.42|3.91|2.75|4.63|3.87
HOWARD              SHARON|01:090:220:58|4.67|4.67|4.40|4.68|4.65|4.42|3.91|2.75|4.63|3.87
PUCCIO              MARYANN|01:090:220:60|4.67|4.67|4.40|4.68|4.65|4.42|3.91|2.75|4.63|3.87|4.44
WALLACE             ADRYAN|01:090:231:01|4.71|4.63|4.75|4.88|5.00|4.00|3.57|3.14|4.13|3.71
GARROTE             VALERIA|01:090:237:01|3.95|3.63|3.79|3.32|4.00|3.26|3.44|4.16|3.58|3.47
DOONAN              CHRISTINA|01:090:241:01|4.50|4.31|4.13|4.50|4.13|4.13|3.88|4.25|3.64|3.50
MILLS               ADRIENNE|01:090:243:01|4.08|4.23|3.54|4.17|4.15|4.08|3.69|4.08|4.17|3.92|5.00
BAYKAL              GOKCE|01:090:245:01|3.17|3.00|3.67|3.50|5.00|3.00|2.50|4.50|3.17|2.67
REED                JAMES|01:090:250:01|4.40|4.64|4.71|4.73|4.71|4.73|4.73|4.33|4.62|4.47
BOJANOWSKA          EDYTA|01:090:251:01|4.40|4.40|3.90|4.50|4.40|4.00|4.20|3.30|4.30|3.90
KUO                 HUIMIN|01:090:252:01|4.62|4.50|4.54|4.83|4.17|4.38|4.50|3.58|4.42|4.25
CLARKE              LEE|01:090:253:01|4.81|4.88|4.81|4.81|4.71|4.75|4.75|4.00|4.80|4.60
GERSON              JUDITH|01:090:254:01|3.90|4.50|4.50|4.80|4.70|4.33|4.50|4.30|4.20|4.30
SOMALWAR            SUNIL|01:090:255:01|5.00|5.00|5.00|5.00|4.80|4.88|4.80|4.38|4.86|4.93
HUGHES              JACK|01:090:257:01|4.78|4.89|4.67|4.56|4.67|4.67|4.89|4.50|4.44|4.44
CARR                PATRICK|01:090:258:01|4.79|5.00|4.71|5.00|4.71|4.50|4.71|4.36|4.79|4.64
TURNER              HENRY|01:090:259:01|4.83|4.83|4.82|4.58|4.58|4.75|4.92|4.64|4.83|4.92
MURPHY              ANDREW|01:090:260:01|4.91|4.91|4.91|4.83|4.83|4.82|4.91|4.33|4.91|4.90
KOTLIAR             GABRIEL|01:090:265:01|5.00|4.88|5.00|4.88|5.00|4.75|5.00|4.00|5.00|4.75
MATILSKY            TERRY|01:090:267:01|4.21|4.43|4.36|4.46|4.40|4.29|4.54|4.64|4.38|4.36
WASSERMAN           EMNA|01:090:268:01|4.75|4.88|4.50|4.88|4.63|4.38|4.75|3.88|4.75|4.63
HEFFNER             RICHARD|01:090:271:01|4.83|4.92|5.00|4.92|4.83|4.92|5.00|4.83|4.92|4.92
BIRCKMAYER          KATY|01:090:299:02|4.47|4.67|4.53|4.80|4.85|4.47|4.73|4.73|4.67|4.75
KRUEGER             LYN|01:090:320:01|4.92|4.94|4.56|4.91|4.55|4.66|4.48|4.65|4.80|4.44|4.38|3.49|4.37|4.58|4.60|4.60|4.67|4.51|4.61
KRUEGER             LYN|01:090:320:02|4.92|4.94|4.56|4.91|4.55|4.66|4.48|4.65|4.80|4.44|4.38|3.49|4.37|4.58|4.60|4.60|4.67|4.51|4.61
KRU                 LYN|01:090:320:03|4.92|4.94|4.56|4.91|4.55|4.66|4.48|4.65|4.80|4.44|4.38|3.49|4.37|4.58|4.60|4.60|4.67|4.51|4.61
LEVINE              JUSTINE|01:090:391:01|4.87|4.87|4.65|4.95|4.33|4.68|4.43|4.39|4.78|4.61
BLANEY              PAUL|01:090:391:02|4.87|4.87|4.65|4.95|4.33|4.68|4.43|4.39|4.78|4.61
