MINSKY              AMIR|01:506:110:01|4.63|4.10|3.70|4.03|4.00|3.40|3.74|3.61|3.61|3.61|4.00
ECHEVERRIA          DARIUS|01:506:114:01|4.43|4.69|4.45|4.74|4.33|4.43|4.12|3.74|4.49|4.12|5.00|5.00
ADAS                MICHAEL|01:506:201:01|4.41|4.64|4.46|4.76|4.34|4.18|4.30|4.32|4.38|4.22
ADAS                MICHAEL|01:506:201:02|4.41|4.64|4.46|4.76|4.34|4.18|4.30|4.32|4.38|4.22
MATSUDA             MATT|01:506:203:01|4.22|4.08|4.04|4.21|3.55|3.67|3.63|3.16|3.67|3.60|5.00|5.00
FOGLESONG           DAVID|01:506:401:01|4.59|4.69|4.55|4.78|4.63|4.50|4.49|4.20|4.62|4.53
LIU                 XUN|01:506:401:02|4.59|4.69|4.55|4.78|4.63|4.50|4.49|4.20|4.62|4.53
JONES               TOBY|01:506:401:04|4.59|4.69|4.55|4.78|4.63|4.50|4.49|4.20|4.62|4.53
CHAMBERS            JOHN|01:506:401:05|4.59|4.69|4.55|4.78|4.63|4.50|4.49|4.20|4.62|4.53
CHATTERJEE          I|01:506:401:06|4.59|4.69|4.55|4.78|4.63|4.50|4.49|4.20|4.62|4.53
LEBSOCK             SUZANNE|01:506:401:07|4.59|4.69|4.55|4.78|4.63|4.50|4.49|4.20|4.62|4.53
GREENE              K|01:506:401:08|4.59|4.69|4.55|4.78|4.63|4.50|4.49|4.20|4.62|4.53
TRINER              GAIL|01:506:401:10|4.59|4.69|4.55|4.78|4.63|4.50|4.49|4.20|4.62|4.53
COOPER|01:506:401:11|4.59|4.69|4.55|4.78|4.63|4.50|4.49|4.20|4.62|4.53|4.00
MORRISON            KARL|01:506:401:13|4.59|4.69|4.55|4.78|4.63|4.50|4.49|4.20|4.62|4.53
SCHREPFER           SUSAN|01:506:401:16|4.59|4.69|4.55|4.78|4.63|4.50|4.49|4.20|4.62|4.53
SARETZKY            GARY|01:506:451:01|4.77|4.77|4.77|4.75|4.89|4.62|4.69|4.77|4.83|4.92
