HUNT                JOANNE|01:377:140:01|4.75|4.70|4.66|4.69|4.50|4.54|4.49|4.62|4.64|4.58
HUNT                JOANNE|01:377:140:02|4.75|4.70|4.66|4.69|4.50|4.54|4.49|4.62|4.64|4.58
KAPLOWITZ           SUSAN|01:377:140:03|4.75|4.70|4.66|4.69|4.50|4.54|4.49|4.62|4.64|4.58
KAPLOWITZ           SUSAN|01:377:140:04|4.75|4.70|4.66|4.69|4.50|4.54|4.49|4.62|4.64|4.58|5.00
DIFABIO             DAVID|01:377:170:01|4.68|4.88|4.84|4.88|4.30|4.68|4.60|4.60|4.72|4.44
GLADIS              KATHLEEN|01:377:180:01|4.79|4.74|4.74|4.82|4.65|4.63|4.68|4.50|4.79|4.70|5.00|5.00|5.00|5.00|5.00
GLADIS              KATHLEEN|01:377:191:01|4.91|4.81|4.73|4.81|4.66|4.73|4.57|4.44|4.73|4.67|4.00|4.00
GLADIS              KATHLEEN|01:377:191:02|4.91|4.81|4.73|4.81|4.66|4.73|4.57|4.44|4.73|4.67
DIVINE              ADAM|01:377:213:01|4.94|4.97|4.92|4.94|4.91|4.85|4.91|4.64|4.88|4.88
DIVINE              ADAM|01:377:213:02|4.94|4.97|4.92|4.94|4.91|4.85|4.91|4.64|4.88|4.88
DIVINE              ADAM|01:377:213:06|4.94|4.97|4.92|4.94|4.91|4.85|4.91|4.64|4.88|4.88
DIVINE              ADAM|01:377:213:07|4.94|4.97|4.92|4.94|4.91|4.85|4.91|4.64|4.88|4.88
BRIDENBAUGH         ERIC|01:377:215:01|4.47|4.58|4.58|4.37|4.47|4.26|4.63|4.47|4.22|4.50
ROSENWASSER         MARIAN|01:377:226:01|4.96|5.00|4.82|5.00|5.00|4.93|4.75|4.93|5.00|4.93|5.00
FEIGLEY             DAVID|01:377:275:01|4.83|4.74|4.43|4.82|4.67|4.44|4.34|3.11|4.55|4.42|5.00
LAWRENCE            SHEILA|01:377:275:02|4.83|4.74|4.43|4.82|4.67|4.44|4.34|3.11|4.55|4.42
DOEMLAND            JULIA|01:377:301:01|4.72|4.50|4.50|4.55|4.43|4.45|4.26|3.97|4.44|4.27
DOEMLAND            JULIA|01:377:301:02|4.72|4.50|4.50|4.55|4.43|4.45|4.26|3.97|4.44|4.27|5.00
MANFREDONIA         EMIL|01:377:303:01|4.91|4.78|4.61|4.77|4.83|4.64|4.88|4.56|4.70|4.70
KAPLOWITZ           SUSAN|01:377:304:01|3.75|3.86|4.00|3.79|3.62|3.56|3.86|3.19|3.78|3.56|1.00
DOEMLAND            JULIA|01:377:305:01|4.70|4.56|4.44|4.81|4.48|4.36|4.67|3.71|4.44|4.35|5.00
COLLINCINI          JERRY|01:377:306:01|4.20|4.00|3.67|3.86|4.13|3.64|3.60|3.53|3.67|3.57
KAPLOWITZ           SUSAN|01:377:310:01|4.18|4.18|4.11|4.24|4.26|3.83|4.11|3.94|4.06|4.09
FINKELSTEIN         MYRON|01:377:311:01|4.75|4.96|4.89|5.00|4.93|4.50|4.64|4.43|4.79|4.79
SHARKEY             LINDA|01:377:312:01|4.89|4.88|4.53|4.88|4.82|4.35|4.47|3.83|4.78|4.47|4.00
DOUGHERTY           NEIL|01:377:319:01|4.76|4.70|4.48|4.48|4.40|4.43|4.48|3.67|4.57|4.35|4.00|4.00|4.00|4.00|5.00|4.00|4.00|5.00|5.00
DOUGHERTY           NEIL|01:377:320:01|4.79|4.25|4.22|4.31|4.35|4.12|4.21|3.49|4.39|4.26
DOUGHERTY           NEIL|01:377:320:02|4.79|4.25|4.22|4.31|4.35|4.12|4.21|3.49|4.39|4.26
DOUGHERTY           NEIL|01:377:323:01|4.90|4.68|4.63|4.30|4.10|4.20|4.55|3.94|4.39|4.39
SHARKEY             LINDA|01:377:324:01|4.48|4.61|4.50|4.65|4.39|4.30|4.26|3.70|4.45|4.39
ROSENWASSER         MARIAN|01:377:330:01|4.97|4.97|4.79|4.95|4.92|4.83|4.77|4.10|4.97|4.88
ROSENWASSER         MARIAN|01:377:330:02|4.97|4.97|4.79|4.95|4.92|4.83|4.77|4.10|4.97|4.88
ROSENWASSER         MARIAN|01:377:332:01|5.00|5.00|4.88|5.00|5.00|4.91|4.75|4.70|4.96|4.96|5.00
AOYAGI              KAZUKO|01:377:381:01|4.91|4.64|4.55|4.82|4.73|4.45|4.64|3.82|4.55|4.36
SHARKEY             LINDA|01:377:406:01|4.46|4.55|4.44|4.65|4.74|4.39|4.19|3.90|4.49|4.40
FINKELSTEIN         MYRON|01:377:406:02|4.46|4.55|4.44|4.65|4.74|4.39|4.19|3.90|4.49|4.40
COLLINCINI          G|01:377:406:03|4.46|4.55|4.44|4.65|4.74|4.39|4.19|3.90|4.49|4.40
ARENT               SHAWN|01:377:410:00|4.83|4.82|4.85|4.79|4.60|4.63|4.76|4.72|4.72|4.67|4.50
ARENT               SHAWN|01:377:410:00|4.83|4.82|4.85|4.79|4.60|4.63|4.76|4.72|4.72|4.67
GOLEM               DEVON|01:377:410:01|4.83|4.82|4.85|4.79|4.60|4.63|4.76|4.72|4.72|4.67
GOLEM               DEVON|01:377:410:02|4.83|4.82|4.85|4.79|4.60|4.63|4.76|4.72|4.72|4.67|4.50
JAOUHARI            CYNTHIA|01:377:410:03|4.83|4.82|4.85|4.79|4.60|4.63|4.76|4.72|4.72|4.67
GOLEM               DEVON|01:377:410:04|4.83|4.82|4.85|4.79|4.60|4.63|4.76|4.72|4.72|4.67
JESSOP              TRACI|01:377:410:05|4.83|4.82|4.85|4.79|4.60|4.63|4.76|4.72|4.72|4.67
FINKELSTEIN         MYRON|01:377:412:01|4.17|4.67|4.67|4.83|4.67|4.83|4.00|5.00|4.40|4.60
