COSTANZO            SAMANTHA|01:560:101:01|4.66|4.69|4.78|4.81|4.79|4.62|4.59|4.37|4.68|4.57
COSTANZO            SAMANTHA|01:560:101:02|4.66|4.69|4.78|4.81|4.79|4.62|4.59|4.37|4.68|4.57
GALUZZO             DARIO|01:560:101:03|4.66|4.69|4.78|4.81|4.79|4.62|4.59|4.37|4.68|4.57
GALUZZO             DARIO|01:560:101:04|4.66|4.69|4.78|4.81|4.79|4.62|4.59|4.37|4.68|4.57
METALLO             CLAUDINE|01:560:101:22|4.66|4.69|4.78|4.81|4.79|4.62|4.59|4.37|4.68|4.57
DEBEVOISE           DAVID|01:560:101:23|4.66|4.69|4.78|4.81|4.79|4.62|4.59|4.37|4.68|4.57
BELLOCCHIO          MARIA|01:560:102:02|4.85|4.78|4.81|4.92|4.81|4.68|4.74|4.50|4.73|4.66
SISLER              MARY|01:560:102:04|4.85|4.78|4.81|4.92|4.81|4.68|4.74|4.50|4.73|4.66
RUSNAK              MATTHEW|01:560:102:22|4.85|4.78|4.81|4.92|4.81|4.68|4.74|4.50|4.73|4.66
GALLZZO             DARIO|01:560:124:01|4.45|4.45|4.55|4.64|4.70|4.55|4.27|4.64|4.64|4.45
NICOSIA             ROBERTO|01:560:131:22|4.38|4.08|4.38|4.35|4.42|4.04|4.31|4.60|4.24|4.16|5.00|5.00
GALUZZO             DARIO|01:560:132:01|4.56|4.34|4.66|4.66|4.59|4.22|4.27|4.53|4.48|4.42
MARSH DAVID|01:560:232:01|4.83|4.77|4.85|4.72|4.76|4.82|4.84|4.70|4.78|4.89|5.00
PASCALE             VINCENZO|01:560:250:01|4.11|3.71|3.83|4.32|4.50|3.74|3.47|4.17|3.67|3.74
DEFEO               DANIELE|01:560:305:22|4.94|5.00|4.87|5.00|4.94|4.94|4.94|4.81|4.93|4.93
RAUCCI              FERNANDO|01:560:336:01|4.61|4.39|4.76|4.67|4.79|4.39|4.79|4.17|4.53|4.63
PASCALE             VINCENZO|01:560:339:01|4.43|4.27|4.57|4.47|4.83|4.53|4.47|4.33|4.34|4.46
GAMBAROTA           PAOLA|01:560:351:01|4.85|4.92|4.85|5.00|5.00|5.00|4.77|4.15|5.00|4.69
GAMBAROTA           PAOLA|01:560:382:01|5.00|4.89|4.88|5.00|4.89|4.89|4.89|4.44|4.89|4.78
