STONE               MATTHEW|01:198:105:01|3.64|3.15|3.38|3.85|3.26|2.74|2.69|2.42|2.90|2.77
STEINBERG           LOUIS|01:198:107:00|4.38|4.40|3.98|4.43|4.09|3.95|3.74|2.96|4.13|3.79
CHIRCO              JT|01:198:110:00|4.49|4.32|4.02|4.49|4.49|3.97|3.96|3.05|4.21|3.88
BELOWICH            ALAN|01:198:110:00|4.49|4.32|4.02|4.49|4.49|3.97|3.96|3.05|4.21|3.88
BELOWICH            ALAN|01:198:110:00|4.49|4.32|4.02|4.49|4.49|3.97|3.96|3.05|4.21|3.88
CHIRCO              JT|01:198:110:00|4.49|4.32|4.02|4.49|4.49|3.97|3.96|3.05|4.21|3.88|4.75
RAJAGOPALAN         SANGEETHA|01:198:110:01|4.49|4.32|4.02|4.49|4.49|3.97|3.96|3.05|4.21|3.88
YALAMANCHI          DEEPAK|01:198:110:02|4.49|4.32|4.02|4.49|4.49|3.97|3.96|3.05|4.21|3.88
RAJAGOPALAN         SANGEETHA|01:198:110:05|4.49|4.32|4.02|4.49|4.49|3.97|3.96|3.05|4.21|3.88
YALAMANCHI          DEEPAK|01:198:110:06|4.49|4.32|4.02|4.49|4.49|3.97|3.96|3.05|4.21|3.88
VYAS                NITYA|01:198:110:14|4.49|4.32|4.02|4.49|4.49|3.97|3.96|3.05|4.21|3.88
VYAS                NITYA|01:198:110:15|4.49|4.32|4.02|4.49|4.49|3.97|3.96|3.05|4.21|3.88
BALAKRISHNAN SUBHASHNI|01:198:110:21|4.49|4.32|4.02|4.49|4.49|3.97|3.96|3.05|4.21|3.88
BALAKRISHNAN SUBHASHNI|01:198:110:23|4.49|4.32|4.02|4.49|4.49|3.97|3.96|3.05|4.21|3.88
MAHESHWARI          PRACHEETI|01:198:110:29|4.49|4.32|4.02|4.49|4.49|3.97|3.96|3.05|4.21|3.88
MAHESHWARI          PRACHEETI|01:198:110:34|4.49|4.32|4.02|4.49|4.49|3.97|3.96|3.05|4.21|3.88|4.75
HARI                PRADIP|01:198:111:00|4.81|4.79|4.42|4.74|4.16|4.30|4.47|4.07|4.50|4.17|3.00
HARI                PRADIP|01:198:112:00|4.54|4.39|4.14|4.45|4.28|4.12|4.11|4.32|4.25|4.19|5.00
VENUGOPAL           SESH|01:198:112:00|4.54|4.39|4.14|4.45|4.28|4.12|4.11|4.32|4.25|4.19
TOSO                RODRIGO|01:198:112:01|4.54|4.39|4.14|4.45|4.28|4.12|4.11|4.32|4.25|4.19
VENUGOPAL           SESH|01:198:113:00|4.39|4.34|4.16|4.38|4.45|4.12|4.20|4.32|4.23|4.10
STOUT               KRISTIAN|01:198:170:00|4.71|4.68|4.51|4.75|4.69|4.50|4.62|3.68|4.62|4.57|5.00|5.00|5.00|5.00|5.00|5.00|5.00|5.00|5.00
NAIK                SAUDAMINI|01:198:170:01|4.71|4.68|4.51|4.75|4.69|4.50|4.62|3.68|4.62|4.57
SAIKRISHNAY         KRITHIKA|01:198:170:06|4.71|4.68|4.51|4.75|4.69|4.50|4.62|3.68|4.62|4.57|5.00
NAIK                SAUDAMINI|01:198:170:07|4.71|4.68|4.51|4.75|4.69|4.50|4.62|3.68|4.62|4.57
BHAMIDIPATI         SANDILYA|01:198:170:08|4.71|4.68|4.51|4.75|4.69|4.50|4.62|3.68|4.62|4.57
BHAMIDIPATI         SANDILYA|01:198:170:09|4.71|4.68|4.51|4.75|4.69|4.50|4.62|3.68|4.62|4.57|5.00
KUNCHAKARRA         SRIVATSAV|01:198:170:10|4.71|4.68|4.51|4.75|4.69|4.50|4.62|3.68|4.62|4.57
KUNCHAKARRA         SRIVATSAV|01:198:170:11|4.71|4.68|4.51|4.75|4.69|4.50|4.62|3.68|4.62|4.57|5.00
SAIKRISHNAN         KRITHIKA|01:198:170:14|4.71|4.68|4.51|4.75|4.69|4.50|4.62|3.68|4.62|4.57
INDUKURI            ROHIT|01:198:170:15|4.71|4.68|4.51|4.75|4.69|4.50|4.62|3.68|4.62|4.57
INDUKURI            ROHIT|01:198:170:16|4.71|4.68|4.51|4.75|4.69|4.50|4.62|3.68|4.62|4.57
PANDYA              CHIRAG|01:198:170:17|4.71|4.68|4.51|4.75|4.69|4.50|4.62|3.68|4.62|4.57|5.00|5.00|5.00|5.00|5.00|5.00|5.00
PANDYA              CHIRAG|01:198:170:18|4.71|4.68|4.51|4.75|4.69|4.50|4.62|3.68|4.62|4.57
NEALEN              ANDREW|01:198:195:01|4.92|5.00|5.00|4.92|5.00|4.83|4.83|4.50|4.92|4.83
MINSKY              NAFTALY|01:198:205:01|4.31|4.00|3.63|4.10|4.10|3.57|3.62|3.57|3.73|3.56|5.00
MCCARTY             LT|01:198:205:03|4.31|4.00|3.63|4.10|4.10|3.57|3.62|3.57|3.73|3.56
PAVLOVIC            VLADIMIR|01:198:206:00|4.41|4.04|3.52|4.11|3.88|3.29|3.25|2.73|3.71|3.20
WANG                WEI|01:198:211:01|4.58|4.53|4.49|4.65|3.93|4.16|4.44|4.14|4.42|4.26
MCCARTY             LT|01:198:314:00|4.14|3.71|3.37|3.98|3.84|3.32|3.46|3.39|3.52|3.40
RICHTER             GERARD|01:198:323:01|4.82|4.82|4.41|4.95|4.77|4.14|4.05|3.73|4.64|4.36
ZHOU                SHIYU|01:198:336:01|4.41|4.07|3.79|4.28|4.59|3.66|4.10|4.34|3.83|3.93
GRIGORIADIS         MICHAEL|01:198:344:00|3.54|3.68|3.72|4.08|3.92|3.47|3.76|3.39|3.49|3.50
DEBIASI             SERGIO|01:198:344:01|3.54|3.68|3.72|4.08|3.92|3.47|3.76|3.39|3.49|3.50
YAO                 DANFENG|01:198:352:01|4.41|4.31|3.38|4.21|4.45|3.55|3.79|4.21|3.93|3.67|4.00
KREMER              ULRICH|01:198:415:01|4.50|4.36|4.36|4.50|4.27|4.29|4.29|4.29|4.64|4.57
BIANCHINI           RICARDO|01:198:416:00|4.12|3.99|3.62|4.17|3.72|3.62|4.02|4.02|3.77|3.64
KRZYZANOWSKI        PAUL|01:198:417:01|4.95|4.75|4.60|4.75|4.65|4.55|4.60|4.30|4.75|4.65
MARIAN              AMELIE|01:198:442:01|4.78|4.70|4.30|4.20|4.30|4.20|4.60|4.80|4.50|4.10|4.00
