SIFUENTES           BEN|01:050:101:01|4.83|4.66|4.68|4.77|4.41|4.59|4.49|3.65|4.70|4.53|4.00|4.67|3.33
MARTINEZSANMISUEL   YOLANDA|01:050:240:01|5.00|5.00|5.00|5.00|4.75|5.00|5.00|4.25|5.00|5.00
CHADWICK            BRUCE|01:050:300:00|4.74|4.79|4.73|4.85|4.69|4.56|4.54|3.97|4.66|4.57
ISAAC               ALLAN|01:050:300:02|4.74|4.79|4.73|4.85|4.69|4.56|4.54|3.97|4.66|4.57
BACKES              MATTHEW|01:050:300:03|4.74|4.79|4.73|4.85|4.69|4.56|4.54|3.97|4.66|4.57
ROCKLAND            MICHAEL|01:050:301:01|4.50|4.63|4.77|4.72|4.63|4.37|4.39|3.96|4.45|4.42
NIGRIN              AL|01:050:301:03|4.50|4.63|4.77|4.72|4.63|4.37|4.39|3.96|4.45|4.42|4.33|4.00|3.00|5.00|5.00|5.00
FERGUSON            MATTHEW|01:050:304:01|4.73|4.66|4.51|4.66|4.23|4.31|4.26|3.66|4.45|4.36|5.00|1.00|5.00|5.00
YANNI               CARLA|01:050:309:01|4.90|4.90|4.70|4.56|4.40|4.30|4.70|3.60|4.80|4.80
ROCKLAND            MICHAEL|01:050:331:01|4.31|4.69|4.79|4.79|4.46|4.14|4.24|4.07|4.28|4.31
SHANDLER            JEFFERY|01:050:336:01|4.80|4.00|3.75|4.60|2.60|3.60|2.75|2.60|4.20|3.80
BARNETT             LOUISE|01:050:376:01|4.19|3.75|3.88|4.25|3.56|3.69|3.94|3.56|3.80|3.80|3.00|2.00|3.00|3.00|4.00|4.00
FISHBEIN            LESLIE|01:050:389:01|4.81|4.52|4.14|4.55|4.48|4.00|4.00|3.48|4.45|3.85|3.80|4.60|4.00
BARNETT             LOUISE|01:050:389:02|4.81|4.52|4.14|4.55|4.48|4.00|4.00|3.48|4.45|3.85
BACKES              MATTHEW|01:050:487:01|5.00|5.00|5.00|5.00|5.00|5.00|5.00|5.00|5.00|5.00|5.00|5.00|5.00|5.00|5.00|5.00
