GOLDSTEIN           DANIEL|01:070:101:00|4.64|4.55|4.52|4.58|4.59|4.40|4.42|3.87|4.51|4.45
DILLON              MAHONEY|01:070:101:05|4.64|4.55|4.52|4.58|4.59|4.40|4.42|3.87|4.51|4.45
DETERME             SIMONE|01:070:101:06|4.64|4.55|4.52|4.58|4.59|4.40|4.42|3.87|4.51|4.45
SARASIJ             MAJUMDER|01:070:101:08|4.64|4.55|4.52|4.58|4.59|4.40|4.42|3.87|4.51|4.45|4.40
SCOTT               ROBERT|01:070:102:00|4.12|4.09|3.90|4.22|4.10|3.69|3.77|3.32|3.79|3.58|4.33
WEIS                PAMELA|01:070:102:01|4.12|4.09|3.90|4.22|4.10|3.69|3.77|3.32|3.79|3.58
WEIS                PAMELA|01:070:102:02|4.12|4.09|3.90|4.22|4.10|3.69|3.77|3.32|3.79|3.58
WEIS                PAMELA|01:070:102:03|4.12|4.09|3.90|4.22|4.10|3.69|3.77|3.32|3.79|3.58|4.33|5.00|5.00
DEAGVIER            ROLANDO|01:070:102:04|4.12|4.09|3.90|4.22|4.10|3.69|3.77|3.32|3.79|3.58
DEAGVIAR            ROLANDO|01:070:102:05|4.12|4.09|3.90|4.22|4.10|3.69|3.77|3.32|3.79|3.58
WASIEKIEWSKI        HELEN|01:070:102:08|4.12|4.09|3.90|4.22|4.10|3.69|3.77|3.32|3.79|3.58
REU                 TOBIAS|01:070:108:00|4.39|4.33|4.18|4.69|4.63|4.14|4.14|3.45|4.33|4.15
VEKSLEY             INGA|01:070:108:01|4.39|4.33|4.18|4.69|4.63|4.14|4.14|3.45|4.33|4.15
SHUR                MARC|01:070:204:01|4.57|4.40|4.37|4.04|3.65|3.89|4.12|3.58|4.01|4.02|5.00
PALOMBIT            RYNE|01:070:212:01|4.89|4.97|4.93|4.97|4.75|4.76|4.79|3.86|5.00|4.79|4.17|4.28|4.69|2.90|4.45|4.19|3.67|3.00|3.85
CACHEL              SUSAN|01:070:215:01|4.42|4.31|3.85|4.42|4.42|3.38|3.81|3.58|3.92|3.78
OBRIEN              ROBERT|01:070:250:01|4.73|4.93|4.93|4.97|4.86|4.79|4.90|4.59|4.87|4.87
HUGHES              DAVID|01:070:302:01|4.42|4.26|4.21|4.42|4.05|4.05|4.00|3.90|4.00|3.84
HAUGERUD            ANGELIQUE|01:070:303:01|4.81|4.30|4.48|4.37|4.37|4.26|4.46|3.74|4.41|4.41
SHUR                MARC|01:070:310:01|4.70|4.34|4.34|4.33|3.68|3.79|4.21|4.14|4.07|3.93
REU                 TOBIAS|01:070:312:01|4.06|3.69|3.63|4.50|4.63|3.44|3.44|3.07|3.75|3.63
OBRIEN              ROBERT|01:070:317:01|4.31|4.85|4.92|4.85|4.85|4.75|4.83|4.62|4.83|4.50
SCHRIRE             CARMEL|01:070:330:01|4.87|4.53|4.93|4.33|4.73|4.47|4.93|4.13|4.67|4.80
HAUGERUD            ANGELIQUE|01:070:338:01|4.52|4.28|4.44|4.32|4.12|4.24|4.48|3.84|4.28|4.38|5.00|5.00|5.00|5.00|5.00|5.00|5.00|5.00|5.00
CACHEL              SUSAN|01:070:350:01|4.00|4.20|3.95|4.40|4.55|3.60|3.80|4.55|3.80|3.75
REU                 TOBIAS|01:070:371:01|3.94|4.00|3.81|4.47|4.65|3.63|3.75|3.63|3.56|3.88
HEGBURG             KRISTA|01:070:372:01|4.54|4.92|4.69|5.00|4.67|4.83|4.54|4.23|4.75|4.46
SEN                 DEBARATI|01:070:374:01|4.68|4.74|4.42|4.68|4.63|4.47|4.39|3.68|4.68|4.42
HEGBURG             KRISTA|01:070:376:01|4.23|4.38|4.17|4.62|4.15|3.92|3.92|4.38|4.33|4.15
HEGBURG             KRISTA|01:070:380:01|4.47|4.67|4.40|4.93|4.45|4.27|4.33|3.87|4.53|4.27
BLUMENSCHINE        ROBERT|01:070:392:01|4.72|4.87|4.70|4.90|4.77|4.73|4.77|4.50|4.76|4.76
WOODHOUSEBEYER      KATHERI|01:070:393:01|4.77|4.91|4.68|4.86|4.91|4.67|4.82|4.39|4.71|4.65
SCHRIRE             CARMEL|01:070:426:01|4.67|4.33|4.79|4.27|4.73|4.40|4.73|3.86|4.64|4.60|5.00
