KUHN                KEN|01:470:101:01|4.65|4.61|4.71|4.57|4.69|4.46|4.52|4.31|4.58|4.43|4.32|4.55|3.98|3.91
KUHN                KEN|01:470:101:02|4.65|4.61|4.71|4.57|4.69|4.46|4.52|4.31|4.58|4.43|4.32|4.55|3.98|3.91
NAYAR               PUSHPA|01:470:101:03|4.65|4.61|4.71|4.57|4.69|4.46|4.52|4.31|4.58|4.43|4.32|4.55|3.98|3.91
BOGHOSSIAN          ANNELIESE|01:470:102:03|4.91|4.81|4.91|4.97|4.97|4.88|4.91|4.78|4.88|4.88|4.75|4.74|4.77|4.61
BOGHOSSIAN          ANNELIESE|01:470:132:01|4.96|4.89|4.81|4.93|4.85|4.85|4.81|4.93|4.93|4.78|4.88|4.79|4.75|4.88
GLOWACKI            DORIS|01:470:132:02|4.96|4.89|4.81|4.93|4.85|4.85|4.81|4.93|4.93|4.78|4.88|4.79|4.75|4.88
CLARK CHRISTOPHER|01:470:232:02|4.62|4.72|4.69|4.73|4.65|4.31|4.46|4.62|4.54|4.42|4.71|3.39|4.80|4.60
LEVINE              MICHAEL|01:470:373:01|4.67|4.33|4.50|4.67|4.67|4.20|4.17|3.33|4.33|4.33|4.50|3.00|4.33|3.83
GOETSCHEL           WILLI|01:470:388:01|5.00|4.60|4.00|4.60|4.00|3.80|4.40|3.80|4.20|4.20|4.40|5.00|2.20|3.00|3.00
LEVINE              MICHAEL|01:470:390:01|4.64|4.55|4.73|4.73|4.67|4.36|4.36|4.36|4.45|4.50|4.44|3.33|3.75|3.75
CLARK CHRISTOPHER|01:470:392:01|4.77|4.69|4.85|4.54|4.62|4.31|4.08|4.14|4.46|4.38|4.31|2.38|4.31|4.25
