Lawrence Sheila|01:960:211:01|4.34|4.27|4.02|4.48|4.45|3.86|3.81|3.20|4.00|3.96
Singh Kesar|01:960:211:02|4.34|4.27|4.02|4.48|4.45|3.86|3.81|3.20|4.00|3.96
DONG Hei Ki|01:960:211:03|4.34|4.27|4.02|4.48|4.45|3.86|3.81|3.20|4.00|3.96
Tyler David|01:960:212:01|4.18|3.68|3.41|3.82|4.36|3.45|3.59|3.64|3.41|3.45
Moondra Shyam|01:960:285:01|3.99|3.83|3.62|3.93|3.96|3.62|3.65|3.10|3.68|3.65
Srinivasan Suryakala|01:960:285:03|3.99|3.83|3.62|3.93|3.96|3.62|3.65|3.10|3.68|3.65
Lawrence Sheila|01:960:285:04|3.99|3.83|3.62|3.93|3.96|3.62|3.65|3.10|3.68|3.65
Popel George|01:960:285:05|3.99|3.83|3.62|3.93|3.96|3.62|3.65|3.10|3.68|3.65
Moondra Shyam|01:960:379:01|4.19|3.64|3.49|3.92|3.94|3.48|3.53|3.02|3.63|3.50
Zhang Tong|01:960:379:02|4.19|3.64|3.49|3.92|3.94|3.48|3.53|3.02|3.63|3.50
Tan Zhiqiang|01:960:381:01|4.38|3.96|3.67|3.88|4.21|3.61|3.83|4.08|3.92|3.83
Strawderman William|01:960:384:01|4.13|4.20|3.80|4.20|4.14|3.93|3.73|4.13|3.80|3.80
Sun Tingni|01:960:390:02|4.32|4.12|3.59|4.03|4.25|3.70|4.12|3.65|3.79|3.88
Singh Kesar|01:960:401:01|4.30|4.26|3.96|4.35|4.21|3.95|3.95|3.06|4.11|4.01
Naus Joseph|01:960:401:03|4.30|4.26|3.96|4.35|4.21|3.95|3.95|3.06|4.11|4.01
Miniere Michael|01:960:401:04|4.30|4.26|3.96|4.35|4.21|3.95|3.95|3.06|4.11|4.01
Lakshminaryanan  Mani|01:960:463:01|3.57|3.54|3.41|3.78|3.73|2.73|2.81|3.38|3.08|3.00
Strawderman William|01:960:484:01|4.67|4.67|4.53|4.60|4.36|4.53|4.60|4.64|4.47|4.60
Mardekian Jack|01:960:486:01|4.21|4.24|3.76|4.45|4.32|3.61|3.71|3.50|3.89|3.74
