HAGHANI             FAKHROLMOL|01:685:202:01|4.58|4.33|3.73|4.75|4.83|3.42|4.08|3.83|3.67|3.75
VALENTI             PETER|01:685:300:01|4.85|4.68|4.77|4.80|4.19|4.52|4.74|4.23|4.82|4.78
JONES               TOBY|01:685:305:01|4.80|4.84|4.82|4.88|4.54|4.64|4.86|4.33|4.64|4.78
PAVLIN              JAMES|01:685:325:01|5.00|4.83|4.80|5.00|4.83|4.83|5.00|4.83|5.00|4.67
ZAMANI              AMIR|01:685:326:01|4.00|4.36|4.08|4.00|4.00|3.25|4.31|4.54|3.55|3.85
MOJADDEDI           JAWID|01:685:326:02|4.00|4.36|4.08|4.00|4.00|3.25|4.31|4.54|3.55|3.85
HAGHANI             FAKHROLMOL|01:685:336:01|4.26|4.16|3.42|4.05|4.22|3.58|4.11|3.94|3.95|3.94|3.50|3.50|4.00|3.50|3.00|3.00|3.00|3.00|3.00
ABDELJABER          HAMID|01:685:346:01|4.80|4.80|4.80|4.80|4.65|4.75|4.75|4.16|4.75|4.84|4.58
HAGHANI             FAKHROLMOL|01:685:350:01|3.38|3.30|3.41|3.75|4.18|3.00|3.14|4.07|3.09|2.77
BASHI               GOLBARG|01:685:350:02|3.38|3.30|3.41|3.75|4.18|3.00|3.14|4.07|3.09|2.77
GOLDEN              P|01:685:395:01|4.90|4.91|4.91|5.00|4.91|4.18|4.64|3.90|4.64|4.55
BASHI               GOLDBARG|01:685:447:01|4.20|4.30|4.20|4.00|3.80|4.20|4.30|3.80|4.10|4.10|5.00|5.00|5.00|5.00|5.00|5.00|5.00|5.00|5.00
ABDELJABER          HAMID|01:685:496:01|4.74|4.78|4.73|4.96|4.83|4.52|4.70|4.64|4.77|4.64
BASHI               GOLDBARG|01:685:499:02|4.75|4.67|4.58|4.50|4.91|4.33|4.83|4.17|4.67|4.50|5.00|5.00|5.00|5.00|5.00|5.00|5.00|5.00|5.00
