KAPLOWITZ           SUSAN|01:377:140:01|4.63|4.56|4.59|4.67|4.54|4.46|4.46|4.57|4.45|4.40|4.67|4.67|4.50|4.50|4.50|5.00|5.00
KAPLOWITZ           SUSAN|01:377:140:02|4.63|4.56|4.59|4.67|4.54|4.46|4.46|4.57|4.45|4.40|4.67|4.67|4.50|4.50|4.50
HUNT                JOANNE|01:377:140:03|4.63|4.56|4.59|4.67|4.54|4.46|4.46|4.57|4.45|4.40
HUNT                JOANNE|01:377:140:04|4.63|4.56|4.59|4.67|4.54|4.46|4.46|4.57|4.45|4.40
GLADIS              KATHLEEN|01:377:180:01|5.00|4.87|4.94|4.94|4.87|4.87|4.84|4.52|4.90|4.87
GLADIS              KATHLEEN|01:377:191:02|4.96|4.92|4.86|4.86|4.80|4.84|4.75|4.27|4.79|4.84
BYRD                MIKYLE|01:377:213:00|4.89|4.92|4.82|4.92|4.75|4.69|4.85|4.71|4.79|4.82
DIVINE              ADAM|01:377:213:01|4.89|4.92|4.82|4.92|4.75|4.69|4.85|4.71|4.79|4.82
DIVINE              ADAM|01:377:213:02|4.89|4.92|4.82|4.92|4.75|4.69|4.85|4.71|4.79|4.82
DIVINE              ADAM|01:377:213:03|4.89|4.92|4.82|4.92|4.75|4.69|4.85|4.71|4.79|4.82
BYRD                MIKYLE|01:377:213:04|4.89|4.92|4.82|4.92|4.75|4.69|4.85|4.71|4.79|4.82
BYRD                MIKYLE|01:377:213:05|4.89|4.92|4.82|4.92|4.75|4.69|4.85|4.71|4.79|4.82
DIVINE              ADAM|01:377:213:06|4.89|4.92|4.82|4.92|4.75|4.69|4.85|4.71|4.79|4.82
DIVINE              ADAM|01:377:213:07|4.89|4.92|4.82|4.92|4.75|4.69|4.85|4.71|4.79|4.82|5.00
JAOUHARI            CYNTHIA|01:377:225:01|4.56|4.68|4.72|4.76|4.40|4.48|4.28|4.42|4.72|4.68
LAWRENCE            SHEILA|01:377:275:01|4.78|4.66|4.17|4.83|4.69|4.44|4.33|3.14|4.49|4.32|4.00|4.00
FEIGLEY             DAVID|01:377:275:02|4.78|4.66|4.17|4.83|4.69|4.44|4.33|3.14|4.49|4.32
DOEMLAND            JULIA|01:377:301:01|4.78|4.63|4.48|4.65|4.56|4.38|4.38|4.08|4.45|4.38|5.00
DANDREA             CHRIS|01:377:303:01|4.61|4.68|4.46|4.81|4.75|4.26|4.19|4.29|4.49|4.34
KAPLOWITZ           SUSAN|01:377:304:01|4.07|4.13|4.00|4.17|3.61|3.90|4.10|3.50|3.86|3.87
DOEMLAND            JULIA|01:377:305:01|4.56|4.42|4.18|4.33|4.34|4.18|4.24|3.82|4.20|4.12|5.00
DOEMLAND            JULIA|01:377:305:02|4.56|4.42|4.18|4.33|4.34|4.18|4.24|3.82|4.20|4.12
COLLINCINI          GERALD|01:377:306:01|4.75|4.69|4.44|4.69|4.63|4.50|4.25|4.06|4.56|4.50
KAPLOWITZ           SUSAN|01:377:310:01|4.07|4.10|3.97|4.41|4.25|3.88|3.88|3.81|3.81|3.87
FINKELSTEIN         MYRON|01:377:311:01|4.65|4.77|4.81|4.96|4.88|4.65|4.77|4.54|4.73|4.85|5.00|5.00|5.00|5.00|5.00|5.00|5.00|5.00|5.00
SHARKEY             LINDA|01:377:312:01|4.87|4.80|4.53|4.93|4.60|4.33|4.13|3.67|4.53|4.40
ROSENWASSER         MARIAN|01:377:317:01|5.00|5.00|4.93|5.00|4.95|4.87|4.86|4.18|4.93|4.95
ROSENWASSER         MARIAN|01:377:317:02|5.00|5.00|4.93|5.00|4.95|4.87|4.86|4.18|4.93|4.95
DOUGHERTY           NEIL|01:377:320:02|4.75|4.42|4.53|4.61|3.85|4.20|4.42|3.95|4.44|4.33|3.00
DOUGHERTY           NEIL|01:377:323:01|4.76|4.44|4.56|4.20|4.00|4.23|4.49|4.02|4.36|4.36
DOUGHERTY           NEIL|01:377:323:02|4.76|4.44|4.56|4.20|4.00|4.23|4.49|4.02|4.36|4.36|3.00|4.00|3.00|3.00|2.00
SHARKEY             LINDA|01:377:324:01|4.24|4.41|4.48|4.59|4.59|3.93|4.14|3.79|4.31|4.03
ROSENWASSER         MARIAN|01:377:331:01|5.00|5.00|5.00|5.00|4.97|4.95|4.82|4.16|5.00|5.00
ROSENWASSER         MARIAN|01:377:331:02|5.00|5.00|5.00|5.00|4.97|4.95|4.82|4.16|5.00|5.00
ADAMSKI             MICHELE|01:377:346:01|4.71|4.79|4.70|4.92|4.63|4.75|4.83|4.54|4.71|4.67
MANFREDONIA         EMIL|01:377:350:01|4.81|4.81|4.55|4.84|4.77|4.52|4.61|4.53|4.71|4.63|5.00
ARENT SHAWN|01:377:370:01|4.84|4.87|4.87|4.77|4.67|4.69|4.81|4.64|4.82|4.81
PELLEGRINO          JOSEPH|01:377:371:01|4.36|4.51|4.49|4.67|4.28|4.24|4.40|4.59|4.40|4.35
PELLEGRINO          JOSEP|01:377:371:02|4.36|4.51|4.49|4.67|4.28|4.24|4.40|4.59|4.40|4.35
AWAD                LOU|01:377:371:03|4.36|4.51|4.49|4.67|4.28|4.24|4.40|4.59|4.40|4.35
AWAD                LOUIS|01:377:371:04|4.36|4.51|4.49|4.67|4.28|4.24|4.40|4.59|4.40|4.35
JESSOP              TRACI|01:377:371:05|4.36|4.51|4.49|4.67|4.28|4.24|4.40|4.59|4.40|4.35
JESSOP              TRACI|01:377:371:06|4.36|4.51|4.49|4.67|4.28|4.24|4.40|4.59|4.40|4.35
FINKELSTEIN         MYRON|01:377:406:02|4.71|4.78|4.54|4.81|4.81|4.48|4.35|3.90|4.61|4.55
COLLINCINI          GERALD|01:377:406:03|4.71|4.78|4.54|4.81|4.81|4.48|4.35|3.90|4.61|4.55
FINKELSTEIN         MYRON|01:377:412:01|5.00|5.00|5.00|5.00|5.00|5.00|4.67|4.67|5.00|5.00
SADLEY              CAROL|01:377:496:01|5.00|5.00|5.00|5.00|4.94|5.00|5.00|4.35|5.00|5.00
