BRILL               GARY|01:830:101:03|4.83|4.69|4.68|4.76|4.64|4.53|4.51|4.01|4.65|4.55
Brill Gary|01:830:101:04|4.75|4.48|4.51|4.59|4.50|4.40|4.45|3.77|4.44|4.37
BRILL               GARY|01:830:101:06|4.83|4.69|4.68|4.76|4.64|4.53|4.51|4.01|4.65|4.55|4.91|5.00|5.00|4.80|4.80|4.80|4.80|5.00|5.00
MAYHEW              ESTELLE|01:830:101:07|4.83|4.69|4.68|4.76|4.64|4.53|4.51|4.01|4.65|4.55|4.91|5.00|5.00|4.80|4.80|4.80|4.80|5.00|5.00
HAMILTON            LEONARD|01:830:101:08|4.83|4.69|4.68|4.76|4.64|4.53|4.51|4.01|4.65|4.55|4.91
HAMILTON            LEONARD|01:830:101:09|4.83|4.69|4.68|4.76|4.64|4.53|4.51|4.01|4.65|4.55|4.91|5.00|5.00|4.80|4.80|4.80|4.80|5.00|5.00
JACOBS              LAWRENCE|01:830:101:15|4.83|4.69|4.68|4.76|4.64|4.53|4.51|4.01|4.65|4.55|4.91|5.00|5.00|4.80|4.80|4.80|4.80|5.00|5.00
ACKROFF             JOHN|01:830:200:00|4.72|4.48|4.19|4.44|4.51|4.25|4.32|2.93|4.41|4.11|4.40|4.50|4.33|4.33|4.33|4.33|5.00|5.00|5.00
GLUSLAKOW           JASON|01:830:200:11|4.72|4.48|4.19|4.44|4.51|4.25|4.32|2.93|4.41|4.11|4.40
LEYTON              MICHAEL|01:830:201:02|4.97|4.80|4.79|4.90|4.75|4.73|4.65|3.98|4.82|4.77|5.00
ACKROFF             JOHN|01:830:300:02|3.72|2.96|3.19|3.19|3.20|2.85|3.04|3.27|3.08|3.20
TORRES              E|01:830:301:01|4.51|4.31|4.18|4.51|4.51|4.00|4.02|3.69|4.20|4.13|5.00|5.00|5.00|5.00|5.00|5.00|5.00|5.00
AITKIN              CORDELIA|01:830:301:02|4.51|4.31|4.18|4.51|4.51|4.00|4.02|3.69|4.20|4.13
YAN                 GRACE|01:830:302:01|4.71|4.53|4.31|4.56|4.55|4.23|4.14|3.81|4.50|4.37
ZHUAHG              XIAOHUA|01:830:302:04|4.71|4.53|4.31|4.56|4.55|4.23|4.14|3.81|4.50|4.37
INGATE              M|01:830:305:03|4.49|4.19|4.04|4.21|4.04|3.74|3.89|3.51|4.00|3.86|4.80|4.67|4.67|4.67|4.67|4.67|4.67|5.00|5.00
Ingate Margaret|01:830:305:08|4.72|4.65|4.19|4.62|4.36|4.14|4.29|3.65|4.33|4.19
MAYHEW              E|01:830:305:09|4.49|4.19|4.04|4.21|4.04|3.74|3.89|3.51|4.00|3.86
ACKROFF             JOHN|01:830:305:10|4.49|4.19|4.04|4.21|4.04|3.74|3.89|3.51|4.00|3.86|4.80|4.67|4.67|4.67|4.67|4.67|4.67|5.00|5.00
KUSNECOV ALEXANDER|01:830:310:01|4.80|4.61|4.61|4.59|4.43|4.38|4.56|4.43|4.50|4.52
ROVEECOLLIER        CAROLYN|01:830:311:01|4.35|4.37|4.23|4.44|4.44|4.05|4.12|3.41|4.22|4.12
TOMIE               A|01:830:311:02|4.35|4.37|4.23|4.44|4.44|4.05|4.12|3.41|4.22|4.12|4.00|4.00
MATZEL              L|01:830:311:03|4.35|4.37|4.23|4.44|4.44|4.05|4.12|3.41|4.22|4.12
MATZEL|01:830:311:71|4.35|4.37|4.23|4.44|4.44|4.05|4.12|3.41|4.22|4.12
KUSNECOV ALEXANDER|01:830:313:01|4.56|3.93|4.15|4.28|3.98|3.89|4.15|3.93|4.17|3.96
KILIANSKI           S|01:830:321:02|4.59|4.24|4.36|4.25|4.31|4.15|4.28|4.12|4.25|4.25|5.00|5.00|5.00|5.00|5.00|5.00|5.00|5.00|5.00
JUSSIM              LEE|01:830:321:03|4.59|4.24|4.36|4.25|4.31|4.15|4.28|4.12|4.25|4.25|5.00|5.00
Jussim|01:830:321:04|4.45|4.13|4.41|4.20|4.23|4.13|4.09|3.89|3.98|4.02
KILIANSKI           STEVE|01:830:321:08|4.59|4.24|4.36|4.25|4.31|4.15|4.28|4.12|4.25|4.25|5.00|5.00|5.00|5.00|5.00|5.00|5.00|5.00
CARPENTER           K|01:830:331:02|4.24|4.14|4.03|4.28|4.25|3.82|3.94|3.90|3.94|3.99
JHUDSON|01:830:331:05|4.24|4.14|4.03|4.28|4.25|3.82|3.94|3.90|3.94|3.99|4.00|5.00|5.00|5.00|5.00|5.00
MAYHEW              E|01:830:331:10|4.24|4.14|4.03|4.28|4.25|3.82|3.94|3.90|3.94|3.99|4.00|1.00|5.00
ROVEECOLLIER|01:830:331:71|4.24|4.14|4.03|4.28|4.25|3.82|3.94|3.90|3.94|3.99
EDWARDSWILSON       RUNAE|01:830:333:01|3.50|3.79|3.53|4.07|4.17|3.32|3.30|3.68|3.42|3.43
DICKSON             LINNEA|01:830:333:02|3.50|3.79|3.53|4.07|4.17|3.32|3.30|3.68|3.42|3.43|5.00|5.00|5.00|5.00|4.00
EDWARDSWILSON       RUNAE|01:830:333:05|3.50|3.79|3.53|4.07|4.17|3.32|3.30|3.68|3.42|3.43|4.00
SHORS TRACEY|01:830:340:01|4.43|4.40|4.44|4.55|4.50|4.17|4.26|4.23|4.24|4.27|4.75
TAYLOR              L|01:830:340:06|4.43|4.40|4.44|4.55|4.50|4.17|4.26|4.23|4.24|4.27|4.75|5.00
CILENTE             J|01:830:340:07|4.43|4.40|4.44|4.55|4.50|4.17|4.26|4.23|4.24|4.27|4.75|5.00|5.00|5.00|5.00|5.00|5.00
MCKENNA             S|01:830:346:01|4.16|4.48|4.42|4.64|4.58|4.14|4.31|4.29|4.25|4.31|5.00
WAGNER|01:830:363:01|4.69|4.72|4.75|4.72|4.64|4.50|4.83|4.67|4.64|4.75|5.00
INGATE|01:830:373:01|4.71|4.51|4.06|4.48|4.17|4.10|3.99|3.21|4.24|4.03|5.00|5.00
CONTRADA            R|01:830:377:02|4.94|4.84|4.74|4.90|4.84|4.54|4.59|4.13|4.69|4.60|4.33|2.61|1.85|2.25|2.68|3.52|4.00|4.00
KRAMER              D|01:830:393:02|4.64|4.88|4.75|4.91|4.69|4.63|4.66|4.41|4.78|4.69
KOWAL               S|01:830:394:02|4.03|4.39|4.22|4.54|4.58|3.92|3.85|3.80|4.00|3.92
HARRIS              S|01:830:396:04|4.83|4.72|4.52|4.71|4.44|4.49|4.67|4.49|4.58|4.66
HUDSON              J|01:830:396:07|4.83|4.72|4.52|4.71|4.44|4.49|4.67|4.49|4.58|4.66
ELIAS               M|01:830:397:03|5.00|5.00|4.92|5.00|4.92|4.92|4.77|4.77|5.00|4.73
HARRIS              S|01:830:397:04|5.00|5.00|4.92|5.00|4.92|4.92|4.77|4.77|5.00|4.73
ELIAS               M|01:830:398:01|4.75|4.92|4.75|5.00|4.90|4.75|4.58|4.50|4.83|4.67
KARLIN|01:830:400:01|4.31|4.63|4.06|4.75|4.81|4.13|4.47|4.19|4.31|4.38|5.00|5.00|5.00
LEYTON              M|01:830:401:01|4.78|4.78|4.73|4.88|4.74|4.61|4.43|4.18|4.66|4.45
GLASS               A|01:830:401:71|4.78|4.78|4.73|4.88|4.74|4.61|4.43|4.18|4.66|4.45|5.00|5.00|5.00|5.00|5.00|5.00|5.00|5.00|5.00
SCHUSTER            M|01:830:421:01|3.87|4.29|4.71|4.32|4.47|4.34|4.42|3.66|4.31|4.57
KRAMER              D|01:830:431:02|5.00|5.00|5.00|5.00|5.00|5.00|5.00|5.00|5.00|4.91|5.00
WILDER              D|01:830:470:71|4.75|5.00|5.00|5.00|5.00|4.50|4.88|4.38|4.88|4.71
ELIAS               M|01:830:494:01|4.92|5.00|4.85|4.92|4.75|4.92|4.92|4.75|4.92|4.92|5.00
