MOSHENBERG          ORLY|01:563:101:01|4.93|4.93|4.89|4.86|4.82|4.75|4.93|4.52|4.85|4.80
LEVY                LILY|01:563:101:02|4.93|4.93|4.89|4.86|4.82|4.75|4.93|4.52|4.85|4.80
MOSHENBERG          ORLY|01:563:102:01|5.00|4.78|4.88|5.00|5.00|4.88|5.00|4.67|4.89|4.89
PORTNOY             EDWARD|01:563:103:01|4.14|4.57|5.00|4.71|4.86|4.71|4.86|4.43|4.29|4.29
BRYNNOIMAN          EDNA|01:563:121:01|4.50|3.83|4.64|3.92|4.33|4.08|4.17|4.67|4.25|4.27
LEVY                LILY|01:563:131:01|4.93|4.93|4.79|4.93|4.92|4.79|4.64|4.64|4.86|4.86
RENDSBURG           GARY|01:563:141:01|4.88|4.88|4.63|5.00|5.00|4.50|4.63|4.75|4.88|4.88
RENDSBURG           GARY|01:563:201:01|4.73|4.67|4.42|4.55|4.05|4.05|4.37|3.79|4.40|4.27|3.50
BRYNNOIMAN          EDNA|01:563:210:01|4.00|3.83|3.92|4.00|3.67|3.67|3.91|4.36|3.75|3.75
WALLACE             GREGORY|01:563:220:01|5.00|5.00|5.00|5.00|5.00|5.00|5.00|4.00|5.00|5.00
PORTNOY             EDWARD|01:563:243:01|4.91|4.91|4.73|4.82|4.73|4.45|4.36|4.09|4.82|4.73
REDL                NINA|01:563:311:01|4.78|4.67|4.44|4.78|4.56|4.33|4.56|3.78|4.56|4.33
YADIN               AZZAN|01:563:341:01|5.00|5.00|4.67|5.00|4.33|4.33|4.67|4.67|4.50|4.50
PELEG|01:563:352:01|4.59|4.64|4.59|4.64|4.68|4.50|4.45|4.45|4.52|4.57
SHANDLER J|01:563:366:01|4.88|4.56|4.75|4.50|3.47|4.31|4.44|4.31|4.31|4.31
LANG                ARIELLA|01:563:394:01|4.59|4.68|4.27|4.64|4.48|4.05|4.29|4.14|4.41|4.24
REDL                NINA|01:563:394:02|4.59|4.68|4.27|4.64|4.48|4.05|4.29|4.14|4.41|4.24
PELEG|01:563:397:01|4.46|4.51|4.02|4.66|4.22|3.81|3.92|4.10|4.12|4.00
KLIGMAN             MARK|01:563:397:02|4.46|4.51|4.02|4.66|4.22|3.81|3.92|4.10|4.12|4.00
BRYNNOIMAN          EDNA|01:563:472:01|5.00|5.00|5.00|5.00|5.00|5.00|4.67|4.67|5.00|5.00
