JONES               J|01:510:101:00|4.81|4.54|4.46|4.60|4.53|4.28|4.38|4.02|4.54|4.40|4.47|4.68|3.00
KELLY               SAMANTHA|01:510:101:01|4.81|4.54|4.46|4.60|4.53|4.28|4.38|4.02|4.54|4.40|4.47|4.68
KELLY               SAMANTHA|01:510:101:02|4.81|4.54|4.46|4.60|4.53|4.28|4.38|4.02|4.54|4.40
KELLY               PINYAN|01:510:101:03|4.81|4.54|4.46|4.60|4.53|4.28|4.38|4.02|4.54|4.40|4.47|4.68
KELLY               DANSEREAU|01:510:101:04|4.81|4.54|4.46|4.60|4.53|4.28|4.38|4.02|4.54|4.40|4.47|4.68|5.00
KELLY               DANSEREAU|01:510:101:05|4.81|4.54|4.46|4.60|4.53|4.28|4.38|4.02|4.54|4.40|4.47|4.68|5.00|5.00|5.00|5.00|5.00|5.00|3.00
DAVIS               BELINDA|01:510:102:01|4.06|4.10|3.51|4.10|4.18|3.59|3.49|3.90|3.67|3.64|4.11|3.67
KAPLAN              TEEMA|01:510:102:02|4.06|4.10|3.51|4.10|4.18|3.59|3.49|3.90|3.67|3.64
DIBATTISTA          ANTHONY|01:510:209:01|4.92|4.96|4.96|5.00|4.52|4.79|4.84|4.48|4.95|4.88|5.00
MORRISON            KARL|01:510:214:01|4.56|4.33|4.33|4.41|3.82|3.89|4.24|4.06|4.06|4.06
KOVEN               SETH|01:510:224:01|4.64|4.50|4.64|4.92|4.69|4.43|4.71|3.86|4.42|4.62
BELLANY             ALASTAIR|01:510:245:00|4.95|4.86|4.86|4.89|4.63|4.64|4.80|4.26|4.87|4.81|5.00
HANEBRINK           PAUL|01:510:261:01|4.91|4.70|4.70|4.77|4.22|4.44|4.74|4.69|4.60|4.69
FIGUEIRA            THOMAS|01:510:300:01|4.70|4.73|4.28|4.76|4.57|4.28|4.37|3.87|4.37|4.34
TAKACS              SAROLTA|01:510:306:01|4.43|4.34|4.29|4.58|4.25|4.14|4.25|4.21|4.27|4.17|4.50|4.33|5.00|5.00|5.00|5.00|5.00|5.00|5.00
KELLY               SAMANTHA|01:510:317:01|4.89|5.00|4.94|4.94|4.89|4.94|4.89|4.22|4.95|4.95
FEINBERG            MELISSA|01:510:327:01|4.71|4.14|4.17|4.15|3.86|4.00|3.95|4.02|4.10|4.05|4.00
BELLANY             ALASTAIR|01:510:342:01|4.92|4.92|4.73|4.92|4.68|4.77|4.73|4.23|4.81|4.68
BELL                RUDOLPH|01:510:354:01|4.59|4.69|4.66|4.83|4.76|4.45|4.48|4.10|4.68|4.59|5.00|5.00|5.00
HANEBRINK           PAUL|01:510:381:01|5.00|4.68|4.55|4.86|4.59|4.55|4.73|4.36|4.62|4.67
