SZEJNER             ROBERT|01:202:201:01|4.59|4.58|4.55|4.70|4.64|4.32|4.47|4.13|4.47|4.48|5.00
PAITAKES            JOHN|01:202:201:02|4.59|4.58|4.55|4.70|4.64|4.32|4.47|4.13|4.47|4.48|5.00|5.00|5.00|5.00|5.00|5.00
DESIRE              MARK|01:202:201:03|4.59|4.58|4.55|4.70|4.64|4.32|4.47|4.13|4.47|4.48|5.00
KOHL                JAMES|01:202:202:01|4.49|4.38|4.26|4.29|4.13|3.85|4.02|4.06|3.93|3.99
WELCH               MICHAEL|01:202:203:01|4.51|4.62|4.70|4.68|4.57|4.32|4.36|4.21|4.44|4.39
MCCANN              ELLEN|01:202:203:02|4.51|4.62|4.70|4.68|4.57|4.32|4.36|4.21|4.44|4.39
REISNER             RONALD|01:202:205:01|4.43|4.38|4.34|4.40|4.43|4.17|4.40|3.94|4.38|4.29|5.00|5.00
EMANUEL             MICHAEL|01:202:305:01|4.56|4.25|4.43|4.09|4.25|4.00|4.25|4.06|4.16|4.26|5.00|5.00|5.00|5.00|5.00|5.00|5.00|5.00
HINDS               LENNOX|01:202:309:01|4.94|4.76|4.97|4.85|4.79|4.70|4.87|4.52|4.88|4.75
HINDS               LENNOX|01:202:312:01|4.81|4.77|4.85|4.59|4.67|4.52|4.73|3.81|4.67|4.58|5.00|5.00|5.00
ZGOBA               KRISTIN|01:202:322:80|4.69|4.54|4.57|4.50|4.50|4.64|4.64|4.31|4.86|4.64
DESIRE              MARK|01:202:327:01|4.64|4.67|4.80|4.70|4.69|4.61|4.70|4.57|4.56|4.61|5.00|5.00
DESIRE              MARK|01:202:405:01|4.68|4.66|4.78|4.76|4.66|4.43|4.60|4.39|4.75|4.66|5.00|5.00|5.00|5.00|5.00
FIELDS              ERICA|01:202:406:01|4.71|4.79|4.93|4.93|4.67|4.64|4.93|4.93|4.73|4.73
WELCH               MICHAEL|01:202:496:01|4.79|4.82|4.88|4.86|4.88|4.72|4.79|4.61|4.81|4.80
SZEJNER             ROBERT|01:202:496:02|4.79|4.82|4.88|4.86|4.88|4.72|4.79|4.61|4.81|4.80
CREPAROTTA          ANDREA|01:202:496:80|4.79|4.82|4.88|4.86|4.88|4.72|4.79|4.61|4.81|4.80|5.00|5.00|5.00|5.00|5.00|5.00
