SPRACHMAN           PAUL|01:685:104:01|4.82|4.91|5.00|5.00|4.90|4.90|5.00|4.90|4.91|4.82
TUNAGUR             FERHAN|01:685:106:01|4.83|5.00|5.00|5.00|5.00|5.00|5.00|5.00|5.00|5.00
ELSAYED             HANAN|01:685:128:01|4.26|3.82|4.10|3.94|4.14|4.00|4.31|4.58|4.04|4.04|5.00
ISSA                H|01:685:128:02|4.26|3.82|4.10|3.94|4.14|4.00|4.31|4.58|4.04|4.04
KAHLOUI             TAREK|01:685:201:01|4.40|4.40|3.80|4.80|4.60|4.20|5.00|4.20|4.60|4.40
TUNAGUR             FERHAN|01:685:216:01|5.00|5.00|5.00|5.00|5.00|5.00|5.00|4.88|5.00|5.00
HABERL              C|01:685:222:01|5.00|5.00|5.00|5.00|4.83|4.67|5.00|4.50|4.83|5.00
SOUEID              JOHN|01:685:227:01|4.88|4.94|5.00|4.81|4.75|4.80|4.80|4.94|4.80|4.69|5.00
ALSIADI             MOHAMED|01:685:228:01|3.65|3.59|3.92|3.64|4.07|3.59|3.96|4.67|3.67|3.56
PAVLIN              JAMES|01:685:233:01|4.78|4.78|4.56|4.89|4.44|4.44|4.44|3.89|4.75|4.50
VALENTI             PETER|01:685:300:01|5.00|5.00|5.00|5.00|5.00|5.00|5.00|5.00|5.00|5.00
GOLDEN              PETER|01:685:301:01|4.63|4.67|4.40|4.53|4.44|3.88|4.47|3.73|4.25|4.54
MOJADDEDI           J|01:685:326:02|3.86|4.13|4.00|4.25|4.25|3.63|3.50|4.00|3.86|3.71
ABDELJABER          H|01:685:345:01|4.87|4.81|4.83|4.90|4.83|4.65|4.74|4.40|4.84|4.74|4.17|5.00
ABDELJABER          HAMID|01:685:385:01|4.87|4.67|4.43|4.67|4.33|4.20|4.53|4.00|4.60|4.50
ALSIADI             MOHAMED|01:685:396:01|4.35|4.49|4.57|4.61|4.73|4.45|4.60|4.31|4.51|4.48|4.00
HABERL              CHARLES|01:685:396:02|4.35|4.49|4.57|4.61|4.73|4.45|4.60|4.31|4.51|4.48
MAWLA               H|01:685:457:01|4.71|4.70|4.60|4.65|4.37|4.38|4.65|4.32|4.65|4.62
HABERL              CHARLES|01:685:496:01|4.90|5.00|4.90|5.00|4.75|4.60|4.80|4.70|4.90|4.80
SEHATZADEH          BAHAREH|01:685:496:04|4.90|5.00|4.90|5.00|4.75|4.60|4.80|4.70|4.90|4.80
