WARNOCK             AMANDA|01:595:100:01|4.06|4.35|4.29|4.47|4.13|4.10|4.16|4.00|4.16|4.06
BERG                ULLA|01:595:101:01|3.82|4.26|4.17|4.19|4.02|3.65|3.83|3.52|3.68|3.68|5.00|5.00
GONZALEZ            CAROLINA|01:595:101:02|3.82|4.26|4.17|4.19|4.02|3.65|3.83|3.52|3.68|3.68
WARNOCK             AMANDA|01:595:204:01|2.93|3.40|3.73|3.79|3.58|3.13|3.13|3.54|3.07|3.20
WARNOCK             AMANDA|01:595:205:01|4.00|4.47|4.53|4.41|4.47|4.24|4.24|3.65|4.35|4.35
MARTINEZSANM        YOLANDA|01:595:267:01|4.71|4.53|4.65|4.59|4.19|4.35|4.19|4.18|4.29|4.59
DINZEYFLORES        ZAIRE|01:595:297:01|4.60|4.73|4.47|4.47|4.40|4.13|4.33|4.20|4.29|4.42|5.00|5.00|5.00|5.00|5.00|5.00
GONZALEZ            CAROLINA|01:595:299:01|3.32|3.83|3.90|3.83|4.13|3.45|3.73|4.14|3.57|3.67
DINZEYFLORES        ZAIRE|01:595:304:01|4.86|4.67|5.00|5.00|5.00|4.86|4.86|4.67|4.86|5.00
BERG                ULLA|01:595:307:01|5.00|5.00|4.70|4.80|4.80|4.50|4.40|3.40|4.44|4.33
RAMOSZAYAS          ANA|01:595:312:01|4.52|4.69|4.77|4.92|4.73|4.68|4.68|4.35|4.69|4.64
FLORES TATIANA|01:595:312:02|4.52|4.69|4.77|4.92|4.73|4.68|4.68|4.35|4.69|4.64|4.75|3.00|4.00|2.67|3.00|5.00
SWIFT               C|01:595:312:05|4.52|4.69|4.77|4.92|4.73|4.68|4.68|4.35|4.69|4.64|4.75
ALVAREZ             LULS|01:595:339:01|4.17|4.83|4.67|4.83|4.20|4.17|4.50|4.50|4.33|4.17
CARTAGENA           JUAN|01:595:370:01|4.92|4.92|4.96|4.78|4.67|4.81|4.85|3.74|4.88|4.73|5.00|5.00|5.00|5.00|5.00|5.00|5.00|5.00
