MIYAMOTO            GABRIELLA|01:082:105:01|4.62|4.30|4.36|4.36|4.21|4.04|4.33|3.48|4.21|4.14
CLANCY              JONATHAN|01:082:105:03|4.62|4.30|4.36|4.36|4.21|4.04|4.33|3.48|4.21|4.14
ZERVIGON            ANDRES|01:082:106:00|4.74|4.56|4.59|4.65|4.39|4.43|4.57|4.02|4.54|4.45
PUGLISI             CATHERINE|01:082:106:00|4.74|4.56|4.59|4.65|4.39|4.43|4.57|4.02|4.54|4.45|4.67
PUGLISI             CATHARINE|01:082:106:00|4.74|4.56|4.59|4.65|4.39|4.43|4.57|4.02|4.54|4.45|4.67|4.25|3.67|4.67
ZERVIGON            ANDRES|01:082:106:00|4.74|4.56|4.59|4.65|4.39|4.43|4.57|4.02|4.54|4.45
STEINBORN           CARLY|01:082:106:02|4.74|4.56|4.59|4.65|4.39|4.43|4.57|4.02|4.54|4.45
PAULSON             MIEKE|01:082:106:10|4.74|4.56|4.59|4.65|4.39|4.43|4.57|4.02|4.54|4.45
STEINBORN           CARLY|01:082:106:11|4.74|4.56|4.59|4.65|4.39|4.43|4.57|4.02|4.54|4.45
STEINBORN           CARLY|01:082:106:18|4.74|4.56|4.59|4.65|4.39|4.43|4.57|4.02|4.54|4.45
BAHMER              MIEKE|01:082:106:20|4.74|4.56|4.59|4.65|4.39|4.43|4.57|4.02|4.54|4.45
BAHMER              MIEKE|01:082:106:22|4.74|4.56|4.59|4.65|4.39|4.43|4.57|4.02|4.54|4.45
ESTEVEZ             LISANDRA|01:082:106:25|4.74|4.56|4.59|4.65|4.39|4.43|4.57|4.02|4.54|4.45
RAWLINGS            KANDICE|01:082:106:30|4.74|4.56|4.59|4.65|4.39|4.43|4.57|4.02|4.54|4.45
BUDD                DENISE|01:082:106:31|4.74|4.56|4.59|4.65|4.39|4.43|4.57|4.02|4.54|4.45
KAHLAOUI            TAREK|01:082:294:01|4.00|3.91|3.20|4.27|3.91|3.18|3.80|4.20|3.50|3.80
MARTER              JOAN|01:082:305:01|4.54|4.13|4.36|4.12|4.16|4.08|4.36|4.04|4.19|4.08
PAUL                BENJAMIN|01:082:310:01|4.27|3.79|3.69|3.77|3.69|3.44|3.87|3.96|3.63|3.66
SMALL               JOCELYN|01:082:314:01|4.80|4.10|3.90|3.89|3.90|3.60|3.40|3.20|3.90|3.90
BOWER               VIRGINIA|01:082:325:01|5.00|4.97|4.66|5.00|5.00|4.59|4.66|3.80|4.94|4.75|5.00|5.00|5.00|5.00
ESTEVEZ             LISANDRA|01:082:327:01|4.69|4.69|4.59|4.81|4.41|4.51|4.68|4.19|4.62|4.57
SMALL               JOCELYN|01:082:330:01|5.00|4.60|4.60|4.80|4.80|4.20|4.20|4.40|4.40|4.40
BRETTSMITH          SARAH|01:082:333:01|3.92|4.54|4.15|4.69|4.25|4.00|4.23|3.54|4.31|3.92
KENFIELD            JOHN|01:082:342:01|4.70|4.72|4.75|4.92|4.47|4.53|4.67|4.20|4.56|4.54|5.00
SHEEHAN             TANYA|01:082:351:01|4.91|4.73|4.73|4.85|4.59|4.64|4.73|4.09|4.76|4.61|4.48|4.33
ELDER               NICOLE|01:082:368:01|4.85|4.54|4.54|4.69|4.31|4.31|4.77|4.15|4.69|4.54
MARDER              TOD|01:082:375:01|4.74|4.61|4.43|4.78|4.64|4.26|4.39|3.55|4.43|4.52
BRETTSMITH          SARAH|01:082:376:01|4.14|4.57|4.79|4.86|4.18|3.86|4.50|3.79|4.36|4.29
WEIGERT             LAURA|01:082:377:01|4.56|4.50|4.22|4.56|4.39|4.28|4.33|4.11|4.33|4.35
FLORES TATIANA|01:082:381:01|4.50|4.59|4.67|4.71|4.65|4.47|4.35|4.11|4.44|4.44|4.54|3.27|3.62|3.29|3.71|4.29
YANNI               CARLA|01:082:391:01|4.50|4.40|4.50|4.50|4.37|4.35|4.37|4.10|4.75|4.75|3.50|3.67
TAUBE               ISABEL|01:082:396:01|4.56|4.54|4.42|4.62|4.18|4.15|4.36|4.20|4.53|4.46
BZDAK               MICHAEL|01:082:487:01|4.27|4.72|4.53|4.82|4.65|4.11|4.24|4.00|4.33|4.22
KAHLAOUI            TAREK|01:082:492:01|4.90|4.75|4.71|4.73|4.65|4.69|4.82|4.44|4.76|4.69
PAUL                BENJAMIN|01:082:492:02|4.90|4.75|4.71|4.73|4.65|4.69|4.82|4.44|4.76|4.69
THUNO               ERIK|01:082:492:03|4.90|4.75|4.71|4.73|4.65|4.69|4.82|4.44|4.76|4.69
QUIDEAU             FLORENCE|01:082:492:04|4.90|4.75|4.71|4.73|4.65|4.69|4.82|4.44|4.76|4.69
BZDAK               MEREDITH|01:082:492:05|4.90|4.75|4.71|4.73|4.65|4.69|4.82|4.44|4.76|4.69
