RANDALL             D|01:510:101:01|4.28|4.64|3.74|4.31|3.92|3.38|3.87|4.07|3.63|3.87
KAPLAN T|01:510:102:01|4.01|4.13|3.91|4.31|3.71|3.51|3.48|3.93|3.61|3.54|4.59
MATSUDA             M|01:510:102:03|4.01|4.13|3.91|4.31|3.71|3.51|3.48|3.93|3.61|3.54|4.59|4.64|5.00
REINERT             S|01:510:207:01|4.32|4.45|4.43|4.43|4.33|4.03|4.25|3.83|4.21|4.18|5.00|4.00|5.00|5.00|5.00|5.00|5.00|5.00
DIBATTISTA          A|01:510:211:01|4.89|4.96|4.81|5.00|4.70|4.77|4.77|4.04|4.96|4.85
FIGUEIRA            T|01:510:302:01|4.73|4.71|4.48|4.73|4.45|4.18|4.38|4.23|4.45|4.33|5.00|5.00|5.00|5.00|5.00
TARTAKOFF           P|01:510:314:01|4.93|4.85|4.75|4.84|4.48|4.67|4.80|4.30|4.80|4.75|5.00|5.00
MORRISON            K|01:510:315:01|4.64|4.54|4.39|4.79|4.39|4.39|4.39|3.96|4.57|4.46
KELLY               S|01:510:317:01|4.93|4.90|4.70|4.93|4.86|4.67|4.71|4.14|4.89|4.86
DELBOURGO           J|01:510:321:01|4.66|4.58|4.28|4.69|4.25|4.12|4.12|3.62|4.46|4.28
DAVIS               B|01:510:327:01|3.59|4.00|3.50|3.93|3.79|3.11|3.12|3.58|3.15|3.25
MORRISON            K|01:510:329:01|4.55|4.65|4.30|4.70|4.75|4.05|4.50|4.10|4.60|4.55
RANDALL             D|01:510:343:01|4.40|4.53|3.80|3.93|3.73|3.67|4.00|3.67|3.73|3.73
WILHELM             C|01:510:360:01|3.94|4.17|3.61|4.44|3.89|3.33|3.67|3.56|3.67|3.50
WEIGERT             L|01:510:392:02|4.81|4.70|4.57|4.77|4.69|4.48|4.59|3.89|4.68|4.51
HANEBRINK           P|01:510:392:03|4.81|4.70|4.57|4.77|4.69|4.48|4.59|3.89|4.68|4.51
SILVER              P|01:510:392:04|4.81|4.70|4.57|4.77|4.69|4.48|4.59|3.89|4.68|4.51
LEE                 M|01:510:392:06|4.81|4.70|4.57|4.77|4.69|4.48|4.59|3.89|4.68|4.51|4.50
