VERSHON             ANDREA|01:694:215:71|4.65|4.59|4.29|4.69|4.50|4.38|4.62|4.21|4.47|4.38
MEAD                JANET|01:694:215:71|4.65|4.59|4.29|4.69|4.50|4.38|4.62|4.21|4.47|4.38
DEIS                FRANK|01:694:301:01|4.31|4.23|4.15|4.19|4.23|3.88|4.10|3.57|4.11|4.00|4.26|3.97|3.35|3.47|5.00
SEVERINOV           KONSTANTIN|01:694:407:01|3.95|3.77|3.59|3.91|3.98|3.45|3.76|3.81|3.46|3.65|3.85|3.89|3.96
NIEDERMAN           ROBERT|01:694:407:01|3.95|3.77|3.59|3.91|3.98|3.45|3.76|3.81|3.46|3.65|3.85|3.89|3.96
DEIS                FRANK|01:694:407:01|3.95|3.77|3.59|3.91|3.98|3.45|3.76|3.81|3.46|3.65|3.85|3.89|3.96
GABRIEL             ABRAM|01:694:411:01|4.73|4.63|4.48|4.62|4.57|4.36|4.71|4.33|4.51|4.62
MATSUMURA           FUMIO|01:694:411:01|4.73|4.63|4.48|4.62|4.57|4.36|4.71|4.33|4.51|4.62|3.00|3.00|3.00|3.00|3.00
ANDERSON            STEVE|01:694:411:01|4.73|4.63|4.48|4.62|4.57|4.36|4.71|4.33|4.51|4.62
BRILL               STEVE|01:694:411:01|4.73|4.63|4.48|4.62|4.57|4.36|4.71|4.33|4.51|4.62
DIMOVA              D|01:694:413:01|4.60|4.70|4.60|4.80|4.86|4.60|4.60|4.60|4.56|4.70
KUSCH               T|01:694:413:01|4.60|4.70|4.60|4.80|4.86|4.60|4.60|4.60|4.56|4.70
EDERY               ISAAC|01:694:483:01|4.89|4.97|4.84|4.86|4.82|4.67|4.66|4.49|4.87|4.66
GUNDERSON           SAMUEL|01:694:483:01|4.89|4.97|4.84|4.86|4.82|4.67|4.66|4.49|4.87|4.66|5.00|4.00
