TRANSUE             GREGG|01:119:100:00|4.45|4.16|4.26|4.36|3.99|4.19|4.33|4.23|4.18|4.06
FREIDENREICH        HAVA|01:119:102:11|4.56|4.33|4.18|4.39|4.16|4.11|4.17|3.80|4.31|3.86
SHAFALIE            YASMINE|01:119:102:12|4.56|4.33|4.18|4.39|4.16|4.11|4.17|3.80|4.31|3.86
BI                  CAIXIA|01:119:102:21|4.56|4.33|4.18|4.39|4.16|4.11|4.17|3.80|4.31|3.86|4.86|4.80|5.00|4.75|4.75|5.00
PODMAYERSKY         JAMES|01:119:102:25|4.56|4.33|4.18|4.39|4.16|4.11|4.17|3.80|4.31|3.86
GOMES               VARINNIA|01:119:102:31|4.56|4.33|4.18|4.39|4.16|4.11|4.17|3.80|4.31|3.86
BI                  CAIXIA|01:119:102:31|4.56|4.33|4.18|4.39|4.16|4.11|4.17|3.80|4.31|3.86|4.86|4.80|5.00|4.75|5.00|4.75|5.00|4.67
PODMAYERSKY         JAMES|01:119:102:32|4.56|4.33|4.18|4.39|4.16|4.11|4.17|3.80|4.31|3.86
FREIDENREICH        HAVA|01:119:102:41|4.56|4.33|4.18|4.39|4.16|4.11|4.17|3.80|4.31|3.86
SWEET               ERIC|01:119:102:51|4.56|4.33|4.18|4.39|4.16|4.11|4.17|3.80|4.31|3.86
SWEET               ERIC|01:119:102:52|4.56|4.33|4.18|4.39|4.16|4.11|4.17|3.80|4.31|3.86
SWEET               ERIC|01:119:102:61|4.56|4.33|4.18|4.39|4.16|4.11|4.17|3.80|4.31|3.86|4.86|4.80
HONG                RICHARD|01:119:102:83|4.56|4.33|4.18|4.39|4.16|4.11|4.17|3.80|4.31|3.86|4.86
GOMES               VARINNIA|01:119:102:91|4.56|4.33|4.18|4.39|4.16|4.11|4.17|3.80|4.31|3.86
UZWIAK              ANTHONY|01:119:128:00|4.57|4.70|4.73|4.77|4.31|4.40|4.81|4.48|4.54|4.46
SKELLY              SUSAN|01:119:131:01|4.58|4.46|4.26|4.49|4.24|4.03|4.33|3.75|4.16|4.12|5.00
CHIU                CHIHUA|01:119:150:01|4.28|4.21|4.05|4.38|4.38|3.67|3.58|3.19|3.88|3.67
GLODOWSKI           DOREEN|01:119:154:01|4.92|4.83|4.58|4.67|4.67|4.33|4.67|4.00|4.73|4.55
PESCATORE           JOHN|01:119:160:02|4.49|4.34|4.02|4.36|4.48|3.95|4.18|3.67|4.20|4.19|5.00|5.00|5.00|5.00|5.00|5.00|5.00
