HARASAKI            JIRO|01:565:101:01|4.77|4.70|4.70|4.77|4.61|4.63|4.80|4.76|4.66|4.67
IWATANI             FUMIYO|01:565:101:02|4.77|4.70|4.70|4.77|4.61|4.63|4.80|4.76|4.66|4.67
IWATANI             FUMIYO|01:565:101:03|4.77|4.70|4.70|4.77|4.61|4.63|4.80|4.76|4.66|4.67
NARASAKI            MARIKO|01:565:101:04|4.77|4.70|4.70|4.77|4.61|4.63|4.80|4.76|4.66|4.67
NARASAKI            MARIKO|01:565:101:05|4.77|4.70|4.70|4.77|4.61|4.63|4.80|4.76|4.66|4.67|5.00
HARASAKI            JIRO|01:565:101:06|4.77|4.70|4.70|4.77|4.61|4.63|4.80|4.76|4.66|4.67
HARASAKI            JIRO|01:565:101:70|4.77|4.70|4.70|4.77|4.61|4.63|4.80|4.76|4.66|4.67
HAWALKA             YASUKO|01:565:201:01|4.82|4.77|4.81|4.91|4.80|4.66|4.76|4.88|4.77|4.77
MADIHIAN            ROSHANAK|01:565:201:02|4.82|4.77|4.81|4.91|4.80|4.66|4.76|4.88|4.77|4.77|5.00|5.00|5.00|5.00|5.00
MADIHIAN            ROSHANAK|01:565:201:03|4.82|4.77|4.81|4.91|4.80|4.66|4.76|4.88|4.77|4.77
BAXER               HARUMI|01:565:301:01|3.76|3.47|3.79|3.91|4.03|3.38|3.44|4.50|3.55|3.64
BALITE|01:565:301:02|3.76|3.47|3.79|3.91|4.03|3.38|3.44|4.50|3.55|3.64|5.00|5.00|5.00
MAYNARD             SENKO|01:565:313:01|4.58|4.77|4.50|4.62|4.77|4.23|4.12|4.58|4.65|4.54
SCHALOW             PAUL|01:565:360:01|4.81|4.76|4.33|4.76|4.62|4.24|4.24|3.86|4.62|4.62
MAYNARD             SENKO|01:565:401:01|4.65|4.71|4.71|4.71|4.47|4.41|4.29|4.53|4.69|4.47
