TRANSUE             G|01:119:100:00|4.19|3.99|4.12|4.22|3.69|3.77|3.68|3.73|3.67|3.33
MATUS               R*DRIGO|01:119:101:01|4.52|4.33|4.16|4.40|4.10|4.09|4.06|3.71|4.29|3.86
VALENTIN            ANIBAL|01:119:101:03|4.52|4.33|4.16|4.40|4.10|4.09|4.06|3.71|4.29|3.86|4.28
VALENTIN            ANIBAL|01:119:101:04|4.52|4.33|4.16|4.40|4.10|4.09|4.06|3.71|4.29|3.86|4.28|4.20|3.82|3.70|3.73|3.80|3.88|3.63
RHEN                VINCENT|01:119:101:07|4.52|4.33|4.16|4.40|4.10|4.09|4.06|3.71|4.29|3.86
WELDAN              ORION|01:119:101:24|4.52|4.33|4.16|4.40|4.10|4.09|4.06|3.71|4.29|3.86
YU                  HOWARD|01:119:101:31|4.52|4.33|4.16|4.40|4.10|4.09|4.06|3.71|4.29|3.86
MATUS               RODRIGO|01:119:101:32|4.52|4.33|4.16|4.40|4.10|4.09|4.06|3.71|4.29|3.86
HANGNOH             LEE|01:119:101:42|4.52|4.33|4.16|4.40|4.10|4.09|4.06|3.71|4.29|3.86|4.28|4.20|3.82|3.70|3.73|3.80|3.88|3.63|3.50
HANGNOH             LEE|01:119:101:43|4.52|4.33|4.16|4.40|4.10|4.09|4.06|3.71|4.29|3.86
CANDELINO           ALLISON|01:119:101:53|4.52|4.33|4.16|4.40|4.10|4.09|4.06|3.71|4.29|3.86
YU                  HOWARD|01:119:101:54|4.52|4.33|4.16|4.40|4.10|4.09|4.06|3.71|4.29|3.86
SHANKO              ALICIA|01:119:101:54|4.52|4.33|4.16|4.40|4.10|4.09|4.06|3.71|4.29|3.86
SUKHDEO             SUZANNE|01:119:103:00|4.71|4.66|4.54|4.61|4.45|4.49|4.46|3.59|4.58|4.42|5.00|5.00|4.67|4.67|5.00
FAILLACE            CARA|01:119:103:01|4.71|4.66|4.54|4.61|4.45|4.49|4.46|3.59|4.58|4.42
FAILLACE            CARA|01:119:103:02|4.71|4.66|4.54|4.61|4.45|4.49|4.46|3.59|4.58|4.42
SKELLY              SUSAN|01:119:131:01|4.81|4.75|4.45|4.74|4.62|4.40|4.56|3.83|4.61|4.43|5.00
VILLARD             ALEXANDRA|01:119:132:01|4.62|4.34|4.36|4.52|4.17|4.23|4.38|3.64|4.32|4.25
BRUNING             ADRIAN|01:119:150:02|4.75|4.62|4.70|4.73|4.60|4.38|4.42|3.71|4.72|4.48
Devanas Monica|01:119:152:00|4.68|4.72|4.53|4.75|4.53|4.53|4.42|3.58|4.53|4.38
PESCATORE           JOHN|01:119:160:01|4.42|4.26|4.05|4.18|4.34|3.82|3.89|3.43|4.00|3.94
SCHJOTT             JESSICA|01:119:195:71|4.88|4.71|4.59|4.88|5.00|4.59|4.41|4.00|4.53|4.47
