RASMUSSEN           C|01:512:103:00|4.92|4.85|4.73|4.92|4.63|4.63|4.62|4.20|4.70|4.62|5.00
CLEMENS|01:512:104:00|4.68|4.38|4.26|4.47|4.27|4.16|4.26|4.07|4.28|4.20
GILLETTE WILLIAM|01:512:104:01|4.68|4.38|4.26|4.47|4.27|4.16|4.26|4.07|4.28|4.20|4.67|4.67|4.50|5.00|5.00|4.00|5.00|5.00|5.00
CLEMENS             PAUL|01:512:104:09|4.68|4.38|4.26|4.47|4.27|4.16|4.26|4.07|4.28|4.20
SCHCICTING          KARA|01:512:104:10|4.68|4.38|4.26|4.47|4.27|4.16|4.26|4.07|4.28|4.20
DENNIS              HALPIN|01:512:104:13|4.68|4.38|4.26|4.47|4.27|4.16|4.26|4.07|4.28|4.20
FURMAN              H|01:512:104:22|4.68|4.38|4.26|4.47|4.27|4.16|4.26|4.07|4.28|4.20
BAY MIA|01:512:111:01|4.45|4.48|4.20|4.77|4.55|4.00|4.10|3.58|4.32|4.19
JENKINS             REESE|01:512:236:01|3.77|3.82|3.87|4.21|3.46|3.33|3.67|3.03|3.67|3.36
LEE                 RICHARD|01:512:280:01|4.20|4.40|4.10|4.80|4.90|4.50|3.90|3.78|4.10|4.40
CLEMENS             P|01:512:301:01|4.79|4.56|4.62|4.56|4.18|4.51|4.72|4.67|4.66|4.53
JEFFREY             T|01:512:302:01|4.96|4.88|4.85|4.92|4.92|4.77|4.81|4.69|4.88|4.80
MARKOWITZ           NORMAN|01:512:305:01|3.95|4.52|4.35|4.51|4.52|4.07|4.05|4.20|3.98|4.02
WAILOO              KEITH|01:512:322:01|4.92|4.82|4.79|4.82|4.74|4.69|4.82|4.26|4.79|4.77
CHAMBERS            JOHN|01:512:335:01|4.70|4.59|4.54|4.67|4.31|4.29|4.34|4.19|4.49|4.41|5.00|5.00|5.00|5.00|5.00|5.00
CHAMBERS            JOHN|01:512:348:01|4.68|4.38|4.57|4.67|4.60|4.39|4.57|4.55|4.68|4.62
LIVINGSTON          JAMES|01:512:372:01|4.35|4.47|4.45|4.67|4.47|4.26|4.48|3.90|4.52|4.52
MITCHELL            CHISTOPHER|01:512:375:01|5.00|5.00|5.00|5.00|5.00|5.00|5.00|4.80|5.00|5.00
MURCH DONNA|01:512:379:01|4.59|4.72|4.62|4.79|4.76|4.34|4.52|4.00|4.43|4.54
LEBSOCK             SUZANNE|01:512:381:01|4.29|4.63|4.33|4.73|4.56|4.30|4.37|4.26|4.32|4.32
ISENBERG            ALISON|01:512:392:01|4.52|4.67|4.48|4.82|4.73|4.15|4.36|4.36|4.55|4.27
BACKES              MATTHEW|01:512:392:03|4.52|4.67|4.48|4.82|4.73|4.15|4.36|4.36|4.55|4.27
GILLETTE WILLIAM|01:512:410:01|4.55|4.00|4.05|3.80|3.90|3.70|4.40|3.75|4.05|4.00
