BALM                ROGER|01:450:102:01|4.78|4.58|4.34|4.60|4.40|4.20|4.19|3.51|4.36|4.25|5.00|5.00|5.00|5.00|5.00
BALM                ROGER|01:450:103:00|4.66|4.56|4.35|4.62|4.25|4.16|4.08|3.25|4.40|4.16|5.00
BALM                ROGER|01:450:211:01|4.68|4.76|4.68|4.66|4.63|4.34|4.45|3.92|4.68|4.37|5.00|5.00|5.00|5.00|5.00|5.00|5.00|5.00|5.00
MITCHELL            JAMES|01:450:311:01|4.60|4.34|3.74|4.33|4.09|3.31|3.38|3.38|3.41|3.30
STMARTIN            KEVIN|01:450:321:01|4.38|4.04|3.96|4.13|4.38|3.67|4.08|3.67|3.96|4.05
STMARTIN            KEVIN|01:450:321:02|4.38|4.04|3.96|4.13|4.38|3.67|4.08|3.67|3.96|4.05|5.00
LEICHENKO           ROBIN|01:450:330:01|4.81|4.81|4.44|4.94|4.88|4.60|4.41|4.00|4.67|4.60
SCHNEIDER           LAURA|01:450:336:01|4.19|3.81|3.63|3.94|3.56|3.19|3.50|3.63|3.56|3.47
BIRKENHOLTZ TREVOR|01:450:341:01|5.00|5.00|4.94|4.94|4.88|4.94|4.82|4.29|4.94|4.88
SIEGEL              MICHAEL|01:450:355:01|4.50|4.58|4.83|4.58|4.33|4.25|4.50|4.42|4.33|4.45
SCHROEDER           RICHARD|01:450:363:01|4.91|4.86|4.69|4.91|4.57|4.51|4.59|3.74|4.77|4.60
RENNERMALM          ASA|01:450:404:01|4.00|4.00|5.00|4.33|4.00|4.25|3.50|2.75|4.00|3.67
BIRKENHOLTZ TREVOR|01:450:405:01|4.89|4.95|4.68|4.89|4.89|4.68|4.74|3.84|4.83|4.44
KASBARIAN           JOHN|01:450:491:03|4.36|4.73|4.50|4.70|4.60|4.10|4.45|3.91|4.44|4.30
