ZHU                 LIHUI|01:165:101:01|4.81|4.77|4.78|4.89|4.66|4.77|4.80|4.61|4.73|4.70
ZHU                 LIHUI|01:165:101:02|4.81|4.77|4.78|4.89|4.66|4.77|4.80|4.61|4.73|4.70
JENH                YENFANG|01:165:101:03|4.81|4.77|4.78|4.89|4.66|4.77|4.80|4.61|4.73|4.70
NING                JING|01:165:101:04|4.81|4.77|4.78|4.89|4.66|4.77|4.80|4.61|4.73|4.70
LAI                 YIJU|01:165:101:70|4.81|4.77|4.78|4.89|4.66|4.77|4.80|4.61|4.73|4.70
WEI                 XILING|01:165:107:01|4.50|4.42|4.33|4.58|4.25|4.08|4.08|4.00|4.33|3.92
SHEN                GLORIA|01:165:121:01|4.43|4.47|4.23|4.50|4.23|3.93|4.30|4.17|4.24|3.97
SHEN                GLORIA|01:165:125:01|3.75|3.78|3.56|4.02|4.02|3.34|3.54|3.63|3.55|3.41
TSCHANZ             DIETRICH|01:165:201:01|4.79|4.42|4.45|4.68|4.76|4.37|4.53|4.79|4.50|4.47
WU                  YURU|01:165:201:02|4.79|4.42|4.45|4.68|4.76|4.37|4.53|4.79|4.50|4.47
SIMMONS             RICHARD|01:165:210:01|4.81|4.69|4.32|4.41|4.56|4.09|4.29|4.13|4.40|4.39|5.00|5.00|5.00|5.00|5.00|5.00|5.00|5.00
NING                XIN|01:165:241:01|4.82|4.83|4.59|4.82|4.72|4.33|4.61|4.06|4.37|4.42|5.00|5.00|5.00|4.00|4.00|4.00|4.00|4.00
TSCHANZ             DIETRICH|01:165:264:01|4.29|4.53|4.12|4.47|4.29|3.82|3.94|3.50|4.06|4.06
WU                  YURU|01:165:301:01|4.94|4.80|4.65|4.65|4.73|4.63|4.73|4.76|4.81|4.79|5.00|5.00|5.00|5.00|5.00|5.00|5.00|5.00|5.00
WU                  YURU|01:165:301:02|4.94|4.80|4.65|4.65|4.73|4.63|4.73|4.76|4.81|4.79
SONG                WEIJIE|01:165:310:01|4.81|4.74|4.70|4.85|4.89|4.48|4.67|4.22|4.62|4.62
SIMMONS|01:165:321:01|4.18|3.91|3.59|3.68|4.00|3.65|3.94|3.47|3.70|3.62|5.00
SHEN                GLORIA|01:165:361:01|3.95|4.21|3.84|4.37|4.11|3.68|3.79|3.95|3.79|3.84
NING                XIN|01:165:401:01|4.45|4.86|4.47|4.83|4.73|4.40|4.47|4.40|4.63|4.60
SONG                WEIJIE|01:165:451:01|4.90|4.97|4.84|4.91|4.77|4.63|4.65|4.41|4.88|4.84
