GRAF                BRIAN|01:790:101:00|4.46|4.50|4.09|4.57|4.38|3.98|4.06|3.69|4.24|4.05
WEST                LEE|01:790:101:16|4.46|4.50|4.09|4.57|4.38|3.98|4.06|3.69|4.24|4.05|5.00|5.00|4.67|4.67|4.67|5.00|5.00|5.00|5.00
RHODES              EDWARD|01:790:102:00|4.81|4.69|4.67|4.77|4.55|4.54|4.63|4.22|4.65|4.60|5.00
ROSSI               MICHAEL|01:790:102:12|4.81|4.69|4.67|4.77|4.55|4.54|4.63|4.22|4.65|4.60|5.00|5.00|5.00|5.00
YOUNG               PATRICIA|01:790:103:08|4.58|4.46|4.03|4.49|4.22|3.89|4.04|3.75|4.17|4.05|3.80|4.33|4.00|4.00|4.00|3.00|3.00|3.00
BAKER               ROSS|01:790:104:00|4.75|4.69|4.45|4.61|4.55|4.40|4.44|4.03|4.53|4.41|4.71|4.50|4.33|4.33|4.33|4.67
MILLER              LISA|01:790:106:00|4.28|4.21|4.05|4.25|3.91|3.77|3.89|3.92|3.98|3.83|4.25|4.00|3.75|3.40|4.20|4.00|4.50|5.00|4.50
PATEL               PARINA|01:790:300:01|4.58|4.62|4.22|4.58|4.61|4.33|4.24|3.29|4.46|4.25|5.00
FIELD               WILLIAM|01:790:302:01|4.82|4.92|4.68|4.76|4.61|4.47|4.51|4.42|4.65|4.53
BAKER               ROSS|01:790:304:01|4.57|4.65|4.33|4.63|4.38|4.27|4.34|3.98|4.36|4.36
MAJOR               MARK|01:790:304:80|4.57|4.65|4.33|4.63|4.38|4.27|4.34|3.98|4.36|4.36
GLASCOCK            JOHN|01:790:305:01|3.98|4.55|4.22|4.64|4.38|4.03|3.92|3.70|4.09|4.03|5.00|5.00|5.00|5.00|5.00|5.00|5.00|5.00
GERTZOG             IRWIN|01:790:306:01|4.76|4.62|4.28|4.55|4.34|4.04|4.47|4.28|4.47|4.37|5.00|5.00|5.00|5.00|5.00|5.00|5.00|5.00|5.00
ZELLLNER            ADAM|01:790:308:01|4.80|4.88|4.81|4.82|4.75|4.69|4.62|4.12|4.68|4.65|5.00|5.00|5.00
GLASCOCK            JOHN|01:790:308:80|4.80|4.88|4.81|4.82|4.75|4.69|4.62|4.12|4.68|4.65
FIELD               WILLIAM|01:790:310:01|4.81|4.81|4.78|4.85|4.74|4.70|4.78|4.00|4.81|4.77|5.00|5.00|5.00|5.00|5.00|5.00|5.00|5.00|5.00
ROSSI               MICHAEL|01:790:315:01|4.97|4.92|4.92|4.84|4.76|4.68|4.74|4.43|4.84|4.71|5.00|5.00|5.00|5.00|5.00|5.00|5.00|5.00|5.00
LICKLIDER           ROY|01:790:319:01|4.76|4.66|4.50|4.71|4.16|4.29|4.65|4.31|4.56|4.58|3.86|4.32|4.25|2.71|4.34|4.00|3.90|3.90|5.00
RITTER              JEFFREY|01:790:322:01|4.54|4.56|4.31|4.60|4.28|4.17|4.39|4.02|4.43|4.33
MISLAN              DAVID|01:790:323:01|4.81|4.58|4.71|4.51|4.38|4.54|4.65|4.36|4.58|4.55
MISLAN              DAVID|01:790:324:01|4.88|4.60|4.61|4.39|4.24|4.45|4.63|4.18|4.62|4.54
LEVINE              BERT|01:790:330:01|4.22|4.73|4.60|4.80|4.66|4.38|4.34|4.13|4.40|4.42
TILLERY             ALVIN|01:790:333:01|4.65|4.87|4.84|4.84|4.73|4.52|4.48|4.00|4.61|4.51|5.00
WOLLENBERG          YVONNE|01:790:340:01|4.56|4.63|4.51|4.69|4.54|4.35|4.43|4.26|4.53|4.46|5.00
GERTZOG             IRWIN|01:790:349:01|4.83|4.76|4.55|4.75|4.61|4.41|4.62|4.29|4.62|4.48
KELEMEN             ROGER|01:790:350:01|4.89|4.86|4.72|4.89|4.69|4.54|4.75|4.00|4.78|4.77|5.00|5.00|5.00|5.00|5.00|5.00|5.00|5.00|5.00
KAUFMAN             ROBERT|01:790:357:01|4.63|4.50|4.02|4.50|4.29|3.96|4.32|4.04|4.36|4.30|4.75|5.00
BOROS               DIANA|01:790:373:01|4.16|4.49|4.31|4.59|4.40|4.01|4.14|3.72|4.19|4.14
MCFALL              JONATHAN|01:790:374:01|4.80|4.80|4.66|4.85|4.78|4.62|4.62|4.23|4.73|4.64|5.00
BOROS               DIANA|01:790:375:80|4.82|4.73|5.00|4.91|4.91|4.91|4.73|4.36|4.70|4.90
MURPHY              ANDREW|01:790:376:01|4.95|4.93|4.84|4.95|4.78|4.80|4.76|4.21|4.90|4.80
ABDELJABER          HAMID|01:790:385:01|4.68|4.68|4.68|4.64|4.32|4.52|4.54|4.48|4.69|4.64|5.00
FIELD               WILLIAM|01:790:393:01|4.71|5.00|4.86|5.00|5.00|4.86|4.71|4.71|4.83|4.67
TILLERY             ALVIN|01:790:395:02|4.74|4.76|4.62|4.80|4.52|4.53|4.65|4.17|4.68|4.67
KUBIK               JAN|01:790:395:04|4.74|4.76|4.62|4.80|4.52|4.53|4.65|4.17|4.68|4.67|5.00|5.00
DANIELS             CYNTHIA|01:790:395:07|4.74|4.76|4.62|4.80|4.52|4.53|4.65|4.17|4.68|4.67
KELEMEN             ROGER|01:790:395:10|4.74|4.76|4.62|4.80|4.52|4.53|4.65|4.17|4.68|4.67
KAUFMAN             ROBERT|01:790:395:13|4.74|4.76|4.62|4.80|4.52|4.53|4.65|4.17|4.68|4.67|5.00
LAWRENCE            SUSAN|01:790:395:20|4.74|4.76|4.62|4.80|4.52|4.53|4.65|4.17|4.68|4.67
WOLLENBERG          YVONNE|01:790:401:01|4.77|4.79|4.75|4.72|4.68|4.66|4.74|4.49|4.70|4.68|5.00|5.00|5.00|5.00|5.00|5.00|5.00|5.00|5.00
HEUMANN             MILTON|01:790:406:01|4.12|4.53|4.85|4.76|4.60|4.40|4.64|4.39|4.59|4.50
ADAMS               J|01:790:410:71|4.69|4.75|4.56|4.75|4.81|4.50|4.67|4.53|4.60|4.58
ALGER               J|01:790:410:73|4.69|4.75|4.56|4.75|4.81|4.50|4.67|4.53|4.60|4.58|5.00|5.00
LEVINE              B|01:790:428:01|4.35|4.85|4.70|4.95|4.89|4.53|4.45|4.71|4.60|4.55|5.00
WEIGART             JOHN|01:790:429:01|4.79|4.86|4.71|4.86|4.57|4.57|4.64|4.71|4.85|4.69
DAVIS               ERIC|01:790:452:01|4.83|4.61|4.58|4.79|4.58|4.50|4.68|4.42|4.67|4.72
BRONNER             STEPHEN|01:790:477:01|4.67|4.80|5.00|4.86|4.71|4.67|4.53|4.40|4.79|4.71
MATTO               ELIZABETH|01:790:482:08|4.83|5.00|5.00|4.83|5.00|4.83|5.00|4.50|4.67|5.00
