ROCKLAND            MICHAEL|01:050:101:01|3.36|3.82|3.71|4.08|3.95|3.18|3.32|3.05|3.50|3.41
FLEETWOOD           NICOLE|01:050:101:71|3.36|3.82|3.71|4.08|3.95|3.18|3.32|3.05|3.50|3.41
BARNETT             LOUISE|01:050:227:01|4.64|4.27|4.00|4.59|4.18|4.09|4.14|3.14|4.32|4.05
GILLESPIE           ANGUS|01:050:228:01|4.79|4.68|4.77|4.80|4.71|4.44|4.69|3.84|4.64|4.61|4.67|5.00|5.00|5.00|5.00|5.00|5.00
SERRA               ANA|01:050:250:01|5.00|5.00|4.75|5.00|4.75|5.00|5.00|4.67|5.00|5.00
FERGUSON            MATTHEW|01:050:259:01|4.42|4.56|4.64|4.61|4.37|4.37|4.36|4.32|4.43|4.41|4.83|4.80|4.75|4.80|4.80|4.75|4.75|4.75|4.50
NIGRIN              ALEERT|01:050:265:01|4.88|4.87|4.86|4.82|4.69|4.73|4.73|3.88|4.83|4.62|5.00|5.00|5.00|5.00|5.00
FISHBEIN            LESLIE|01:050:300:01|4.14|3.57|4.14|3.43|3.17|2.43|3.29|3.57|3.38|3.00|3.43|4.00|3.00
LEE                 RICK|01:050:300:02|4.14|3.57|4.14|3.43|3.17|2.43|3.29|3.57|3.38|3.00|3.43|4.00|3.00|2.50|4.00|4.00
ROCKLAND            MICHAEL|01:050:301:01|4.33|4.71|4.67|4.79|4.78|4.29|4.25|4.18|4.33|4.25
ECHOLS              ALICE|01:050:307:01|4.34|4.56|4.66|4.59|4.13|4.19|4.38|4.22|4.38|4.32|5.00|5.00|5.00|5.00|5.00|5.00|5.00|5.00
FLEETWOOD           NICOLE|01:050:315:01|4.19|3.94|4.06|4.13|4.13|3.93|3.81|3.13|4.40|4.31
FISHBEIN            LESLIE|01:050:325:01|5.00|5.00|4.33|4.67|4.33|4.33|4.50|4.00|4.33|4.33|4.33|4.50|4.33
ECHOLS              ALICE|01:050:326:01|4.82|4.91|4.55|4.91|4.55|4.36|4.36|2.73|4.82|4.45
ISAAC               ALLAN|01:050:331:01|4.85|4.81|4.65|4.60|4.73|4.46|4.68|3.65|4.65|4.54
FERGUSON            MATTHEW|01:050:355:80|4.73|4.87|4.73|4.77|4.69|4.67|4.67|4.14|4.54|4.42|4.00|5.00|4.00|5.00|4.00|5.00|4.00|5.00|4.00
GILLESPIE           ANGUS|01:050:366:01|4.61|4.74|4.62|4.79|4.63|4.34|4.39|3.92|4.42|4.33
BARNETT             LOUISE|01:050:487:01|4.91|4.55|4.73|4.73|4.91|4.55|4.45|3.73|4.91|4.36
