KUHN                KENNETH|01:470:101:04|4.96|4.85|4.79|4.87|4.90|4.81|4.81|4.50|4.79|4.69|4.70|4.86|4.28|4.51
POLAKSPRINGER       KATRIN|01:470:102:01|4.86|4.93|4.50|4.93|4.86|4.43|4.71|4.21|4.79|4.57|4.73|4.91|4.00|4.45
BOGHOSSIAN          ANNELIESE|01:470:102:02|4.86|4.93|4.50|4.93|4.86|4.43|4.71|4.21|4.79|4.57|4.73|4.91|4.00|4.45
CLARK               CHRISTOPHE|01:470:131:02|4.75|4.71|4.69|4.83|4.72|4.33|4.36|4.69|4.56|4.36|4.52|3.88|4.41|4.06|5.00
GLOWACKI            DORIS|01:470:132:01|4.82|5.00|4.91|5.00|5.00|4.82|4.91|4.82|4.90|4.90|5.00|5.00|4.78|5.00|5.00
CLARK               CHRISTOPHE|01:470:231:02|4.04|4.20|4.17|3.92|3.54|3.72|4.16|4.56|3.72|3.72|3.68|3.25|4.78|3.63
NAQVI               FATIMA|01:470:301:01|5.00|5.00|5.00|5.00|4.91|4.91|4.82|4.55|5.00|4.80|4.91|4.91|4.73|4.80
CRAIG               CHARLOTTE|01:470:315:01|1.67|1.89|2.22|2.33|1.22|1.44|1.56|5.00|1.56|1.44|2.22|4.11|5.00|2.00
RENNIE              NICHOLAS|01:470:324:01|4.83|5.00|4.50|4.83|4.83|4.67|4.67|3.83|5.00|4.83|5.00|2.67|4.17|4.33
RENNIE              NICHOLAS|01:470:364:01|4.25|4.25|4.38|4.50|4.00|3.88|4.38|4.13|4.25|4.00|3.86|2.88|4.00|4.00
CLARK               CHRISTOPHE|01:470:392:01|4.67|4.80|4.78|5.00|4.80|4.90|5.00|4.80|4.80|4.88|4.57|4.00|4.50|4.50
