BARR                MAUREEN|01:447:380:00|4.23|4.20|3.92|4.34|4.18|3.81|3.89|3.83|3.95|3.88
SIMON               LEE|01:447:380:00|4.23|4.20|3.92|4.34|4.18|3.81|3.89|3.83|3.95|3.88
GLODOWSKI           DOREEN|01:447:380:00|4.23|4.20|3.92|4.34|4.18|3.81|3.89|3.83|3.95|3.88|5.00|5.00|5.00|5.00|5.00|5.00|5.00|5.00|5.00
WARBURTONNPITT      SIMON|01:447:380:03|4.23|4.20|3.92|4.34|4.18|3.81|3.89|3.83|3.95|3.88
WARBURTONNPITT      SIMON|01:447:380:04|4.23|4.20|3.92|4.34|4.18|3.81|3.89|3.83|3.95|3.88
SIMON               LEE|01:447:380:11|4.23|4.20|3.92|4.34|4.18|3.81|3.89|3.83|3.95|3.88
SIMON               LEE|01:447:380:12|4.23|4.20|3.92|4.34|4.18|3.81|3.89|3.83|3.95|3.88
SIMON               LEE|01:447:380:13|4.23|4.20|3.92|4.34|4.18|3.81|3.89|3.83|3.95|3.88
WARBURTONNPITT      SIMON|01:447:380:14|4.23|4.20|3.92|4.34|4.18|3.81|3.89|3.83|3.95|3.88
MCGUIRE             TERRY|01:447:384:00|4.63|4.79|4.51|4.61|4.39|4.50|4.69|4.69|4.51|4.47|5.00
WALCZAK             ALEXANDRA|01:447:390:01|4.67|4.48|4.35|4.56|4.43|4.36|4.48|3.73|4.47|4.18
WALCZAK             ALEXANDRA|01:447:390:02|4.67|4.48|4.35|4.56|4.43|4.36|4.48|3.73|4.47|4.18
HEIMAN              G|01:447:403:01|4.73|4.77|4.60|4.77|4.44|4.60|4.47|4.33|4.77|4.67
MATISE              TARA|01:447:403:02|4.73|4.77|4.60|4.77|4.44|4.60|4.47|4.33|4.77|4.67
SINGSON             ANDREW|01:447:405:01|5.00|5.00|4.60|5.00|5.00|4.50|4.50|4.80|5.00|5.00
SINHA               NAVIN|01:447:451:01|4.69|4.70|4.26|4.74|4.48|4.12|4.41|4.07|4.41|4.37
MCKIM               KIM|01:447:465:01|4.23|4.60|4.37|4.60|4.64|4.19|4.20|3.85|4.19|4.15
SHUMYATSKY          GLEB|01:447:480:01|4.35|4.22|4.16|4.44|4.06|3.86|4.24|4.22|4.17|4.29
RONGO               CHRISTOPHE|01:447:480:01|4.35|4.22|4.16|4.44|4.06|3.86|4.24|4.22|4.17|4.29
HEY                 JODY|01:447:486:01|4.64|4.23|4.36|3.95|4.14|3.86|4.14|4.14|4.13|4.27
AXELROD             DAVID|01:447:495:00|4.53|4.20|4.33|4.07|3.36|4.07|4.33|4.47|3.80|3.87
