DEIS                FRANK|01:694:301:01|4.48|4.29|4.53|4.45|4.41|4.32|4.44|3.68|4.42|4.30|4.48|4.42|3.59|4.01
WILIMCZYK                BARBARA|01:694:313:01|4.25|4.20|3.98|4.18|4.02|3.96|3.95|3.90|4.02|3.92
WILIMCZYK            BARBRA|01:694:313:02|4.25|4.20|3.98|4.18|4.02|3.96|3.95|3.90|4.02|3.92
GABRIEL             AGRAM|01:694:313:05|4.25|4.20|3.98|4.18|4.02|3.96|3.95|3.90|4.02|3.92
GRANT               BARTH|01:694:315:00|4.70|4.58|4.44|4.63|4.53|4.45|4.56|4.50|4.53|4.50
NICKELS             BRYCE|01:694:315:00|4.70|4.58|4.44|4.63|4.53|4.45|4.56|4.50|4.53|4.50|4.50
MEADPARENT          JANET|01:694:315:00|4.70|4.58|4.44|4.63|4.53|4.45|4.56|4.50|4.53|4.50
EDERY               ISAAC|01:694:315:01|4.70|4.58|4.44|4.63|4.53|4.45|4.56|4.50|4.53|4.50|4.50
SEVERINOV|01:694:408:01|4.15|4.08|3.84|4.02|3.74|3.76|3.89|3.89|3.89|3.80|3.33
KUSCH               THOMAS|01:694:408:01|4.15|4.08|3.84|4.02|3.74|3.76|3.89|3.89|3.89|3.80
GUNDERSON           SAM|01:694:408:01|4.15|4.08|3.84|4.02|3.74|3.76|3.89|3.89|3.89|3.80
BRILL               STEVE|01:694:408:01|4.15|4.08|3.84|4.02|3.74|3.76|3.89|3.89|3.89|3.80|3.33
MONTELIONE          GAETANO|01:694:412:01|4.82|4.93|4.89|4.96|4.96|4.79|4.96|4.61|4.86|4.89|5.00|5.00|5.00
ANDERSON            STEPHEN|01:694:412:01|4.82|4.93|4.89|4.96|4.96|4.79|4.96|4.61|4.86|4.89
BHANOT              G|01:694:421:01|5.00|5.00|5.00|5.00|5.00|5.00|4.86|4.57|5.00|5.00
PADGETT             RICHARD|01:694:484:01|4.60|4.55|4.47|4.60|4.40|4.36|4.27|4.24|4.56|4.54
GUNDERSON           S|01:694:484:01|4.60|4.55|4.47|4.60|4.40|4.36|4.27|4.24|4.56|4.54
GUNDERSON           SAMUEL|01:694:484:01|4.60|4.55|4.47|4.60|4.40|4.36|4.27|4.24|4.56|4.54
NIEDERMAN           R|01:694:484:01|4.60|4.55|4.47|4.60|4.40|4.36|4.27|4.24|4.56|4.54
IRVINE              KENNETH|01:694:492:01|4.11|4.16|4.05|4.24|4.14|3.76|4.03|4.04|3.85|3.97
WHITE               EILEEN|01:694:492:01|4.11|4.16|4.05|4.24|4.14|3.76|4.03|4.04|3.85|3.97
STEWARD             RUTH|01:694:492:01|4.11|4.16|4.05|4.24|4.14|3.76|4.03|4.04|3.85|3.97
