KAZAKOVA            NATALIA|01:860:102:01|4.70|4.60|4.90|4.70|5.00|4.60|5.00|4.70|4.50|4.80
KAZAKOVA            N|01:860:102:02|4.70|4.60|4.90|4.70|5.00|4.60|5.00|4.70|4.50|4.80|5.00|5.00|5.00|5.00
MEDVEDEVA|01:860:108:01|4.53|4.74|4.53|4.94|4.63|4.42|4.63|4.42|4.70|4.60
MEDVEDEVA|01:860:108:02|4.53|4.74|4.53|4.94|4.63|4.42|4.63|4.42|4.70|4.60|5.00|5.00|5.00|5.00|5.00
MCCOYRUSANOVA|01:860:202:01|4.47|4.53|4.40|4.53|5.00|4.50|4.53|4.75|4.27|4.27
MCCOYRUSANOVA|01:860:202:02|4.47|4.53|4.40|4.53|5.00|4.50|4.53|4.75|4.27|4.27
MCCOYRUSANOVA|01:860:204:01|3.88|4.00|3.88|4.13|4.38|3.63|3.50|4.88|3.63|3.63
MCCOYRUSANOVA|01:860:302:01|4.17|4.33|3.83|4.33|4.50|4.17|4.00|4.33|4.00|4.00
BOJANOWSKA|01:860:322:01|4.87|4.53|4.87|4.57|3.85|4.33|4.60|4.36|4.60|4.60
PIROG|01:860:335:01|4.78|4.72|4.61|4.72|4.65|4.56|4.50|4.28|4.61|4.39|4.00|4.00|4.00|4.00|4.00|4.00|4.00|4.00
BOGOMOLNY|01:860:402:01|5.00|4.89|5.00|4.89|4.78|4.89|4.56|4.50|4.89|4.56
BOJANOWSKA|01:860:486:01|4.90|5.00|5.00|5.00|4.67|4.67|4.89|4.70|4.78|4.80
