OHNISHI             KYOKO|01:565:102:01|4.51|3.99|4.32|4.11|4.23|4.02|4.45|4.74|4.08|4.13
OHNISHI             KYOKO|01:565:102:02|4.51|3.99|4.32|4.11|4.23|4.02|4.45|4.74|4.08|4.13
HAWALKA             YASUKO|01:565:102:03|4.51|3.99|4.32|4.11|4.23|4.02|4.45|4.74|4.08|4.13|5.00
HAWALKA             YASUKO|01:565:102:04|4.51|3.99|4.32|4.11|4.23|4.02|4.45|4.74|4.08|4.13
HARASAKI            JIRO|01:565:102:70|4.51|3.99|4.32|4.11|4.23|4.02|4.45|4.74|4.08|4.13
HARASAKI            JIRO|01:565:202:01|4.89|4.94|4.94|5.00|4.77|4.80|4.77|4.79|4.86|4.80
HARASAKI            JIRO|01:565:202:02|4.89|4.94|4.94|5.00|4.77|4.80|4.77|4.79|4.86|4.80
BAXER               HARUMI|01:565:302:01|4.43|4.35|4.43|4.57|4.32|4.20|4.28|4.72|4.34|4.27
BALITE              FLORDELIA|01:565:302:02|4.43|4.35|4.43|4.57|4.32|4.20|4.28|4.72|4.34|4.27
SCHALOW             PAUL|01:565:315:01|4.75|4.70|4.60|4.75|4.70|4.60|4.75|3.90|4.95|4.95
SCHALOW             PAUL|01:565:320:01|5.00|4.91|4.74|4.91|4.43|4.57|4.74|4.52|4.96|4.83
WALKER              J|01:565:395:01|4.87|4.47|4.13|4.60|4.60|4.13|4.07|3.93|4.36|4.14
MAYNARD             SENKO|01:565:470:01|4.64|4.71|4.79|4.85|4.83|4.69|4.50|4.69|4.77|4.77
