CHO                 YOUNGMEE|01:574:101:01|4.46|4.45|4.58|4.64|4.43|4.39|4.41|4.41|4.44|4.33|5.00|5.00|5.00|5.00|5.00|5.00|5.00|5.00|5.00
JUNG                JIYOUNG|01:574:101:02|4.46|4.45|4.58|4.64|4.43|4.39|4.41|4.41|4.44|4.33|5.00|5.00|5.00|5.00|5.00|5.00|5.00|5.00|5.00
JUNG                JY|01:574:101:70|4.46|4.45|4.58|4.64|4.43|4.39|4.41|4.41|4.44|4.33|5.00
JUNG                JIYOUNG|01:574:201:01|4.40|4.70|4.60|4.75|4.45|4.45|4.45|4.25|4.53|4.30
CHO                 Y|01:574:210:01|3.70|4.00|4.19|4.19|4.22|4.04|3.96|3.64|3.96|3.88|4.50|5.00|5.00|4.50|4.50|4.50|5.00|5.00|5.00
LEE                 E|01:574:230:01|4.75|4.80|4.75|4.88|4.79|4.56|4.64|4.39|4.63|4.58|5.00|5.00|5.00|5.00|5.00|5.00|5.00|5.00|5.00
CHO                 SEONGEUN|01:574:301:01|4.56|4.78|4.33|4.67|4.33|4.11|4.44|4.67|4.50|4.44
YOON                HYUNSOOK|01:574:304:01|4.61|4.44|4.39|4.56|3.94|4.28|4.22|4.22|4.06|4.18|5.00
LEE                 MIHYE|01:574:401:01|4.57|4.86|4.57|4.71|5.00|4.57|4.29|4.14|4.67|4.50
CHO                 JEONGSOOK|01:574:410:01|4.43|4.43|4.36|4.57|4.14|4.36|4.64|4.07|4.43|4.36|5.00
