DAVIDSON            HARRIET|01:350:219:00|4.61|4.45|4.40|4.59|4.40|4.22|4.11|3.64|4.31|4.16|4.43|3.18|3.73|4.00|4.10|3.93|4.34|4.83|4.50
ELLERMAN            GREG|01:350:219:04|4.61|4.45|4.40|4.59|4.40|4.22|4.11|3.64|4.31|4.16|4.43|3.18|3.73|4.00|3.93|4.34
KUSCH               ROBERT|01:350:219:24|4.61|4.45|4.40|4.59|4.40|4.22|4.11|3.64|4.31|4.16|4.43|3.18|3.73|4.00|3.93|4.34
MCCLURE             JOHN|01:350:220:00|4.66|4.40|4.27|4.54|4.37|4.15|4.06|3.74|4.30|4.08|4.27|3.18|3.62|3.95|4.08|3.91|4.31|3.43|5.00
THOMAS              JD|01:350:220:08|4.66|4.40|4.27|4.54|4.37|4.15|4.06|3.74|4.30|4.08|4.27|3.18|3.62|3.95|4.08|3.91|4.31
THOMAS              JD|01:350:220:10|4.66|4.40|4.27|4.54|4.37|4.15|4.06|3.74|4.30|4.08|4.27|3.18|3.62|3.95|3.91|4.31
MASIELLO            REGINA|01:350:220:20|4.66|4.40|4.27|4.54|4.37|4.15|4.06|3.74|4.30|4.08|4.27|3.18|3.62|3.95|3.91|4.31
CHARNEY             MAURICE|01:350:221:01|4.39|4.40|4.41|4.54|4.07|3.86|4.07|4.33|4.14|4.24|4.00|2.70|3.62|4.20|3.61|3.83
PRATER              TZANNA|01:350:227:01|4.44|4.63|4.50|4.56|4.28|4.22|4.28|3.42|4.44|4.28|4.53|4.13|4.73|3.73|4.00|4.07|3.81|3.00|3.00
CHISM               CHRIS|01:350:301:01|4.65|4.81|4.69|4.83|4.36|4.55|4.38|3.48|4.67|4.45|4.55|3.22|3.67|3.90|3.82|4.13|4.50
ALGEEHEWITT         MARK|01:350:306:01|4.83|4.94|4.78|4.89|4.89|4.89|4.67|3.39|4.83|4.56|4.88|4.56|4.50|4.14|3.86|4.50
ALGEEHEWITT         MARK|01:350:308:01|4.47|4.47|4.21|4.70|4.13|4.12|4.00|3.53|4.15|3.91|3.80|2.93|3.36|3.63|3.86|4.27
KURNICK             DAVID|01:350:309:01|4.66|4.66|4.58|4.61|4.34|4.38|4.32|3.77|4.54|4.42|4.43|3.29|4.04|4.15|5.00|4.16|4.50|4.75
SIEGEL              JONAH|01:350:310:01|4.38|4.27|4.15|4.46|4.27|4.00|4.08|3.46|4.15|4.16|4.12|3.12|3.30|3.81|3.96|4.04
SMITH               CAROL|01:350:312:01|4.59|4.68|4.36|4.75|4.54|4.31|4.25|4.32|4.54|4.41|4.56|3.23|3.64|4.37|5.00|4.04|4.48
LEVAO               RONALD|01:350:323:01|4.84|4.55|4.83|4.79|4.65|4.61|4.67|4.35|4.76|4.69|4.29|3.13|3.85|4.07|4.38|3.99|4.47|4.86|4.80
FULTON THOMAS|01:350:323:02|4.84|4.55|4.83|4.79|4.65|4.61|4.67|4.35|4.76|4.69|4.29|3.13|3.85|4.07|3.99|4.47
COIRO               ANN|01:350:324:01|4.83|4.93|4.84|4.87|4.63|4.60|4.67|3.90|4.79|4.65|4.66|3.93|4.44|4.38|4.00|3.64|4.18
BARTELS             EMILY|01:350:343:01|4.71|4.78|4.67|4.77|4.67|4.54|4.40|3.86|4.75|4.51|4.21|2.79|3.43|3.82|4.00|3.74|4.23|3.00
DIAMOND             ELIN|01:350:347:01|4.45|4.24|4.31|4.03|4.00|4.03|4.11|3.59|4.18|4.04|3.80|3.29|3.56|3.84|3.50|3.77|3.86
FERGUSON            KEVIN|01:350:357:01|4.84|4.81|4.75|4.83|4.78|4.59|4.47|3.90|4.72|4.59|4.81|3.69|4.26|3.94|5.00|4.42|4.50|5.00
WALL                CHERYL|01:350:364:01|4.79|4.75|4.65|4.79|4.36|4.44|4.47|4.00|4.61|4.43|4.18|3.11|3.60|4.16|4.02|4.59
PRATER              TZARINA|01:350:368:01|4.85|4.81|4.93|4.96|4.67|4.93|4.93|3.93|4.88|4.85|4.88|4.65|4.87|3.67|4.36|4.32|4.00
WONG                EDLIE|01:350:376:01|4.73|4.67|4.69|4.84|4.66|4.45|4.30|3.80|4.53|4.43|4.56|3.26|3.61|3.92|4.29|4.37|4.51|4.25|5.00
PRATER              TZARINA|01:350:376:02|4.73|4.67|4.69|4.84|4.66|4.45|4.30|3.80|4.53|4.43|4.56|3.26|3.61|3.92|4.29|4.37|4.51|4.25|5.00
DUNBAR              EVE|01:350:376:03|4.73|4.67|4.69|4.84|4.66|4.45|4.30|3.80|4.53|4.43|4.56|3.26|3.61|3.92|4.29|4.37|4.51|4.25
ASADUDDIN           MOHD|01:350:378:01|4.80|4.60|4.55|4.60|4.67|4.35|4.71|4.00|4.60|4.50|4.26|3.00|3.58|3.74|5.00|3.94|4.38|5.00
DEKOVEN             MARIANNE|01:350:386:01|4.64|4.77|4.43|4.77|4.60|4.21|4.20|4.05|4.46|4.28|4.15|2.56|3.34|4.06|3.83|4.24
SCANLON             LARRY|01:350:388:01|3.24|3.85|3.64|4.03|3.78|3.06|3.00|3.00|3.33|3.28|3.72|3.39|3.05|3.60|3.54|4.17
ROGERS              JOHN|01:350:393:01|4.81|4.72|4.74|4.85|4.60|4.57|4.43|4.40|4.60|4.55|4.60|3.17|3.80|4.04|4.44|4.57|4.00
MORAN               DANIEL|01:350:393:03|4.81|4.72|4.74|4.85|4.60|4.57|4.43|4.40|4.60|4.55|4.60|3.17|3.80|4.04|4.44|4.57
KLEIN               STACY|01:350:412:01|5.00|5.00|5.00|5.00|5.00|4.83|5.00|3.83|5.00|4.83|4.83|3.83|4.67|3.83|4.60|4.40
CHISM               CHRISTINE|01:350:422:01|4.76|4.76|4.71|4.88|4.82|4.53|4.65|4.12|4.82|4.65|4.65|3.80|3.87|4.06|4.00|4.00
LEVAO               RONALD|01:350:427:01|5.00|5.00|5.00|5.00|4.88|4.94|4.94|4.82|5.00|4.94|4.81|4.00|4.20|4.73|4.27|4.40
FULTON THOMAS|01:350:428:01|4.47|4.76|4.82|4.94|4.82|4.53|4.41|3.88|4.71|4.47|4.82|3.81|4.43|4.29|3.94|4.41
ALGEEHEWITT         MARK|01:350:435:02|4.40|4.60|4.25|4.75|4.05|4.05|3.90|3.20|4.30|3.95|4.00|2.68|3.28|3.68|3.41|4.28|4.00
ROGERS              JOHN|01:350:437:02|4.79|4.94|4.88|4.94|4.85|4.85|4.75|4.53|4.81|4.75|4.88|3.52|3.84|4.32|4.50|4.25|4.31
SMITH               CAROL|01:350:437:04|4.79|4.94|4.88|4.94|4.85|4.85|4.75|4.53|4.81|4.75|4.88|3.52|3.84|4.32|4.25|4.31
EVANS               BRAP|01:350:446:01|4.84|4.87|4.90|4.90|4.55|4.65|4.67|4.06|4.81|4.71|4.58|3.58|3.87|4.29|4.13|4.27
WALL                CHERYL|01:350:446:02|4.84|4.87|4.90|4.90|4.55|4.65|4.67|4.06|4.81|4.71|4.58|3.58|3.87|4.29|4.13|4.27
