LEE                 JUYEON|01:615:101:04|4.55|4.58|4.47|4.64|4.56|4.37|4.36|3.27|4.47|4.32
SCHWEITZER          SUSAN|01:615:101:06|4.55|4.58|4.47|4.64|4.56|4.37|4.36|3.27|4.47|4.32
NUNEZ Olga|NONE|4.78|4.59|4.19|4.74|4.70|4.38|4.48|3.74|4.52|4.27|4.63|4.93|4.26|4.00|4.70|4.09
NUNEZ Olga|NONE|4.78|4.59|4.19|4.74|4.70|4.38|4.48|3.74|4.52|4.27|4.63|4.93|4.26|4.00|4.70|4.09
BITTNER             MARIA|01:615:201:01|4.75|4.37|4.49|4.59|4.39|4.36|4.49|4.08|4.45|4.40
DELACY              PAUL|01:615:201:71|4.75|4.37|4.49|4.59|4.39|4.36|4.49|4.08|4.45|4.40
CAMACHO             JOSE|01:615:305:01|4.50|4.63|4.56|4.88|4.69|4.25|4.38|3.81|4.38|4.19
AKINLABI            AKINBIYI|01:615:315:01|3.76|2.98|3.42|2.87|3.36|2.82|3.14|3.78|3.02|3.07
AKINLABI            AKINBIYI|01:615:315:02|3.76|2.98|3.42|2.87|3.36|2.82|3.14|3.78|3.02|3.07
LARRY               SCANLON|01:615:421:01|4.53|4.35|4.18|4.47|4.27|4.12|4.06|3.59|4.38|4.19|4.50|4.00|3.00|3.00|3.50|5.00
BAKER               MARK|01:615:421:01|4.53|4.35|4.18|4.47|4.27|4.12|4.06|3.59|4.38|4.19
TESAR               BRUCE|01:615:441:01|4.90|4.79|4.15|4.85|4.16|4.35|4.45|3.90|4.55|4.45
DEPREZ              VIVIANA|01:615:493:01|5.00|5.00|5.00|5.00|5.00|5.00|5.00|5.00|5.00
