KAHLAOUI            TAREK|01:508:201:01|4.29|4.39|3.89|4.54|4.29|3.89|4.04|3.85|4.04|3.85|5.00|5.00|5.00
VALENTI             PETER|01:508:205:01|4.74|4.80|4.75|4.80|4.34|4.45|4.52|4.12|4.69|4.64
BRAUN               LINDSAY|01:508:222:01|4.81|4.77|4.28|4.77|4.55|4.13|4.37|3.73|4.26|4.19
LIU                 XUN|01:508:246:01|4.55|4.25|4.12|4.28|4.15|3.90|4.22|3.95|4.03|4.03|5.00|4.00|2.00|3.00|4.00|3.00|3.00
WASSERMAN           MARK|01:508:264:01|4.65|4.53|4.48|4.44|4.34|4.37|4.53|4.06|4.38|4.42
WARNOCK             AMANDA|01:508:271:01|2.87|3.53|3.00|4.07|3.20|2.57|2.67|3.43|2.67|2.86|4.00
WARNOCK             AMANDA|01:508:272:01|4.25|4.45|3.92|4.45|4.18|4.27|4.00|3.73|3.82|4.09
TOWNSEND            CAMILLA|01:508:282:01|4.77|4.93|4.73|4.95|4.70|4.66|4.75|3.59|4.79|4.63|5.00|5.00|5.00|5.00
VALENTI             PETER|01:508:300:01|4.75|4.59|4.54|4.61|3.94|4.30|4.60|4.10|4.58|4.58|5.00|5.00
GOLDEN              PETER|01:508:301:01|4.60|4.80|4.40|4.75|4.75|4.05|4.35|3.95|4.35|4.25
CHIKOWERO           MOSES|01:508:320:01|3.83|4.42|4.25|4.42|4.50|4.27|4.08|3.58|4.25|4.25
CHATTERJEE          INDRANI|01:508:331:01|4.58|4.36|4.34|4.21|3.87|4.03|4.31|3.57|4.25|4.13
LIU XUN|01:508:342:01|4.41|4.44|4.39|4.61|4.65|4.39|4.63|4.05|4.47|4.47
RODEN DONALD|01:508:352:01|4.56|4.76|4.72|4.88|4.68|4.40|4.56|3.91|4.58|4.38|5.00|5.00|5.00|5.00|5.00
SANTIAGO            ALDO|01:508:392:01|4.58|4.81|4.69|4.81|4.63|4.58|4.78|4.15|4.63|4.56
STAUBER             RONI|01:508:392:03|4.58|4.81|4.69|4.81|4.63|4.58|4.78|4.15|4.63|4.56
