MORAN               DANIEL|01:351:201:01|5.00|5.00|5.00|4.92|4.62|4.92|4.67|3.75|4.77|4.92|4.75|3.45|3.73|3.92|4.42|4.25
SCHWARTZ            JASON|01:351:211:01|4.58|4.63|4.66|4.69|4.68|4.50|4.34|4.45|4.50|4.50|4.61|3.41|3.86|4.13|4.28|4.42|4.18
SCHWARTZ            JASON|01:351:211:02|4.58|4.63|4.66|4.69|4.68|4.50|4.34|4.45|4.50|4.50|4.61|3.41|3.86|4.13|4.28|4.42
HELLER              SARAH|01:351:211:04|4.58|4.63|4.66|4.69|4.68|4.50|4.34|4.45|4.50|4.50|4.61|3.41|3.86|4.13|4.28|4.42
HELLER              SARAH|01:351:211:05|4.58|4.63|4.66|4.69|4.68|4.50|4.34|4.45|4.50|4.50|4.61|3.41|3.86|4.13|4.20|4.28|4.42|4.18
JACKSON             MAMCUS|01:351:211:06|4.58|4.63|4.66|4.69|4.68|4.50|4.34|4.45|4.50|4.50|4.61|3.41|3.86|4.13|4.20|4.28|4.42|4.18|4.33
JAFFE               SARA|01:351:211:07|4.58|4.63|4.66|4.69|4.68|4.50|4.34|4.45|4.50|4.50|4.61|3.41|3.86|4.13|4.20|4.28|4.42
JACKSON             MARCUS|01:351:211:08|4.58|4.63|4.66|4.69|4.68|4.50|4.34|4.45|4.50|4.50|4.61|3.41|3.86|4.13|4.20|4.28|4.42|4.18|4.33
SUGARMAN            YERRA|01:351:211:11|4.58|4.63|4.66|4.69|4.68|4.50|4.34|4.45|4.50|4.50|4.61|3.41|3.86|4.13|4.28|4.42
BLANEY              PAUL|01:351:211:12|4.58|4.63|4.66|4.69|4.68|4.50|4.34|4.45|4.50|4.50|4.61|3.41|3.86|4.13|4.20|4.28|4.42|4.18
FUHRMAN             JOANNA|01:351:211:13|4.58|4.63|4.66|4.69|4.68|4.50|4.34|4.45|4.50|4.50|4.61|3.41|3.86|4.13|4.20|4.28|4.42
SVICH               CARIDAD|01:351:211:14|4.58|4.63|4.66|4.69|4.68|4.50|4.34|4.45|4.50|4.50|4.61|3.41|3.86|4.13|4.20|4.28|4.42|4.18|4.33
BETTS               TARA|01:351:211:15|4.58|4.63|4.66|4.69|4.68|4.50|4.34|4.45|4.50|4.50|4.61|3.41|3.86|4.13|4.20|4.28|4.42|4.18
ARNDT               JESSICA|01:351:211:16|4.58|4.63|4.66|4.69|4.68|4.50|4.34|4.45|4.50|4.50|4.61|3.41|3.86|4.13|4.28|4.42
JAFFE               SARA|01:351:211:18|4.58|4.63|4.66|4.69|4.68|4.50|4.34|4.45|4.50|4.50|4.61|3.41|3.86|4.13|4.20|4.28|4.42|4.18|4.33
MURRAY              RICHARD|01:351:211:21|4.58|4.63|4.66|4.69|4.68|4.50|4.34|4.45|4.50|4.50|4.61|3.41|3.86|4.13|4.20|4.28|4.42|4.18
TAYLOR              JUSTIN|01:351:211:22|4.58|4.63|4.66|4.69|4.68|4.50|4.34|4.45|4.50|4.50|4.61|3.41|3.86|4.13|4.28|4.42
SVICH               CARIDAD|01:351:211:23|4.58|4.63|4.66|4.69|4.68|4.50|4.34|4.45|4.50|4.50|4.61|3.41|3.86|4.13|4.20|4.28|4.42|4.33
MURRAY              RICHARD|01:351:211:26|4.58|4.63|4.66|4.69|4.68|4.50|4.34|4.45|4.50|4.50|4.61|3.41|3.86|4.13|4.28|4.42
BUCKLEY             MATTHEW|01:351:240:01|4.58|4.75|4.52|4.79|4.51|4.31|4.38|3.75|4.52|4.35|4.44|2.98|3.59|3.79|5.00|3.68|4.33|4.50|5.00
KUSCH               R|01:351:241:01|4.71|4.67|4.67|4.68|4.59|4.59|4.59|4.00|4.59|4.55|4.22|2.89|3.80|3.58|5.00|4.06|4.38
KING                ANNIE|01:351:265:01|4.95|4.95|5.00|5.00|4.95|4.90|4.85|4.15|4.90|4.94|4.88|4.18|4.07|4.18|4.53|4.47
BLANEY              PAUL|01:351:305:01|4.75|4.90|4.80|4.90|4.68|4.75|4.65|4.68|4.75|4.70|4.94|3.84|4.50|4.32|4.28|4.53|5.00
JURECIC             ANN|01:351:305:02|4.75|4.90|4.80|4.90|4.68|4.75|4.65|4.68|4.75|4.70|4.94|3.84|4.50|4.32|4.28|4.53
ELLIS               KATHERINE|01:351:305:03|4.75|4.90|4.80|4.90|4.68|4.75|4.65|4.68|4.75|4.70|4.94|3.84|4.50|4.32|4.28|4.53
MILLER              SUSAN|01:351:306:01|4.66|4.63|4.68|4.70|4.65|4.41|4.27|4.72|4.52|4.53|4.59|3.33|3.73|4.30|4.47|4.09
FUHRMAN             JOANNA|01:351:306:03|4.66|4.63|4.68|4.70|4.65|4.41|4.27|4.72|4.52|4.53|4.59|3.33|3.73|4.30|5.00|4.47|4.09|4.75|5.00
SUGARMAN            YERRA|01:351:306:04|4.66|4.63|4.68|4.70|4.65|4.41|4.27|4.72|4.52|4.53|4.59|3.33|3.73|4.30|5.00|4.47|4.09|4.75|5.00
BETTS               TARA|01:351:306:05|4.66|4.63|4.68|4.70|4.65|4.41|4.27|4.72|4.52|4.53|4.59|3.33|3.73|4.30|4.47|4.09|4.75|5.00
TUPPER              LARA|01:351:307:01|4.81|4.71|4.69|4.79|4.68|4.62|4.49|4.78|4.62|4.64|4.71|3.64|4.29|4.17|4.32|4.33
SHERMAN             RACHEL|01:351:307:02|4.81|4.71|4.69|4.79|4.68|4.62|4.49|4.78|4.62|4.64|4.71|3.64|4.29|4.17|3.50|4.32|4.33|5.00|5.00
TUPPER              LARA|01:351:307:03|4.81|4.71|4.69|4.79|4.68|4.62|4.49|4.78|4.62|4.64|4.71|3.64|4.29|4.17|4.32|4.33
SHERMAN             RACHEL|01:351:307:04|4.81|4.71|4.69|4.79|4.68|4.62|4.49|4.78|4.62|4.64|4.71|3.64|4.29|4.17|4.32|4.33
OSBORN              SUSAN|01:351:307:05|4.81|4.71|4.69|4.79|4.68|4.62|4.49|4.78|4.62|4.64|4.71|3.64|4.29|4.17|4.32|4.33
SEIDEL              DENA|01:351:312:01|4.64|4.65|4.60|4.66|4.67|4.36|4.48|4.00|4.53|4.45|4.37|3.95|4.40|3.95|4.20|4.56
COLLINS             CORNELIUS|01:351:312:02|4.64|4.65|4.60|4.66|4.67|4.36|4.48|4.00|4.53|4.45|4.37|3.95|4.40|3.95|5.00|4.20|4.56
SEIDEL              D|01:351:312:03|4.64|4.65|4.60|4.66|4.67|4.36|4.48|4.00|4.53|4.45|4.37|3.95|4.40|3.95|4.20|4.56|4.00
GLISERMAN           MARTIN|01:351:312:04|4.64|4.65|4.60|4.66|4.67|4.36|4.48|4.00|4.53|4.45|4.37|3.95|4.40|3.95|4.20|4.56
MCGILL              MEREDITH|01:351:312:05|4.64|4.65|4.60|4.66|4.67|4.36|4.48|4.00|4.53|4.45|4.37|3.95|4.40|3.95|4.20|4.56
MCCLURE             JOHN|01:351:321:01|4.75|4.75|4.75|4.88|4.71|4.42|4.65|4.17|4.75|4.71|4.35|2.96|3.50|3.76|3.00|3.95|4.25
EVANS               BRAD|01:351:334:01|4.74|4.79|4.56|4.77|4.44|4.51|4.47|4.46|4.63|4.51|4.50|3.68|3.73|4.28|5.00|4.16|4.38|5.00|5.00
ELLIS               KATHERINE|01:351:341:01|4.75|4.75|4.88|4.75|5.00|4.75|4.63|4.29|4.86|4.57|4.63|3.50|4.00|4.25|4.38|4.25
LEE                 RICK|01:351:348:01|3.71|2.57|3.43|2.29|2.43|2.43|3.29|4.29|2.33|2.71|3.33|2.67|2.83|2.67|4.17|3.67
MILLER              SUSAN|01:351:405:01|4.86|4.89|4.89|4.89|4.83|4.83|4.78|4.94|4.81|4.89|4.84|3.94|4.38|4.53|4.53|4.52|2.00
DOTY                MARK|01:351:405:02|4.86|4.89|4.89|4.89|4.83|4.83|4.78|4.94|4.81|4.89|4.84|3.94|4.38|4.53|5.00|4.53|4.52
OSBORN              SUSAN|01:351:405:03|4.86|4.89|4.89|4.89|4.83|4.83|4.78|4.94|4.81|4.89|4.84|3.94|4.38|4.53|5.00|4.53|4.52
BHARNETT            LOUISE|01:351:452:01|5.00|4.75|4.75|5.00|4.75|4.25|4.75|5.00|4.75|4.25
