SELLWOOD J|01:750:109:01|4.51|4.04|4.27|4.11|4.45|4.03|4.01|3.71|3.91|3.90|4.24|3.89|4.10|4.29|4.59|3.57
PIATEK S|01:750:109:02|4.51|4.04|4.27|4.11|4.45|4.03|4.01|3.71|3.91|3.90|4.24|3.89|4.10|4.29|4.59|3.57
GAWISER E|01:750:110:01|4.88|4.90|4.77|4.89|4.80|4.64|4.56|3.67|4.70|4.59|5.00|4.25|4.38|4.41|4.77|3.86
BRAHMIA S|01:750:115:00|4.46|4.42|4.36|4.35|4.29|4.29|4.17|4.16|4.18|4.22|4.84|3.75|3.87|3.69|4.45|3.83
BARTYNSKI R|01:750:123:00|4.59|4.29|4.42|4.33|4.10|4.14|3.81|3.83|4.12|4.00|4.83|3.51|4.00|3.71|4.53|3.75
BARTYNSKI R|01:750:123:00|4.59|4.29|4.42|4.33|4.10|4.14|3.81|3.83|4.12|4.00|4.83|3.51|4.00|3.71|4.53|3.75
Kojima H|01:750:123:04|3.67|3.46|3.47|3.87|3.77|3.35|3.24|3.70|3.29|3.50|3.79|3.39
Kojima H|01:750:123:05|3.67|3.46|3.47|3.87|3.77|3.35|3.24|3.70|3.29|3.50|3.79|3.39
Cizewski J|01:750:123:16|3.67|3.46|3.47|3.87|3.77|3.35|3.24|3.70|3.29|3.50|3.79|3.39
Cizewski J|01:750:123:17|3.67|3.46|3.47|3.87|3.77|3.35|3.24|3.70|3.29|3.50|3.79|3.39
Cizewski J|01:750:123:23|3.67|3.46|3.47|3.87|3.77|3.35|3.24|3.70|3.29|3.50|3.79|3.39
LEATH P|01:750:161:00|4.43|4.19|4.06|4.43|4.22|3.72|3.52|2.76|3.67|3.52|4.80|3.86|4.05|4.15|4.49|3.57
Kloet W|01:750:161:01|4.48|4.43|4.10|4.64|4.61|4.20|3.86|2.74|4.28|3.96|4.29|3.86|4.10|3.25|2.69|3.37|3.30
Kale A|01:750:161:04|4.48|4.43|4.10|4.64|4.61|4.20|3.86|2.74|4.28|3.96|4.29|3.86|4.10|3.25|2.69|3.37|3.30
Xu W|01:750:161:07|4.48|4.43|4.10|4.64|4.61|4.20|3.86|2.74|4.28|3.96|4.29|3.86|4.10|3.25|2.69|3.37|3.30
Kale A|01:750:161:08|4.48|4.43|4.10|4.64|4.61|4.20|3.86|2.74|4.28|3.96|4.29|3.86|4.10|3.25|2.69|3.37|3.30
Xu W|01:750:161:09|4.48|4.43|4.10|4.64|4.61|4.20|3.86|2.74|4.28|3.96|4.29|3.86|4.10|3.25|2.69|3.37|3.30
GENTILE M|01:750:193:00|4.59|4.60|4.48|4.77|4.52|4.21|3.99|2.83|4.34|4.10|4.98|3.41|3.62|4.02|3.87|3.50
Gentile M|01:750:193:01|3.80|3.87|3.64|4.26|4.22|3.47|3.29|2.83|3.55|3.49|4.63|3.35
Briggs H|01:750:193:02|3.80|3.87|3.64|4.26|4.22|3.47|3.29|2.83|3.55|3.49|4.63|3.35
Sierzega D|01:750:193:03|3.80|3.87|3.64|4.26|4.22|3.47|3.29|2.83|3.55|3.49|4.63|3.35
Dulli H|01:750:193:04|3.80|3.87|3.64|4.26|4.22|3.47|3.29|2.83|3.55|3.49|4.63|3.35
Patel K|01:750:193:08|3.80|3.87|3.64|4.26|4.22|3.47|3.29|2.83|3.55|3.49|4.63|3.35
GENTILE M|01:750:193:20|4.63|4.54|4.44|4.77|4.61|4.35|4.02|3.02|4.41|4.03|4.84|3.95|3.90|3.84|2.80|3.39|3.60
Briggs H|01:750:193:22|4.63|4.54|4.44|4.77|4.61|4.35|4.02|3.02|4.41|4.03|4.84|3.95|3.90|3.84|2.80|3.39|3.60
McDowell T|01:750:193:23|4.63|4.54|4.44|4.77|4.61|4.35|4.02|3.02|4.41|4.03|4.84|3.95|3.90|3.84|2.80|3.39|3.60
Siu T|01:750:193:24|4.63|4.54|4.44|4.77|4.61|4.35|4.02|3.02|4.41|4.03|4.84|3.95|3.90|3.84|2.80|3.39|3.60
Trinh Minh|01:750:193:26|4.63|4.54|4.44|4.77|4.61|4.35|4.02|3.02|4.41|4.03|4.84|3.95|3.90|3.84|2.80|3.39|3.60
Sierzega D|01:750:193:27|4.63|4.54|4.44|4.77|4.61|4.35|4.02|3.02|4.41|4.03|4.84|3.95|3.90|3.84|2.80|3.39|3.60
Patel S|01:750:193:28|4.63|4.54|4.44|4.77|4.61|4.35|4.02|3.02|4.41|4.03|4.84|3.95|3.90|3.84|2.80|3.39|3.60
Patel K|01:750:193:30|4.63|4.54|4.44|4.77|4.61|4.35|4.02|3.02|4.41|4.03|4.84|3.95|3.90|3.84|2.80|3.39|3.60
BRAHMIA A|01:750:202:00|4.96|4.86|4.90|4.82|4.77|4.78|4.68|3.67|4.81|4.71|4.79|3.90|4.55|4.60|4.78|3.97
BRAHMIA A|01:750:203:00|4.86|4.75|4.78|4.82|4.51|4.64|4.55|3.72|4.65|4.42|4.73|4.08|4.26|4.44|4.72|3.96
BRAHMIA A|01:750:203:00|4.86|4.75|4.78|4.82|4.51|4.64|4.55|3.72|4.65|4.42|4.73|4.08|4.26|4.44|4.72|3.96
Blumberg G|01:750:203:02|4.33|3.89|3.85|4.04|4.20|3.81|3.90|3.49|3.80|3.83|3.97
Kiryukhin V|01:750:203:03|4.33|3.89|3.85|4.04|4.20|3.81|3.90|3.49|3.80|3.83|3.97
Wu W|01:750:203:04|4.33|3.89|3.85|4.04|4.20|3.81|3.90|3.49|3.80|3.83|3.97
Kiryukhin V|01:750:203:05|4.33|3.89|3.85|4.04|4.20|3.81|3.90|3.49|3.80|3.83|3.97
Blumberg G|01:750:203:06|4.33|3.89|3.85|4.04|4.20|3.81|3.90|3.49|3.80|3.83|3.97
Kiryukhin V|01:750:203:07|4.33|3.89|3.85|4.04|4.20|3.81|3.90|3.49|3.80|3.83|3.97
Kiryukhin V|01:750:203:08|4.33|3.89|3.85|4.04|4.20|3.81|3.90|3.49|3.80|3.83|3.97
Blumberg G|01:750:203:09|4.33|3.89|3.85|4.04|4.20|3.81|3.90|3.49|3.80|3.83|3.97
Wu W|01:750:203:10|4.33|3.89|3.85|4.04|4.20|3.81|3.90|3.49|3.80|3.83|3.97
Blumberg G|01:750:203:11|4.33|3.89|3.85|4.04|4.20|3.81|3.90|3.49|3.80|3.83|3.97
Wu W|01:750:203:12|4.33|3.89|3.85|4.04|4.20|3.81|3.90|3.49|3.80|3.83|3.97
Wu W|01:750:203:14|4.33|3.89|3.85|4.04|4.20|3.81|3.90|3.49|3.80|3.83|3.97
Friedan D|01:750:203:16|4.33|3.89|3.85|4.04|4.20|3.81|3.90|3.49|3.80|3.83|3.97
Friedan D|01:750:203:17|4.33|3.89|3.85|4.04|4.20|3.81|3.90|3.49|3.80|3.83|3.97
Friedan D|01:750:203:18|4.33|3.89|3.85|4.04|4.20|3.81|3.90|3.49|3.80|3.83|3.97
CROFT M|01:750:204:00|3.79|4.01|4.00|4.23|4.11|3.57|3.61|3.10|3.50|3.39|4.78|4.25|3.95|4.17|4.06|3.67
Gilman R|01:750:204:01|3.62|3.47|3.48|3.84|3.86|3.21|3.22|3.05|3.19|3.21|3.58
Gilman R|01:750:204:03|3.62|3.47|3.48|3.84|3.86|3.21|3.22|3.05|3.19|3.21|3.58
Palaparthi A|01:750:205:09|4.14|4.09|3.90|4.33|4.31|3.90|3.81|3.44|3.89|3.75|3.74|3.75|4.03|3.60|2.42|3.16|3.49
Siddeshwar R|01:750:205:10|4.14|4.09|3.90|4.33|4.31|3.90|3.81|3.44|3.89|3.75|3.74|3.75|4.03|3.60|2.42|3.16|3.49
Kale A|01:750:205:14|4.14|4.09|3.90|4.33|4.31|3.90|3.81|3.44|3.89|3.75|3.74|3.75|4.03|3.60|2.42|3.16|3.49
Wang X|01:750:205:15|4.14|4.09|3.90|4.33|4.31|3.90|3.81|3.44|3.89|3.75|3.74|3.75|4.03|3.60|2.42|3.16|3.49
Ziyatdinov I|01:750:205:18|4.14|4.09|3.90|4.33|4.31|3.90|3.81|3.44|3.89|3.75|3.74|3.75|4.03|3.60|2.42|3.16|3.49
Revo A|01:750:205:20|4.14|4.09|3.90|4.33|4.31|3.90|3.81|3.44|3.89|3.75|3.74|3.75|4.03|3.60|2.42|3.16|3.49
Revo A|01:750:205:21|4.14|4.09|3.90|4.33|4.31|3.90|3.81|3.44|3.89|3.75|3.74|3.75|4.03|3.60|2.42|3.16|3.49
Revo A|01:750:205:22|4.14|4.09|3.90|4.33|4.31|3.90|3.81|3.44|3.89|3.75|3.74|3.75|4.03|3.60|2.42|3.16|3.49
Revo A|01:750:205:23|4.14|4.09|3.90|4.33|4.31|3.90|3.81|3.44|3.89|3.75|3.74|3.75|4.03|3.60|2.42|3.16|3.49
Khan F|01:750:205:25|4.14|4.09|3.90|4.33|4.31|3.90|3.81|3.44|3.89|3.75|3.74|3.75|4.03|3.60|2.42|3.16|3.49
Guliani A|01:750:206:01|4.31|4.36|4.12|4.50|4.30|4.11|3.93|3.29|4.08|3.93|4.20|4.08|3.63|3.61|2.70|3.27|3.51
Guliani A|01:750:206:02|4.31|4.36|4.12|4.50|4.30|4.11|3.93|3.29|4.08|3.93|4.20|4.08|3.63|3.61|2.70|3.27|3.51
Kulkarni I|01:750:206:03|4.31|4.36|4.12|4.50|4.30|4.11|3.93|3.29|4.08|3.93|4.20|4.08|3.63|3.61|2.70|3.27|3.51
Kulkarni I|01:750:206:04|4.31|4.36|4.12|4.50|4.30|4.11|3.93|3.29|4.08|3.93|4.20|4.08|3.63|3.61|2.70|3.27|3.51
Radhakrishnan|01:750:206:05|4.31|4.36|4.12|4.50|4.30|4.11|3.93|3.29|4.08|3.93|4.20|4.08|3.63|3.61|2.70|3.27|3.51
Kulkarni I|01:750:206:06|4.31|4.36|4.12|4.50|4.30|4.11|3.93|3.29|4.08|3.93|4.20|4.08|3.63|3.61|2.70|3.27|3.51
Penmasta A|01:750:206:08|4.31|4.36|4.12|4.50|4.30|4.11|3.93|3.29|4.08|3.93|4.20|4.08|3.63|3.61|2.70|3.27|3.51
Nathadwarwala|01:750:206:09|4.31|4.36|4.12|4.50|4.30|4.11|3.93|3.29|4.08|3.93|4.20|4.08|3.63|3.61|2.70|3.27|3.51
Radhakrishnan|01:750:206:11|4.31|4.36|4.12|4.50|4.30|4.11|3.93|3.29|4.08|3.93|4.20|4.08|3.63|3.61|2.70|3.27|3.51
RABE K|01:750:227:00|4.09|3.92|3.70|4.23|4.22|3.59|3.64|3.52|3.49|3.59|4.57|3.95|3.93|3.41|3.97|3.65
RABE K|01:750:227:00|4.09|3.92|3.70|4.23|4.22|3.59|3.64|3.52|3.49|3.59|4.57|3.95|3.93|3.41|3.97|3.65
Coleman P|01:750:227:01|4.72|4.66|4.41|4.66|4.69|4.46|4.42|3.70|4.54|4.29|4.82
Vanderbilt D|01:750:227:02|4.72|4.66|4.41|4.66|4.69|4.46|4.42|3.70|4.54|4.29|4.82
Chandra P|01:750:227:05|4.72|4.66|4.41|4.66|4.69|4.46|4.42|3.70|4.54|4.29|4.82
Vanderbilt D|01:750:227:06|4.72|4.66|4.41|4.66|4.69|4.46|4.42|3.70|4.54|4.29|4.82
Chandra P|01:750:227:08|4.72|4.66|4.41|4.66|4.69|4.46|4.42|3.70|4.54|4.29|4.82
Coleman P|01:750:227:11|4.72|4.66|4.41|4.66|4.69|4.46|4.42|3.70|4.54|4.29|4.82
Vanderbilt D|01:750:227:12|4.72|4.66|4.41|4.66|4.69|4.46|4.42|3.70|4.54|4.29|4.82
Chandra P|01:750:227:16|4.72|4.66|4.41|4.66|4.69|4.46|4.42|3.70|4.54|4.29|4.82
Vanderbilt D|01:750:227:17|4.72|4.66|4.41|4.66|4.69|4.46|4.42|3.70|4.54|4.29|4.82
Chandra P|01:750:227:18|4.72|4.66|4.41|4.66|4.69|4.46|4.42|3.70|4.54|4.29|4.82
Khan F|01:750:229:02|3.88|3.79|3.45|4.05|4.14|3.52|3.31|3.35|3.56|3.34|3.65|3.48|3.56|3.22|2.59|3.24|2.94
Khan F|01:750:229:05|3.88|3.79|3.45|4.05|4.14|3.52|3.31|3.35|3.56|3.34|3.65|3.48|3.56|3.22|2.59|3.24|2.94
Guliani A|01:750:229:07|3.88|3.79|3.45|4.05|4.14|3.52|3.31|3.35|3.56|3.34|3.65|3.48|3.56|3.22|2.59|3.24|2.94
Dai W|01:750:229:08|3.88|3.79|3.45|4.05|4.14|3.52|3.31|3.35|3.56|3.34|3.65|3.48|3.56|3.22|2.59|3.24|2.94
Guliani A|01:750:229:09|3.88|3.79|3.45|4.05|4.14|3.52|3.31|3.35|3.56|3.34|3.65|3.48|3.56|3.22|2.59|3.24|2.94
Palaparthi A|01:750:229:15|3.88|3.79|3.45|4.05|4.14|3.52|3.31|3.35|3.56|3.34|3.65|3.48|3.56|3.22|2.59|3.24|2.94
Alba G|01:750:229:16|3.88|3.79|3.45|4.05|4.14|3.52|3.31|3.35|3.56|3.34|3.65|3.48|3.56|3.22|2.59|3.24|2.94
Penmasta A|01:750:229:22|3.88|3.79|3.45|4.05|4.14|3.52|3.31|3.35|3.56|3.34|3.65|3.48|3.56|3.22|2.59|3.24|2.94
Dai W|01:750:229:23|3.88|3.79|3.45|4.05|4.14|3.52|3.31|3.35|3.56|3.34|3.65|3.48|3.56|3.22|2.59|3.24|2.94
Dai W|01:750:229:26|3.88|3.79|3.45|4.05|4.14|3.52|3.31|3.35|3.56|3.34|3.65|3.48|3.56|3.22|2.59|3.24|2.94
GERSHTEIN Y|01:750:271:00|4.01|3.30|3.47|3.81|3.74|3.40|3.41|3.72|3.15|3.33|3.93|3.63|3.66|2.62|4.15|3.78
KALELKAR M|01:750:273:00|4.96|4.91|4.89|4.95|4.84|4.86|4.82|4.36|4.89|4.89|4.95|3.67|4.70|4.09|4.35|4.02
KOLLER N|01:750:275:01|3.70|3.72|3.28|4.28|4.26|3.63|3.12|3.34|3.54|3.11|3.52|3.19|3.81|2.85|2.45|3.23|3.05
Koller N|01:750:275:02|3.70|3.72|3.28|4.28|4.26|3.63|3.12|3.34|3.54|3.11|3.52|3.19|3.81|2.85|2.45|3.23|3.05
DIACONESCU D|01:750:305:01|4.33|4.56|4.00|4.33|4.11|3.78|3.89|4.00|4.00|3.67|4.56|3.56|3.78|4.22|3.78
GERSHENSON M|01:750:313:01|4.36|4.45|3.82|4.41|4.36|3.77|4.27|4.23|4.09|3.82|4.45|4.18|4.45|4.50|3.82
MEKJIAN A|01:750:323:01|4.56|4.17|3.64|4.25|4.55|3.42|3.75|4.17|4.00|3.50|4.58|2.83|3.71|3.57|3.75
MEKJIAN A|01:750:323:02|4.56|4.17|3.64|4.25|4.55|3.42|3.75|4.17|4.00|3.50|4.58|2.83|3.71|3.57|3.75
MEKJIAN A|01:750:324:01|5.00|4.50|3.67|4.50|4.50|4.25|4.75|4.50|3.67|4.00|4.75|2.75|4.33|4.50|4.50
MEKJIAN A|01:750:324:02|5.00|4.50|3.67|4.50|4.50|4.25|4.75|4.50|3.67|4.00|4.75|2.75|4.33|4.50
PODZOROV (Lecture) V|01:750:326:00|4.57|4.32|3.84|4.38|4.59|3.86|3.62|3.30|4.16|3.54|4.38|3.15|3.00|2.45|3.38
PODZOROV V|01:750:326:03|4.06|4.14|3.74|4.53|4.22|3.67|3.33|3.14|4.03|3.42|4.67|3.33|3.97|2.67|2.64|3.44|3.60
JHA S|01:750:341:01|4.80|4.83|4.66|4.83|4.49|4.60|4.43|4.31|4.60|4.60|4.89|3.48|4.54|4.80|3.83
WILLIAMS T|01:750:344:01|4.71|4.57|4.43|4.57|5.00|4.57|4.86|4.43|4.71|4.71|5.00|4.71|4.00|4.50|3.57|3.29|4.29
HALKIADAKIS E|01:750:361:01|4.76|4.36|4.04|4.68|4.60|4.12|4.44|4.60|4.12|4.12|4.84|4.32|4.40|4.50|4.12
LATH A|01:750:381:01|4.35|4.18|4.29|4.47|4.55|4.15|4.18|4.35|4.35|4.21|4.94|4.62|4.59|4.56|3.85
YUZBASHYAN E|01:750:385:01|4.19|4.33|3.93|4.41|4.48|3.78|4.04|4.26|3.89|3.74|4.37|4.19|4.37|4.29|3.33
ANDREI E|01:750:387:01|3.25|2.93|2.64|3.36|3.13|2.93|2.93|3.53|3.00|2.87|4.60|3.13|2.53|2.27|3.07|3.47|2.73
ANDREI E|01:750:389:01|5.00|4.20|4.20|4.40|3.80|4.00|4.00|4.20|4.40|3.75|5.00|4.00|3.00|2.80|4.20|3.40|4.00
OH S|01:750:417:01|4.40|4.60|4.30|4.70|4.50|4.56|4.50|4.50|4.40|4.11|4.10|4.50|4.11|4.50|4.10
PRYOR C|01:750:442:01|4.14|4.57|4.00|4.71|4.43|3.29|3.43|4.00|4.14|3.71|4.86|4.00|4.29|4.43|3.71
CHANT R|01:750:451:01|4.25|5.00|4.50|5.00|4.25|4.25|4.50|4.00|4.25|3.75|5.00|4.50|4.00|4.50|3.00
HAIDVOGEL D|01:750:451:01|4.25|5.00|4.50|5.00|4.25|4.25|4.50|4.00|4.25|3.75|5.00|4.50|4.00|4.50|3.00
