BRILL               G|01:830:101:00|4.62|4.48|4.40|4.55|4.46|4.19|4.23|3.88|4.29|4.23|4.62|4.74|4.77|4.55|4.67|4.71|4.71|4.71|4.50
MUSUMECISZABO       T|01:830:101:01|4.62|4.48|4.40|4.55|4.46|4.19|4.23|3.88|4.29|4.23
CILENTE             G|01:830:101:02|4.62|4.48|4.40|4.55|4.46|4.19|4.23|3.88|4.29|4.23|4.62|4.74|4.77|4.55|4.67|4.71|4.71|4.71|4.50
LEYTON              M|01:830:101:03|4.62|4.48|4.40|4.55|4.46|4.19|4.23|3.88|4.29|4.23|4.62|4.74|4.77|4.55|4.67|4.71|4.71|4.71|4.50
JAMES               C|01:830:101:04|4.62|4.48|4.40|4.55|4.46|4.19|4.23|3.88|4.29|4.23|4.62|4.74|4.77|4.55|4.67
INGATE              M|01:830:101:05|4.62|4.48|4.40|4.55|4.46|4.19|4.23|3.88|4.29|4.23|4.62|4.74|4.77|4.55|4.67|4.71|4.71|4.71|4.50
BRILL               G|01:830:101:09|4.62|4.48|4.40|4.55|4.46|4.19|4.23|3.88|4.29|4.23|4.62|4.74|4.77|4.55|4.67|4.71|4.71|4.71|4.50
HAMILTON            L|01:830:101:10|4.62|4.48|4.40|4.55|4.46|4.19|4.23|3.88|4.29|4.23|4.62|4.74|4.77|4.55|4.67|4.71|4.71|4.71|4.50
JAMES C|01:830:101:12|4.37|4.41|4.53|4.39|4.38|4.20|4.21|4.01|4.12|4.16
JACOBS              L|01:830:101:14|4.62|4.48|4.40|4.55|4.46|4.19|4.23|3.88|4.29|4.23|4.62|4.74|4.77|4.55|4.67|4.71|4.71|4.71|4.50
BRILL               G|01:830:101:71|4.62|4.48|4.40|4.55|4.46|4.19|4.23|3.88|4.29|4.23
ACKROFF J|01:830:200:00|4.08|3.10|2.85|2.97|3.41|2.88|3.40|2.28|3.00|3.03
ACKROFF             J|01:830:200:00|4.38|4.13|3.62|4.18|4.21|3.70|3.80|2.57|3.89|3.54|4.00|3.67|3.33|4.33|4.33|3.67|3.67|3.67|3.67
STEIN               L|01:830:200:03|4.38|4.13|3.62|4.18|4.21|3.70|3.80|2.57|3.89|3.54
STEIN               L|01:830:200:06|4.38|4.13|3.62|4.18|4.21|3.70|3.80|2.57|3.89|3.54
KOWLER              E|01:830:301:01|3.73|3.33|3.40|3.74|3.32|3.13|3.12|3.16|3.16|3.10
KOWLER              E|01:830:301:02|3.73|3.33|3.40|3.74|3.32|3.13|3.12|3.16|3.16|3.10|5.00|5.00|5.00|5.00|5.00|5.00|5.00|5.00|5.00
DENISOVA            K|01:830:301:04|3.73|3.33|3.40|3.74|3.32|3.13|3.12|3.16|3.16|3.10
GLASS               A|01:830:303:01|4.41|3.84|4.00|3.88|4.51|4.04|3.93|3.39|3.91|3.95
MUSOLINO            J|01:830:305:03|4.69|4.46|4.41|4.54|4.34|4.25|4.25|3.86|4.34|4.23|5.00|5.00|5.00|5.00|5.00|5.00|5.00|5.00|5.00
MUSOLINO J|01:830:305:06|4.70|4.70|4.59|4.78|4.80|4.65|4.28|3.80|4.65|4.54
ACKROFF             J|01:830:305:08|4.69|4.46|4.41|4.54|4.34|4.25|4.25|3.86|4.34|4.23|5.00
LICHTENSTEIN        L|01:830:306:03|4.68|4.43|4.04|4.73|4.69|4.02|3.78|3.09|4.19|3.90
SEHA                K|01:830:306:04|4.68|4.43|4.04|4.73|4.69|4.02|3.78|3.09|4.19|3.90
WANG                L|01:830:306:10|4.68|4.43|4.04|4.73|4.69|4.02|3.78|3.09|4.19|3.90
TOMIE               A|01:830:311:01|4.72|4.59|4.47|4.57|4.69|4.30|4.34|3.81|4.51|4.42|5.00|5.00|5.00
MATZEL L|01:830:311:02|4.53|4.51|4.51|4.46|4.49|4.33|4.31|3.57|4.41|4.24
MATZEL              L|01:830:311:06|4.72|4.59|4.47|4.57|4.69|4.30|4.34|3.81|4.51|4.42
MA                  S|01:830:312:08|4.58|4.58|4.41|4.70|4.51|4.34|4.29|3.74|4.47|4.33
WEST                M|01:830:313:05|4.63|4.56|4.27|4.58|4.25|4.11|4.21|3.67|4.31|4.11|5.00|5.00|5.00
OTTO                T|01:830:313:06|4.63|4.56|4.27|4.58|4.25|4.11|4.21|3.67|4.31|4.11|5.00
MUSUMECISZABO|01:830:321:02|4.73|4.56|4.56|4.59|4.53|4.39|4.41|4.04|4.48|4.41
WILDER D|01:830:321:03|4.27|4.33|4.61|4.55|4.07|4.07|4.04|3.80|3.98|4.02
KILIANSKI           S|01:830:321:08|4.73|4.56|4.56|4.59|4.53|4.39|4.41|4.04|4.48|4.41|5.00|5.00|5.00|4.00|5.00|5.00|5.00|5.00|4.00
JUSSIM              L|01:830:323:01|4.00|3.63|4.06|3.33|3.80|3.20|3.81|3.60|3.87|3.69|5.00|5.00|5.00
CILENTE             G|01:830:331:01|4.40|4.28|3.92|4.32|4.15|3.66|3.91|3.81|3.83|3.81|4.00
INGATE              M|01:830:331:03|4.40|4.28|3.92|4.32|4.15|3.66|3.91|3.81|3.83|3.81|5.00|5.00|4.00|5.00|5.00
INGATE|01:830:331:06|4.72|4.61|4.36|4.60|4.39|4.16|4.30|4.09|4.20|4.15
HUDSON              J|01:830:332:01|3.57|4.09|3.74|4.07|4.02|3.40|3.39|3.89|3.72|3.71
MAYHEW E|01:830:333:01|4.48|4.53|4.33|4.52|4.44|4.01|4.10|3.86|4.24|4.18
DICKSON             L|01:830:333:03|4.10|3.70|3.72|3.74|3.59|3.45|3.76|3.96|3.54|3.58
MEYHEW              E|01:830:333:06|4.10|3.70|3.72|3.74|3.59|3.45|3.76|3.96|3.54|3.58|4.00
OGILVIE             D|01:830:338:01|4.44|4.08|4.18|4.23|4.27|3.92|4.06|4.04|4.06|4.04|5.00|5.00
ATWOOD G|01:830:340:01|4.71|4.70|4.81|4.77|4.65|4.65|4.65|4.38|4.66|4.65
MOHLMAN             J|01:830:340:05|4.97|4.96|4.96|4.95|4.96|4.84|4.88|4.48|4.91|4.85
MOHLMAN J|01:830:340:08|4.71|4.70|4.81|4.77|4.65|4.65|4.65|4.38|4.66|4.65
BANNON|01:830:341:02|4.41|4.80|4.30|4.85|4.69|4.20|4.06|4.18|4.41|3.91
ABELA               J|01:830:346:01|4.89|4.87|4.82|4.86|4.66|4.72|4.73|4.59|4.79|4.74|5.00
TOMIE               A|01:830:364:02|4.81|4.56|4.55|4.65|4.73|4.49|4.60|4.07|4.57|4.56|5.00
AIELLO              J|01:830:373:01|4.73|4.64|4.73|4.72|4.61|4.81|4.77|3.00|4.95|4.73|5.00|5.00
AIELLO              J|01:830:373:02|4.73|4.64|4.73|4.72|4.61|4.81|4.77|3.00|4.95|4.73
CONTRADA            R|01:830:377:01|4.79|4.59|4.49|4.67|4.70|4.34|4.36|3.94|4.49|4.36|4.08|4.35|2.63|2.14|3.63|4.50
WOOLFOLK            R|01:830:393:01|4.21|4.42|4.26|4.42|4.37|4.00|4.11|4.44|3.95|4.00
ELIAS               M|01:830:394:01|4.47|4.67|4.60|4.83|4.50|4.57|4.41|3.87|4.56|4.50
HUDSON              J|01:830:396:02|4.70|4.53|4.57|4.63|4.30|4.49|4.55|4.38|4.52|4.48
ELIAS               M|01:830:396:03|4.70|4.53|4.57|4.63|4.30|4.49|4.55|4.38|4.52|4.48
HARRIS              S|01:830:396:04|4.70|4.53|4.57|4.63|4.30|4.49|4.55|4.38|4.52|4.48|5.00|5.00|5.00|5.00|5.00|5.00
HARRIS              S|01:830:397:04|4.50|4.50|4.50|4.50|3.00|4.50|4.50|4.50|4.00|4.50
SELMAN              J|01:830:398:01|4.90|4.95|4.90|5.00|5.00|4.90|4.85|4.80|5.00|5.00
MCGANN              J|01:830:410:03|5.00|4.75|4.75|5.00|5.00|4.75|4.75|3.75|4.75|4.50|4.50|4.00|3.00
KUSNECOV            A|01:830:412:01|4.86|4.54|4.64|4.76|4.82|4.50|4.70|4.62|4.65|4.59|5.00|5.00|5.00|5.00|5.00
RUDMAN              L|01:830:422:01|4.76|4.75|4.75|4.80|4.65|4.70|4.60|4.13|4.77|4.64|5.00
JUSSIM              L|01:830:422:02|4.76|4.75|4.75|4.80|4.65|4.70|4.60|4.13|4.77|4.64
GELMAN              R|01:830:432:01|4.08|4.38|4.62|4.46|4.46|4.50|4.31|4.08|4.31|4.31
JAMES               C|01:830:451:01|4.96|5.00|5.00|5.00|5.00|5.00|5.00|4.91|5.00|5.00
WAGNER              G|01:830:463:01|4.97|4.97|4.94|4.94|4.91|4.85|4.85|4.44|5.00|4.91
SINGH               M|01:830:490:71|4.45|4.45|4.18|4.38|4.36|4.18|4.14|4.36|4.36|4.23
ELIAS               M|01:830:494:01|4.96|5.00|5.00|5.00|4.90|5.00|4.96|4.70|4.92|5.00
