PRUSA T|01:220:102:01|4.46|4.27|3.95|4.28|4.14|3.81|3.95|3.39|3.90|3.91
BLAIR D|01:220:102:02|4.46|4.27|3.95|4.28|4.14|3.81|3.95|3.39|3.90|3.91
RUBIN J|01:220:102:04|4.46|4.27|3.95|4.28|4.14|3.81|3.95|3.39|3.90|3.91
GIGLIOTTI G|01:220:102:05|4.46|4.27|3.95|4.28|4.14|3.81|3.95|3.39|3.90|3.91
PERRY               MARTIN|01:220:102:06|4.41|4.28|4.05|4.41|4.37|3.90|3.94|3.43|4.12|4.05|4.50|4.60|4.50|4.50|4.50|4.40|4.33|3.67|4.25
LEE J|01:220:102:08|4.46|4.27|3.95|4.28|4.14|3.81|3.95|3.39|3.90|3.91
Tombler Y|01:220:102:13|4.46|4.27|3.95|4.28|4.14|3.81|3.95|3.39|3.90|3.91
TOMBLER Y|01:220:102:14|4.46|4.27|3.95|4.28|4.14|3.81|3.95|3.39|3.90|3.91
RUBIN J|NONE|4.46|4.27|3.95|4.28|4.14|3.81|3.95|3.39|3.90|3.91
CLARE               GREGORY|01:220:103:01|4.27|4.05|3.88|3.92|3.89|3.59|3.92|3.37|3.80|3.71
CLARE               GREGORY|01:220:103:03|4.27|4.05|3.88|3.92|3.89|3.59|3.92|3.37|3.80|3.71
CHAUDHURI B|01:220:300:02|3.74|3.66|3.30|3.78|3.59|3.23|3.33|3.40|3.34|3.34
CHAUDHURI B|01:220:300:04|3.74|3.66|3.30|3.78|3.59|3.23|3.33|3.40|3.34|3.34
CLARE               GREGORY|01:220:300:06|4.54|4.38|3.98|4.23|4.04|3.52|3.94|3.67|3.98|3.94
SHEFLIN N|01:220:301:01|4.50|4.50|4.25|4.54|4.49|4.06|4.15|4.11|4.18|4.11
HASSAN M|01:220:301:02|4.50|4.50|4.25|4.54|4.49|4.06|4.15|4.11|4.18|4.11
STONE R|01:220:301:03|4.50|4.50|4.25|4.54|4.49|4.06|4.15|4.11|4.18|4.11
SANI M|01:220:301:07|4.50|4.50|4.25|4.54|4.49|4.06|4.15|4.11|4.18|4.11
WARMINGHAM          DALE|01:220:308:01|4.66|4.29|4.43|4.33|4.55|4.22|4.07|4.03|4.40|4.38
WARMINGHAM          DALE|01:220:308:05|4.66|4.29|4.43|4.33|4.55|4.22|4.07|4.03|4.40|4.38|5.00
RUSSELL L|01:220:311:01|4.67|4.50|4.08|4.61|4.11|3.97|4.06|3.74|4.06|3.97
DELIA D|01:220:316:01|4.54|4.14|3.68|4.11|3.74|3.09|3.46|3.89|3.49|3.40
DASTAN I|01:220:320:03|4.03|3.87|3.55|4.11|4.09|3.50|3.59|3.69|3.68|3.65
DASTAN I|01:220:320:04|4.03|3.87|3.55|4.11|4.09|3.50|3.59|3.69|3.68|3.65
PAUL M|01:220:320:05|4.03|3.87|3.55|4.11|4.09|3.50|3.59|3.69|3.68|3.65
LEE JI|01:220:320:07|4.03|3.87|3.55|4.11|4.09|3.50|3.59|3.69|3.68|3.65
PAUL M|01:220:320:08|4.03|3.87|3.55|4.11|4.09|3.50|3.59|3.69|3.68|3.65
TOMBLER Y|01:220:320:11|4.03|3.87|3.55|4.11|4.09|3.50|3.59|3.69|3.68|3.65
EMARA N|01:220:321:02|3.96|3.71|3.56|4.07|3.97|3.46|3.50|3.66|3.36|3.50
SHEFLIN N|01:220:321:03|3.96|3.71|3.56|4.07|3.97|3.46|3.50|3.66|3.36|3.50
PACZKOWSKI W|01:220:322:02|4.10|3.79|3.25|3.70|3.86|3.25|3.46|3.16|3.39|3.30
Landon-Lane John|01:220:322:03|4.10|3.79|3.25|3.70|3.86|3.25|3.46|3.16|3.39|3.30
AKRAM K|01:220:322:04|4.10|3.79|3.25|3.70|3.86|3.25|3.46|3.16|3.39|3.30
EMARA N|01:220:322:05|4.10|3.79|3.25|3.70|3.86|3.25|3.46|3.16|3.39|3.30
SHIMIZU H|01:220:322:07|4.10|3.79|3.25|3.70|3.86|3.25|3.46|3.16|3.39|3.30
AKRAM K|01:220:322:08|4.10|3.79|3.25|3.70|3.86|3.25|3.46|3.16|3.39|3.30
SIGMAN H|01:220:332:01|4.35|4.38|4.08|4.28|4.03|3.75|3.83|3.53|3.85|3.75
CLARE               GREGORY|01:220:335:01|4.38|4.17|3.88|4.10|4.05|3.78|4.00|3.88|3.90|3.85|5.00|5.00|5.00|5.00|5.00|5.00|5.00|5.00
FERNANDEZ           ANDRES|01:220:336:01|4.40|4.23|3.88|4.37|3.84|3.56|3.51|3.40|3.95|3.64|4.41|3.59|2.84
DUTTA M|01:220:337:01|3.00|2.75|3.25|3.25|2.96|2.82|3.25|3.43|2.79|3.00
BIRCHBY J|01:220:341:02|3.85|3.90|3.62|3.82|3.77|3.28|3.62|3.08|3.26|3.26
WHITE E|01:220:343:01|4.69|4.00|4.46|4.08|4.00|4.23|4.46|4.00|4.23|4.15
WHITE E|01:220:344:01|4.65|4.29|4.43|4.33|3.60|3.95|4.35|4.20|4.15|3.90
TSURUMI H|01:220:358:01|3.60|2.60|3.00|3.80|2.00|2.80|4.00|3.60|2.40|3.20
DUTTA M|01:220:359:01|3.35|2.68|3.68|3.23|3.13|2.94|3.42|3.65|2.97|3.03
CHAUDHURI B|01:220:362:01|3.46|3.47|2.91|4.03|4.21|2.94|3.37|3.74|3.00|3.00
MOEHLING C|01:220:375:01|4.84|4.82|4.66|4.74|4.16|4.08|4.32|3.74|4.46|4.39
GANG|01:220:377:02|3.96|4.15|3.95|4.27|4.37|3.57|3.62|3.62|3.81|3.74
GANG I|01:220:377:03|3.96|4.15|3.95|4.27|4.37|3.57|3.62|3.62|3.81|3.74
HASSAN M|01:220:389:01|3.76|3.41|2.76|3.65|3.59|2.82|3.12|3.41|2.71|3.00
BIRCHBY J|01:220:393:01|3.94|3.61|3.56|3.84|3.76|3.36|3.63|4.11|3.43|3.57
PACZKOWSKI W|01:220:394:01|4.60|4.60|4.80|4.00|4.40|4.40|4.40|4.00|4.40|4.20
PERRY               MARTIN|01:220:395:01|4.45|4.56|4.33|4.57|4.53|4.08|4.18|3.69|4.27|4.24
KLEIN               ROGER|01:220:401:71|4.80|4.60|4.10|4.85|4.70|4.20|4.45|3.65|4.47|4.35
CAMPBELL C|01:220:406:01|4.83|4.65|4.22|4.78|4.52|4.26|4.41|4.48|4.52|4.48
CARBONELL O|01:220:407:01|4.42|4.33|3.83|4.58|4.42|4.00|4.18|4.09|4.08|4.08
HUGHES              JOSEPH|01:220:408:01|4.77|4.46|4.54|4.54|4.62|4.31|4.62|3.85|4.46|4.46
BORDO M|01:220:412:01|4.13|3.83|3.50|3.92|3.50|3.54|3.92|3.79|3.50|3.63
