GERASOULIS          A|01:198:107:04|3.66|3.18|3.03|3.44|3.47|2.76|2.47|2.50|2.82|2.32
BELOWICH            ALAN|01:198:110:00|4.51|4.38|4.10|4.43|4.43|4.04|4.01|3.06|4.20|3.89
CHIRCO              JT|01:198:110:00|4.51|4.38|4.10|4.43|4.43|4.04|4.01|3.06|4.20|3.89|4.08|4.43|4.40|4.29|4.60|4.20|4.40|4.40
RAJAGOPALAN         SANGEETHA|01:198:110:01|4.51|4.38|4.10|4.43|4.43|4.04|4.01|3.06|4.20|3.89
BHEEMANATHINI       SWATHI|01:198:110:02|4.51|4.38|4.10|4.43|4.43|4.04|4.01|3.06|4.20|3.89
BHEEMANATHINI       SWATHI|01:198:110:13|4.51|4.38|4.10|4.43|4.43|4.04|4.01|3.06|4.20|3.89|4.08
RAJAGOPALAN         SANGEETHA|01:198:110:43|4.51|4.38|4.10|4.43|4.43|4.04|4.01|3.06|4.20|3.89
SAIKRISHNAN         KRITHIKA|01:198:110:50|4.51|4.38|4.10|4.43|4.43|4.04|4.01|3.06|4.20|3.89|4.08|4.43|4.40|4.29|4.60|4.20|4.40|4.40|4.67
YALAMANCHI          DEEPAK|01:198:110:51|4.51|4.38|4.10|4.43|4.43|4.04|4.01|3.06|4.20|3.89
PATADIA             JIGESH|01:198:110:52|4.51|4.38|4.10|4.43|4.43|4.04|4.01|3.06|4.20|3.89
PATADIA             JIGESH|01:198:110:53|4.51|4.38|4.10|4.43|4.43|4.04|4.01|3.06|4.20|3.89
YALAMANCHI          DEEPAK|01:198:110:54|4.51|4.38|4.10|4.43|4.43|4.04|4.01|3.06|4.20|3.89
BALAKRISHNAN        SUBHASHNI|01:198:110:55|4.51|4.38|4.10|4.43|4.43|4.04|4.01|3.06|4.20|3.89|4.08|4.43|4.40|4.29|4.60|4.20|4.40|4.40|4.67
BALAKRISHNAN        SUBHASHNI|01:198:110:56|4.51|4.38|4.10|4.43|4.43|4.04|4.01|3.06|4.20|3.89
HARI                PRADIP|01:198:111:00|4.74|4.57|4.42|4.61|4.17|4.29|4.43|4.33|4.48|4.34|5.00|5.00|5.00|5.00|5.00|5.00|5.00|5.00|5.00
HARI                PRADIP|01:198:111:00|4.74|4.57|4.42|4.61|4.17|4.29|4.43|4.33|4.48|4.34|5.00|5.00
HARI                PRADIP|01:198:112:00|4.53|4.45|4.31|4.65|4.51|4.27|4.54|4.46|4.34|4.32
VENUGOPAL           SESH|01:198:112:00|4.53|4.45|4.31|4.65|4.51|4.27|4.54|4.46|4.34|4.32|5.00
VENUGOPAL           SESH|01:198:113:00|4.55|4.53|4.21|4.44|4.30|4.27|4.20|4.46|4.24|4.05
STOUT               KRISTIAN|01:198:170:00|4.65|4.55|4.39|4.70|4.56|4.33|4.48|3.66|4.46|4.42
STOUT               KRISTIAN|01:198:170:00|4.65|4.55|4.39|4.70|4.56|4.33|4.48|3.66|4.46|4.42|4.80|4.67|4.67|4.50|4.80|4.80|4.80|5.00|5.00
JAIN                POOJA|01:198:170:03|4.65|4.55|4.39|4.70|4.56|4.33|4.48|3.66|4.46|4.42|4.80
JAIN                POOJA|01:198:170:04|4.65|4.55|4.39|4.70|4.56|4.33|4.48|3.66|4.46|4.42
ADDANKI             ANANTHA|01:198:170:05|4.65|4.55|4.39|4.70|4.56|4.33|4.48|3.66|4.46|4.42
ADDANKI             ANANTHA|01:198:170:06|4.65|4.55|4.39|4.70|4.56|4.33|4.48|3.66|4.46|4.42
KUNCHAKARRA         SRIVATSAV|01:198:170:10|4.65|4.55|4.39|4.70|4.56|4.33|4.48|3.66|4.46|4.42|5.00
INDUKURI            ROHIT|01:198:170:22|4.65|4.55|4.39|4.70|4.56|4.33|4.48|3.66|4.46|4.42
MCCARTY             LTHORNE|01:198:205:00|4.18|4.03|3.68|4.22|3.89|3.64|3.58|3.07|3.85|3.59
SHARIATTALKHONNCHE  SHAHRIAR|01:198:205:01|4.18|4.03|3.68|4.22|3.89|3.64|3.58|3.07|3.85|3.59
ELGAMMAL            AHMED|01:198:205:01|4.18|4.03|3.68|4.22|3.89|3.64|3.58|3.07|3.85|3.59|5.00
DEEBIASI            SERGIO|01:198:205:06|4.18|4.03|3.68|4.22|3.89|3.64|3.58|3.07|3.85|3.59
PAVLOVIC            VLADIMIR|01:198:206:01|4.44|4.38|3.83|4.45|4.20|3.88|4.04|3.35|4.27|3.88
STEIGER             WILLIAM|01:198:206:05|4.44|4.38|3.83|4.45|4.20|3.88|4.04|3.35|4.27|3.88|4.29|3.00|4.64|3.36
NATH                BADRI|01:198:211:00|4.57|4.50|4.29|4.58|4.40|4.33|4.50|4.52|4.38|4.28|5.00|5.00|5.00|4.50|5.00|5.00|5.00|5.00|5.00
SHAN                CHUNGCHIEH|01:198:314:00|4.64|4.41|3.85|4.77|4.28|3.97|3.87|3.79|4.22|3.68
BORGIDA             ALEX|01:198:336:01|4.25|4.50|3.96|4.57|4.35|3.96|4.07|3.85|4.26|3.93
GRIGORIADIS         MICHAEL|01:198:344:00|3.51|3.33|3.29|3.78|3.73|3.25|3.41|3.08|3.26|3.22
MARTIN              RICHARD|01:198:352:01|4.51|4.39|4.26|4.51|4.10|4.12|4.32|4.24|4.16|4.08
GANAPATHY           VINOD|01:198:416:00|4.39|4.15|4.09|4.15|3.69|3.71|4.06|3.91|3.85|3.91
NEALEN              ANDREW|01:198:428:01|4.75|4.50|4.38|4.46|4.54|4.04|4.25|4.08|4.33|4.50
MINSKY              NAFTALY|01:198:431:01|3.69|3.81|3.63|4.19|4.25|3.44|3.38|4.63|3.50|3.44
MCCARTY             LTHORNE|01:198:440:01|4.58|4.08|3.83|4.50|4.27|4.00|4.00|4.17|4.00|3.83
ELGAMMEL            AHMED|01:198:442:01|4.17|4.21|3.63|4.60|4.70|3.95|4.00|3.90|3.90|3.80
TOUFIQ              PARAG|01:198:442:01|4.17|4.21|3.63|4.60|4.70|3.95|4.00|3.90|3.90|3.80
