ALAMI               MYRIAM|01:420:102:02|4.10|4.29|4.20|4.37|4.11|3.83|4.00|4.41|3.83|3.76
GAUDIN              OLIVIER|01:420:102:30|4.10|4.29|4.20|4.37|4.11|3.83|4.00|4.41|3.83|3.76
ALAMI               MYRIAM|01:420:104:01|4.90|4.90|5.00|4.90|4.75|4.90|4.30|4.80|5.00|4.80
KARMARKAR           MEDHA|01:420:131:01|4.64|4.38|4.32|4.47|4.70|4.42|4.54|4.62|4.36|4.34
TOUBOUL             CLEMENCE|01:420:131:30|4.64|4.38|4.32|4.47|4.70|4.42|4.54|4.62|4.36|4.34|5.00
PIROUX              LORRAINE|01:420:132:02|4.64|4.55|4.51|4.55|4.53|4.39|4.44|4.63|4.50|4.44|4.00|1.00|5.00|5.00
ALAMI               MYRIAM|01:420:132:30|4.64|4.55|4.51|4.55|4.53|4.39|4.44|4.63|4.50|4.44|4.00
TOUBOUL             CLEMENCE|01:420:134:01|4.88|4.75|4.75|4.75|4.75|4.63|4.75|4.88|5.00|4.57
AUBERT              ANNE|01:420:213:01|4.80|4.59|4.30|4.57|4.30|4.07|4.03|4.43|4.33|3.73
ALLAMAND            CAROLE|01:420:213:30|4.80|4.59|4.30|4.57|4.30|4.07|4.03|4.43|4.33|3.73
SCHILLING           DEREK|01:420:214:01|4.08|4.47|4.31|4.62|4.22|4.11|3.85|4.34|4.19|3.89
FLIEGER             JERRY|01:420:214:02|4.08|4.47|4.31|4.62|4.22|4.11|3.85|4.34|4.19|3.89
AUBERT              ANNE|01:420:214:30|4.08|4.47|4.31|4.62|4.22|4.11|3.85|4.34|4.19|3.89
KARMARKAR           MEDHA|01:420:215:01|4.46|4.59|4.69|4.69|4.55|4.24|4.38|3.69|4.45|4.34
PIROUX              LORRAINE|01:420:215:02|4.46|4.59|4.69|4.69|4.55|4.24|4.38|3.69|4.45|4.34
SERRANO RICHARD|01:420:216:01|4.66|4.61|4.32|4.81|4.46|4.30|4.42|4.08|4.54|4.31
BOMBART             MATHILDE|01:420:216:02|4.66|4.61|4.32|4.81|4.46|4.30|4.42|4.08|4.54|4.31
PAIRET              AN A|01:420:216:03|4.66|4.61|4.32|4.81|4.46|4.30|4.42|4.08|4.54|4.31
SPEER               MARY|01:420:218:71|5.00|5.00|5.00|5.00|4.73|4.91|4.91|4.18|5.00|5.00
FLIEGER             JERRY|01:420:241:01|4.17|4.83|4.67|4.67|4.64|4.50|4.17|3.83|4.58|4.33
PALPACUER           CHRISTELLE|01:420:324:20|5.00|5.00|5.00|5.00|5.00|5.00|5.00|4.80|5.00|5.00|5.00|5.00|5.00|5.00|5.00
EISENZWEIG          URI|01:420:336:01|4.47|4.73|4.33|4.53|4.80|4.20|4.13|4.27|4.54|4.43
WILLIAMS ALAN|01:420:372:01|4.70|4.65|4.87|4.78|4.76|4.52|4.61|4.00|4.65|4.57
DEPREZ              VIVIANE|01:420:407:20|5.00|5.00|5.00|5.00|5.00|5.00|5.00|5.00|5.00|5.00
SPEER               MARY|01:420:415:01|5.00|4.83|4.83|4.82|4.75|4.75|4.92|4.00|4.75|4.75
LARRIER             RENEE|01:420:470:01|4.38|4.38|4.07|4.21|4.23|4.08|4.29|3.69|4.67|4.21
DIAMOND             MARIE|01:420:492:01|4.84|4.89|4.79|4.79|4.79|4.53|4.68|4.53|4.74|4.68
