DELBOURGO           JAMES|01:512:103:00|4.75|4.44|4.43|4.55|4.48|4.19|4.16|3.92|4.44|4.27|4.75|5.00|5.00|5.00|5.00|5.00|5.00|5.00|5.00
CLEMENS             PAUL|01:512:103:00|4.75|4.44|4.43|4.55|4.48|4.19|4.16|3.92|4.44|4.27|4.75|5.00
EITTRIEE            ELISABETH|01:512:103:02|4.75|4.44|4.43|4.55|4.48|4.19|4.16|3.92|4.44|4.27
CLEMENS             PAUL|01:512:103:03|4.75|4.44|4.43|4.55|4.48|4.19|4.16|3.92|4.44|4.27
DELBOURGO           JAMES|01:512:103:10|4.75|4.44|4.43|4.55|4.48|4.19|4.16|3.92|4.44|4.27
CLEMENS             PAUL|01:512:103:13|4.75|4.44|4.43|4.55|4.48|4.19|4.16|3.92|4.44|4.27
GILLETTE            WILLIAM|01:512:104:01|4.62|4.53|4.43|4.56|4.30|4.16|4.23|4.03|4.32|4.24
REED                J|01:512:104:03|4.62|4.53|4.43|4.56|4.30|4.16|4.23|4.03|4.32|4.24|4.00|4.67|4.00|5.00|4.00|5.00|4.00|5.00|4.50
GREENBERG           DAVID|01:512:205:01|4.57|4.55|4.33|4.65|4.54|4.04|4.48|4.27|4.18|4.31
YANS                VIRGINIA|01:512:278:01|3.69|3.79|3.56|4.05|3.94|3.13|3.35|3.94|3.30|3.39|3.00|3.00|4.00|3.00|4.00
SILVER              PETER|01:512:301:01|4.57|4.47|4.28|4.64|4.59|4.07|4.07|4.43|4.29|4.21|5.00|5.00|5.00|5.00|5.00|5.00|5.00|5.00|5.00
ISENBERG            ALISON|01:512:314:01|4.45|4.55|4.25|4.61|4.61|4.24|4.04|3.56|4.17|3.92
MARKOWITZ           NORMAN|01:512:316:01|3.50|3.57|3.64|3.84|4.14|3.32|3.43|3.85|3.52|3.52|4.00
SCHREPFER           SUSAN|01:512:324:01|4.50|4.76|4.71|4.82|4.65|4.35|4.53|3.82|4.44|4.47
FOGLESONG           DAVID|01:512:354:01|4.95|4.89|4.73|4.75|4.51|4.49|4.77|4.34|4.69|4.66|5.00|5.00
MARKOWITZ           NORMAN|01:512:377:01|3.57|3.90|3.80|4.12|4.14|3.46|3.60|4.37|3.47|3.50
LEBSOCK             SUZANNE|01:512:380:01|4.08|4.38|4.48|4.64|4.58|4.00|4.15|3.84|4.08|4.12|5.00|5.00
NEBEKER             F|01:512:395:01|4.90|4.73|4.70|4.80|4.60|4.47|4.47|3.17|4.59|4.38
GILLETTE            WILLIAM|01:512:410:01|4.35|3.96|3.61|3.74|3.18|3.35|3.92|4.04|3.58|3.50
