RODENBELL DONALD|01:506:113:01|4.42|4.21|4.04|4.36|4.06|3.86|3.90|3.56|4.12|4.03
YANS                VIRGINIA|01:506:212:01|4.30|4.09|4.18|4.55|4.18|4.27|4.30|3.60|4.30|4.10|3.00|3.00|3.00|3.00|3.00|3.00|3.00|3.00|3.00
SINKOFF             NANCY|01:506:272:01|3.86|3.60|3.71|3.79|3.13|2.86|3.71|2.93|3.33|3.20
MAKALANI MINKAH|01:506:330:01|3.79|4.11|4.28|4.21|4.18|3.86|4.18|3.71|4.00|3.89
MARKOWITZ           NORMAN|01:506:361:01|3.60|4.10|3.87|4.25|4.43|3.71|3.98|4.07|3.75|3.73|5.00
VARDALAS            JOHN|01:506:392:01|4.47|4.45|4.48|4.45|4.48|4.27|4.42|3.79|4.44|4.39|5.00|5.00|5.00|5.00|5.00|5.00|5.00|5.00|5.00
ZERUBAVEL           YAEL|01:506:392:02|4.47|4.45|4.48|4.45|4.48|4.27|4.42|3.79|4.44|4.39
YANS                VIRGINIA|01:506:402:01|4.53|4.62|4.50|4.61|4.40|4.36|4.45|4.08|4.44|4.41
RATANAPRUCK         PRISTA|01:506:402:02|4.53|4.62|4.50|4.61|4.40|4.36|4.45|4.08|4.44|4.41
FEINBERG            MELISSA|01:506:402:04|4.53|4.62|4.50|4.61|4.40|4.36|4.45|4.08|4.44|4.41
TURNER              SASHA|01:506:402:05|4.53|4.62|4.50|4.61|4.40|4.36|4.45|4.08|4.44|4.41
KAPLAN TEMMA|01:506:402:06|4.53|4.62|4.50|4.61|4.40|4.36|4.45|4.08|4.44|4.41
SCHREPFER           SUSAN|01:506:402:07|4.53|4.62|4.50|4.61|4.40|4.36|4.45|4.08|4.44|4.41
CHAMBERS            JOHN|01:506:402:09|4.53|4.62|4.50|4.61|4.40|4.36|4.45|4.08|4.44|4.41
SCHREPFER           SUSAN|01:506:402:10|4.53|4.62|4.50|4.61|4.40|4.36|4.45|4.08|4.44|4.41
MURCH DONNA|01:506:402:14|4.53|4.62|4.50|4.61|4.40|4.36|4.45|4.08|4.44|4.41
LIVINGSTON          JAMES|01:506:402:15|4.53|4.62|4.50|4.61|4.40|4.36|4.45|4.08|4.44|4.41
WASSERMAN           MARK|01:506:402:16|4.53|4.62|4.50|4.61|4.40|4.36|4.45|4.08|4.44|4.41|5.00|5.00|5.00|5.00|5.00|5.00|5.00|5.00|5.00
CLEMENS             PAUL|01:506:492:01|5.00|4.88|5.00|5.00|4.88|5.00|5.00|4.50|5.00|4.88
