SANTORO             LARA|01:560:101:01|4.68|4.73|4.67|4.86|4.80|4.59|4.64|4.26|4.65|4.50
GALUZZO             DARIO|01:560:101:02|4.68|4.73|4.67|4.86|4.80|4.59|4.64|4.26|4.65|4.50
GALUZZO             DARIO|01:560:101:03|4.68|4.73|4.67|4.86|4.80|4.59|4.64|4.26|4.65|4.50
SISLER              MARY|01:560:101:05|4.68|4.73|4.67|4.86|4.80|4.59|4.64|4.26|4.65|4.50
GALATI              CARMELO|01:560:101:06|4.68|4.73|4.67|4.86|4.80|4.59|4.64|4.26|4.65|4.50
GALATI              CARMELO|01:560:101:07|4.68|4.73|4.67|4.86|4.80|4.59|4.64|4.26|4.65|4.50|5.00|5.00|5.00|5.00|5.00|5.00|5.00|5.00|5.00
GALUZZO             DARIO|01:560:101:21|4.68|4.73|4.67|4.86|4.80|4.59|4.64|4.26|4.65|4.50
CRACCHIOLO          BRYAN|01:560:101:22|4.68|4.73|4.67|4.86|4.80|4.59|4.64|4.26|4.65|4.50
METALLO             CLAUDINE|01:560:101:23|4.68|4.73|4.67|4.86|4.80|4.59|4.64|4.26|4.65|4.50
FLORINO             MARINO|01:560:102:01|4.88|4.65|4.78|4.76|4.46|4.46|4.61|4.12|4.66|4.51
RUSNAK              MATTHEW|01:560:102:21|4.88|4.65|4.78|4.76|4.46|4.46|4.61|4.12|4.66|4.51
DEBEVOISE           DAVID|01:560:121:01|4.71|4.71|4.88|4.92|4.91|4.83|4.63|4.33|4.92|4.79
PASCALE             VINCENZO|01:560:123:01|4.25|4.50|4.25|4.25|4.50|3.25|3.25|4.75|3.50|3.50
ADDOLORATA          LABATE|01:560:131:02|4.38|4.46|4.63|4.64|4.57|4.46|4.40|4.50|4.36|4.33
MARSH               DAVID|01:560:231:01|4.50|4.47|4.63|4.53|4.67|4.27|4.30|4.37|4.38|4.55
GAMBAROTA           PAOLA|01:560:256:01|4.63|4.79|4.67|4.87|4.78|4.38|4.42|4.33|4.54|4.38
SISLER              MARY|01:560:306:01|4.52|4.70|4.50|4.75|4.80|4.35|4.14|4.30|4.45|4.33
GALUZZO             DARIO|01:560:321:01|4.79|4.86|4.71|4.86|5.00|4.57|4.64|5.00|4.85|4.69
PASCALE             VINCENZO|01:560:340:01|3.90|3.73|4.27|4.07|4.76|3.83|3.68|4.30|3.77|4.07
LEAKE               ELIZABETH|01:560:351:01|5.00|5.00|4.60|5.00|4.40|4.60|4.75|4.00|4.40|4.20
BALDI               ANDREA|01:560:358:01|4.87|4.87|4.73|5.00|4.87|4.87|4.73|4.53|4.71|4.71
