JONES               TOBY|01:508:205:01|4.80|4.84|4.82|4.88|4.54|4.64|4.86|4.33|4.64|4.78
LIVINGSTON          JU|01:508:220:01|4.44|4.59|4.18|4.62|4.48|3.96|3.94|3.45|4.26|4.06
LEE                 SUKHEE|01:508:240:01|4.54|4.35|4.04|4.65|4.72|3.85|3.96|3.69|4.00|4.04
TOWNSEND            CAMILLA|01:508:280:01|4.81|4.93|4.78|4.93|4.67|4.60|4.66|4.12|4.81|4.72
VALENTI             PETER|01:508:306:01|4.94|4.91|4.82|4.88|4.47|4.75|4.94|4.58|4.94|4.88
COOPER              BARBRA|01:508:326:01|4.47|4.62|3.92|4.65|4.28|3.88|3.97|3.28|4.38|3.95|5.00|5.00|5.00|5.00|5.00|5.00|5.00|5.00|5.00
MAGIER|01:508:333:01|4.41|4.50|4.67|4.88|4.89|4.08|4.42|4.07|4.31|4.33|5.00|5.00|5.00|5.00|5.00|5.00|5.00|5.00
LIU                 XUN|01:508:340:01|4.44|4.00|3.91|4.16|4.03|3.81|3.97|3.47|3.97|3.94
TRINER              GAIL|01:508:360:01|4.60|4.60|4.43|4.45|4.55|4.20|4.32|3.82|4.45|4.28
GOLDEN              PETER|01:508:391:01|4.78|4.78|4.74|4.88|4.80|4.47|4.76|4.25|4.75|4.70
TOWNSEND            CAMILLA|01:508:391:02|4.78|4.78|4.74|4.88|4.80|4.47|4.76|4.25|4.75|4.70|5.00|5.00|5.00|5.00|5.00
SRINIVASAN          PERVNDEVI|01:508:391:03|4.78|4.78|4.74|4.88|4.80|4.47|4.76|4.25|4.75|4.70|5.00|5.00
BASHI               GOLDBARG|01:508:391:05|4.78|4.78|4.74|4.88|4.80|4.47|4.76|4.25|4.75|4.70
RODEN               DONALD|01:508:450:01|4.67|4.67|4.54|4.83|4.75|4.39|4.61|4.42|4.56|4.50
