HEY                 JODY|01:447:302:01|4.68|4.58|4.51|4.66|4.60|4.47|4.66|3.54|4.53|4.42
AXELRODHSIEH        DAVIDDANIE|01:447:302:01|4.68|4.58|4.51|4.66|4.60|4.47|4.66|3.54|4.53|4.42|5.00|5.00|5.00|5.00|4.00|5.00|5.00|4.00|5.00
BRZUSTOWICZGORDONMAT|01:447:302:01|4.68|4.58|4.51|4.66|4.60|4.47|4.66|3.54|4.53|4.42
SINHA               NAVIN|01:447:380:00|4.58|4.39|4.17|4.52|4.29|3.94|4.01|3.75|4.15|3.90
SMARASH             DANIELLE|01:447:380:13|4.58|4.39|4.17|4.52|4.29|3.94|4.01|3.75|4.15|3.90|4.75
YU                  SIMON|01:447:382:02|4.65|4.42|4.13|4.42|4.37|4.04|3.89|3.86|4.21|3.87
PLNT                SAUMYA|01:447:382:03|4.65|4.42|4.13|4.42|4.37|4.04|3.89|3.86|4.21|3.87
YU                  SIMON|01:447:382:07|4.65|4.42|4.13|4.42|4.37|4.04|3.89|3.86|4.21|3.87
BRENNMAN            MARK|01:447:385:02|4.77|4.76|4.49|4.85|4.42|4.43|4.62|4.68|4.67|4.63
PASSMORE            HOWARD|01:447:387:01|4.84|4.84|4.63|4.89|4.47|4.53|4.68|4.16|4.63|4.53
KEATING             ANNE|01:447:390:00|4.69|4.49|4.31|4.47|4.46|4.32|4.46|4.02|4.38|4.31
BRUNING             ADRIAN|01:447:392:01|4.97|4.94|4.97|4.97|4.88|4.88|4.82|4.55|4.94|4.85
SAHOTA              AMRIK|01:447:404:02|4.76|4.88|4.59|4.88|5.00|4.59|4.34|4.31|4.66|4.34
SINHA               NAVIN|01:447:404:03|4.76|4.88|4.59|4.88|5.00|4.59|4.34|4.31|4.66|4.34
YU                  LEI|01:447:460:01|4.63|4.94|4.89|4.94|4.43|4.74|4.71|4.63|4.74|4.70
MATISE              TARA|01:447:481:01|4.72|4.62|4.47|4.63|4.36|4.43|4.47|4.48|4.48|4.43
MATISE              TARA|01:447:481:02|4.72|4.62|4.47|4.63|4.36|4.43|4.47|4.48|4.48|4.43
