ZHU                 LI|01:165:102:01|4.90|4.81|4.82|4.91|4.87|4.78|4.84|4.70|4.82|4.75
ZHU                 LI|01:165:102:02|4.90|4.81|4.82|4.91|4.87|4.78|4.84|4.70|4.82|4.75|5.00|5.00
LI                  DONGMEI|01:165:102:03|4.90|4.81|4.82|4.91|4.87|4.78|4.84|4.70|4.82|4.75
QIU                 JIA|01:165:102:04|4.90|4.81|4.82|4.91|4.87|4.78|4.84|4.70|4.82|4.75
LI                  DONGMEI|01:165:102:70|4.90|4.81|4.82|4.91|4.87|4.78|4.84|4.70|4.82|4.75
NU                  YURU|01:165:111:01|4.70|4.54|4.66|4.50|4.67|4.54|4.70|4.36|4.53|4.51
LAI                 YIJU|01:165:202:01|4.86|4.84|4.89|5.00|4.82|4.73|4.82|4.70|4.77|4.77
WU                  YURU|01:165:202:02|4.86|4.84|4.89|5.00|4.82|4.73|4.82|4.70|4.77|4.77|5.00
NING                XIN|01:165:220:01|4.63|4.60|4.19|4.69|4.63|3.98|4.28|3.51|4.35|4.31
NING                JING|01:165:222:01|4.79|4.74|4.58|4.84|4.74|4.53|4.74|4.53|4.74|4.56|3.00|3.00|3.00|3.00|3.00|3.00|3.00|3.00
TSCHANZ             DIETRICH|01:165:242:01|4.33|4.58|4.00|4.50|4.25|3.92|3.92|4.00|4.08|4.08
SONG                WEIJIE|01:165:262:01|4.55|4.48|4.08|4.64|4.15|4.02|4.11|3.85|4.37|4.26|5.00|5.00|5.00|5.00|5.00|5.00|5.00|5.00|5.00
WU                  YURU|01:165:302:01|4.80|4.80|4.68|4.68|4.85|4.58|4.69|4.61|4.70|4.57
NING                J|01:165:302:02|4.80|4.80|4.68|4.68|4.85|4.58|4.69|4.61|4.70|4.57
WU                  Y|01:165:322:01|4.91|4.83|4.87|4.83|4.78|4.78|4.87|4.57|4.91|4.86
SHEN                G|01:165:362:01|3.43|3.43|2.71|3.33|3.00|1.86|2.29|3.43|2.29|2.29
ZHANG Y|01:165:371:01|4.38|4.77|4.23|4.85|4.85|4.31|4.15|4.38|4.27|4.45
NING                X|01:165:419:01|4.82|4.75|4.58|4.75|4.75|4.75|4.75|4.42|4.92|4.67|5.00
SIMMONS             R|01:165:425:01|4.70|4.60|4.33|4.62|4.65|4.20|4.44|4.18|4.48|4.43|5.00|5.00|5.00|5.00|5.00|5.00|5.00|5.00|5.00
SONG                W|01:165:452:01|4.83|4.76|4.72|4.79|4.66|4.69|4.66|4.62|4.83|4.72|5.00|5.00
