ZAMANI              A|01:840:101:01|4.13|3.88|3.75|3.88|3.69|3.19|3.75|3.25|3.44|3.31
OBAYASHI            HIROSHI|01:840:112:01|4.56|4.19|4.20|4.29|4.16|3.90|4.18|3.85|4.10|4.02|5.00|5.00|5.00|5.00|5.00|5.00|5.00|5.00
WALLACE|01:840:201:01|4.52|4.54|4.41|4.63|4.80|4.15|4.26|3.93|4.40|4.27
WALLACE             GREGORY|01:840:201:02|4.52|4.54|4.41|4.63|4.80|4.15|4.26|3.93|4.40|4.27
KOLBABA             TIA|01:840:202:01|4.44|4.46|4.24|4.53|4.27|4.07|4.19|3.93|4.06|3.96
DARDEN              LYNNE|01:840:202:02|4.44|4.46|4.24|4.53|4.27|4.07|4.19|3.93|4.06|3.96
WASSERMAN           E|01:840:202:03|4.44|4.46|4.24|4.53|4.27|4.07|4.19|3.93|4.06|3.96
MYLADIL             THOMAS|01:840:211:02|4.47|4.15|4.29|4.45|4.42|4.11|4.16|3.99|4.40|4.22
JIANG               TAO|01:840:211:03|4.47|4.15|4.29|4.45|4.42|4.11|4.16|3.99|4.40|4.22
BISHOP              KATHLEEN|01:840:212:01|4.52|4.47|4.15|4.62|4.40|4.02|4.32|4.13|4.30|4.19
PAVLIN              JAMES|01:840:212:02|4.52|4.47|4.15|4.62|4.40|4.02|4.32|4.13|4.30|4.19
MCGINLEY            DUGAN|01:840:212:03|4.52|4.47|4.15|4.62|4.40|4.02|4.32|4.13|4.30|4.19|5.00
YADIN               A|01:840:310:01|4.64|4.64|4.73|4.55|4.36|4.45|4.73|4.73|4.50|4.33
MCGINLEY            DUGAN|01:840:318:01|4.75|4.90|4.55|4.95|4.60|4.40|4.35|4.05|4.67|4.35
SUROWITZ            HILIT|01:840:319:01|4.82|4.82|4.61|4.88|4.79|4.47|4.78|4.09|4.81|4.72|5.00
SHERBOW             PAUL|01:840:322:01|4.56|4.74|4.58|4.88|4.85|4.55|4.65|4.45|4.61|4.67
JIANG               TAO|01:840:323:01|4.57|4.50|4.29|4.50|4.34|4.04|4.17|4.07|4.31|4.21
PAVLIN              JAMES|01:840:325:01|4.84|4.84|4.78|4.84|4.39|4.58|4.84|4.47|4.68|4.68|5.00
ZAMANI              AMIR|01:840:326:01|4.28|4.07|4.20|4.25|4.10|3.70|4.17|4.03|4.00|4.00
MOJADDEDI           JAWID|01:840:326:02|4.28|4.07|4.20|4.25|4.10|3.70|4.17|4.03|4.00|4.00
JONES               JAMES|01:840:341:01|4.38|4.18|4.13|4.31|4.18|3.42|4.05|4.28|3.90|3.95
JONES               JAMES|01:840:352:01|4.59|4.59|4.50|4.50|4.18|4.29|4.47|4.41|4.35|4.29
Buchta David|01:840:368:01|4.12|4.47|4.24|4.82|4.88|4.29|4.29|4.13|4.18|4.12
LANG                ARIELLA|01:840:393:01|4.80|4.80|4.60|4.80|4.80|4.60|4.60|3.20|4.80|4.60
KOLBABA             TIA|01:840:426:01|4.80|4.80|4.80|5.00|5.00|4.90|4.90|4.00|4.80|4.80
MOJADDEDI           JAWID|01:840:456:01|5.00|5.00|5.00|5.00|5.00|4.33|5.00|4.33|4.67|5.00
