DAVIS               W|01:014:103:02|4.19|4.00|4.50|4.31|4.05|4.17|4.27|3.89|4.08|4.12|5.00
BROWN               ALRICK|01:014:132:01|4.45|4.41|4.55|4.32|4.67|4.32|4.33|3.68|4.32|4.24|5.00
JACKSONBREWER       KARLA|01:014:206:01|4.52|4.83|4.92|4.83|4.71|4.54|4.83|4.38|4.71|4.79|5.00
REED                SG|01:014:230:01|4.23|4.53|4.60|4.63|4.79|4.40|4.27|4.39|4.50|4.50|4.67|5.00|5.00|5.00|5.00|5.00|5.00|5.00|5.00
RICHMOND            VANDELL|01:014:240:01|2.70|3.09|3.65|3.43|3.14|3.13|2.26|3.09|2.83|3.00|5.00
WESTBROOK           R|01:014:255:01|4.83|4.92|4.92|5.00|4.78|4.67|4.83|4.25|4.82|4.80|5.00|5.00
WESTBROOK           R|01:014:258:01|4.61|5.00|4.89|5.00|4.86|4.83|4.83|4.28|4.83|4.89|5.00|5.00|5.00
NASH                M|01:014:274:01|3.29|3.85|3.21|4.00|4.46|3.23|3.23|3.31|3.62|3.46|4.00|4.00|4.00|4.00|4.00|4.00|4.00|4.00|4.00
PLUMMER             J|01:014:302:02|4.41|4.48|4.57|4.52|4.26|4.35|4.22|4.37|4.35|4.37|4.00|4.00|4.00|4.00|4.00|4.00|4.00|4.00|4.00
GRIER               A|01:014:304:01|3.26|3.56|4.23|3.69|4.10|3.38|3.79|3.81|3.23|3.58|4.50
GRIER               A|01:014:304:02|3.26|3.56|4.23|3.69|4.10|3.38|3.79|3.81|3.23|3.58|4.50
KHAN                K|01:014:347:01|4.39|4.15|4.55|4.25|4.03|4.16|4.50|3.94|4.26|4.17
TATE                G|01:014:353:01|5.00|4.97|5.00|5.00|4.97|4.97|4.97|4.77|5.00|5.00
NASH                M|01:014:357:01|4.27|4.33|4.33|4.44|4.65|4.18|4.38|3.76|4.27|4.31
GARDNER             M|01:014:362:01|2.25|2.64|3.70|4.08|4.18|3.00|2.91|3.60|2.50|2.70
CATCHING            C|01:014:363:01|4.75|4.83|4.82|4.83|4.73|4.58|4.42|4.50|4.64|4.60|5.00|5.00
BETHEL              L|01:014:369:01|4.68|4.77|4.87|4.90|4.87|4.63|4.70|4.20|4.68|4.57|5.00|5.00|5.00|5.00|5.00
BETHEL              L|01:014:423:01|4.50|4.50|5.00|4.50|5.00|4.50|4.50|4.00|5.00|4.50|4.00
