MCGILL              M|01:350:219:00|4.68|4.55|4.50|4.71|4.53|4.33|4.28|3.46|4.47|4.23|4.46|3.33|3.71|3.74|4.80|3.78|4.38|4.25|4.33
JAGER               C|01:350:219:16|4.68|4.55|4.50|4.71|4.53|4.33|4.28|3.46|4.47|4.23|4.46|3.33|3.71|3.74|3.78|4.38
KUSCH               R|01:350:219:20|4.68|4.55|4.50|4.71|4.53|4.33|4.28|3.46|4.47|4.23|4.46|3.33|3.71|3.74|4.80|3.78|4.38
DIENST              R|01:350:220:00|4.57|4.58|4.43|4.64|4.45|4.20|4.05|3.99|4.37|4.14|4.25|3.06|3.51|3.97|4.22|3.92|4.35
KURNICK             D|01:350:220:00|4.57|4.58|4.43|4.64|4.45|4.20|4.05|3.99|4.37|4.14|4.25|3.06|3.51|3.97|4.22|3.92|4.35|4.33|5.00
COSSEN              D|01:350:220:04|4.57|4.58|4.43|4.64|4.45|4.20|4.05|3.99|4.37|4.14|4.25|3.06|3.51|3.97|4.22|3.92|4.35
FULTON              T|01:350:225:01|3.91|3.94|4.23|4.47|4.35|3.94|3.91|3.97|4.06|4.00|4.41|3.12|3.74|3.97|3.67|3.88|4.45
JACKSON             G|01:350:227:01|4.92|4.62|4.82|4.59|4.80|4.73|4.78|3.48|4.67|4.59|4.29|3.71|4.43|3.54|4.24|4.59|5.00
KERNAN              R|01:350:251:01|4.39|4.72|4.61|4.72|4.89|4.47|4.50|3.28|4.39|4.44|4.56|3.13|3.93|3.63|4.00|3.53|4.35
KRAMNICK            J|01:350:305:01|4.69|4.65|4.60|4.64|4.73|4.38|4.62|3.33|4.56|4.39|4.58|3.64|3.88|4.04|3.74|4.09|4.50
JAGER               C|01:350:307:01|4.67|4.63|4.15|4.61|4.32|4.16|4.06|3.18|4.21|4.00|4.45|3.13|3.63|3.71|3.93|4.25
KURNICK             D|01:350:309:01|4.97|4.90|4.80|4.83|4.70|4.67|4.67|3.46|4.86|4.71|4.80|3.93|4.24|4.27|4.17|4.54
KLEIN               S|01:350:321:01|4.39|4.43|4.36|4.68|4.32|4.24|4.29|3.61|4.25|3.96|3.61|3.52|3.84|3.88|3.00|3.88|4.36|4.00
LEVAO               R|01:350:322:01|4.84|4.31|4.75|4.67|4.32|4.37|4.51|4.16|4.62|4.55|3.69|2.41|3.25|3.93|5.00|3.76|4.51|4.20|5.00
COIRO               A|01:350:324:01|4.77|4.70|4.60|4.81|4.37|4.38|4.38|3.65|4.65|4.49|4.22|3.72|3.90|3.84|5.00|3.82|4.48|4.00|2.00
SIEGEL              J|01:350:337:01|4.44|4.43|4.22|4.56|4.44|3.89|4.07|3.70|4.21|4.22|4.57|2.78|3.38|3.78|5.00|3.48|4.38|5.00
MCKEON              M|01:350:352:01|4.40|3.88|3.54|4.19|3.60|2.98|3.27|3.45|3.49|3.31|3.74|3.07|3.67|4.02|3.50|4.09|4.39|4.00|4.00
QUALLS              B|01:350:354:01|4.71|4.76|4.78|4.90|4.43|4.61|4.38|3.72|4.67|4.55|4.67|3.68|3.95|4.02|5.00|3.88|4.47|3.50
VESTERMAN           W|01:350:355:01|4.35|3.91|3.98|3.50|3.69|3.67|3.81|4.30|3.74|3.77|3.95|2.41|3.17|3.88|4.07|4.49
MCCLURE             J|01:350:356:01|4.61|4.84|4.65|4.84|4.55|4.55|4.45|4.26|4.58|4.45|4.55|3.30|3.59|3.87|5.00|4.13|4.48
WALL                C|01:350:361:01|4.84|4.81|4.70|4.84|4.73|4.68|4.51|3.62|4.70|4.61|4.58|3.00|3.81|4.03|3.75|4.34|5.00
SHOCKLEY            E|01:350:362:01|4.64|4.54|4.50|4.62|4.36|4.38|4.27|3.62|4.27|4.27|4.58|3.24|3.77|3.84|3.88|4.40
WONG                E|01:350:365:01|4.83|4.77|4.54|4.88|4.94|4.53|4.43|3.84|4.71|4.63|4.76|3.26|3.81|4.39|5.00|4.03|4.58|4.50|5.00
ROBOLIN             S|01:350:372:01|5.00|4.88|4.75|4.88|4.75|4.75|4.75|3.13|4.88|4.88|4.88|3.63|4.43|3.63|4.38|4.38
WONG                E|01:350:376:02|4.71|4.79|4.43|4.79|4.78|4.25|4.25|3.44|4.41|4.26|4.58|3.00|3.65|4.21|5.00|3.95|4.50
PERERA              S|01:350:378:01|4.54|4.46|4.32|4.54|4.38|3.96|4.00|3.46|4.19|4.16|4.28|3.24|3.44|3.72|3.52|4.16
FESTA               L|01:350:382:01|4.10|4.20|3.89|4.20|4.10|3.80|3.80|2.95|4.50|4.30|4.44|3.24|3.64|3.94|3.65|4.29
SADOFF              D|01:350:383:01|4.85|4.85|4.55|4.80|4.30|4.45|4.30|3.47|4.55|4.18|4.61|3.38|3.40|3.93|3.00|4.00|4.50|4.50
COIRO               A|01:350:390:02|4.63|4.71|4.77|4.80|4.40|4.46|4.60|3.65|4.54|4.51|4.76|3.79|4.17|3.97|4.00|4.26
SADOFF              D|01:350:392:01|4.83|4.77|4.63|4.73|4.48|4.50|4.48|4.33|4.60|4.57|4.72|3.29|3.75|4.03|4.04|4.28|4.00
FLINT               K|01:350:393:01|4.80|4.64|4.61|4.71|4.52|4.47|4.49|4.03|4.51|4.43|4.56|3.60|4.08|4.03|3.99|4.20
SIEGEL              J|01:350:393:02|4.80|4.64|4.61|4.71|4.52|4.47|4.49|4.03|4.51|4.43|4.56|3.60|4.08|4.03|3.99|4.20
JURECIC             A|01:350:393:05|4.80|4.64|4.61|4.71|4.52|4.47|4.49|4.03|4.51|4.43|4.56|3.60|4.08|4.03|5.00|3.99|4.20
WALKOWITZ           R|01:350:393:06|4.80|4.64|4.61|4.71|4.52|4.47|4.49|4.03|4.51|4.43|4.56|3.60|4.08|4.03|5.00|3.99|4.20|3.00
KLEIN               S|01:350:411:01|4.73|4.50|4.42|4.50|4.62|4.50|4.26|3.88|4.35|4.23|4.36|3.38|4.00|3.44|3.00|3.76|4.24
SCANLON             L|01:350:422:01|3.89|4.44|4.33|4.56|4.56|3.89|4.22|3.78|3.78|4.00|4.22|2.88|3.83|3.89|3.89|4.56
LEVAO               R|01:350:426:01|5.00|4.88|5.00|4.93|4.87|4.87|5.00|4.87|4.87|4.93|4.92|4.23|4.67|4.85|4.54|4.54
FULTON              T|01:350:434:01|4.86|4.57|4.86|4.57|5.00|4.71|5.00|4.14|4.71|4.86|4.50|4.00|4.50|4.71|4.17|4.17
FESTA               L|01:350:435:01|4.59|4.76|4.88|4.76|4.45|4.53|4.31|3.76|4.47|4.29|4.78|4.47|4.69|4.00|5.00|3.88|4.00
JEHLEN              M|01:350:436:01|4.58|4.69|4.69|4.84|4.64|4.63|4.56|4.25|4.63|4.58|4.56|3.92|4.25|4.38|4.38|4.72
KUCICH              J|01:350:436:02|4.58|4.69|4.69|4.84|4.64|4.63|4.56|4.25|4.63|4.58|4.56|3.92|4.25|4.38|4.38|4.72
JACKSON             G|01:350:436:04|4.58|4.69|4.69|4.84|4.64|4.63|4.56|4.25|4.63|4.58|4.56|3.92|4.25|4.38|4.38|4.72
VESTERMAN           W|01:350:437:01|4.65|4.26|4.24|4.21|4.32|3.94|4.00|4.12|4.18|4.21|4.24|3.03|3.33|4.15|3.90|3.90
PERERA              S|01:350:437:03|4.65|4.26|4.24|4.21|4.32|3.94|4.00|4.12|4.18|4.21|4.24|3.03|3.33|4.15|3.90|3.90
WALL                C|01:350:445:01|4.88|4.94|4.94|4.71|4.89|4.88|4.71|4.06|4.88|4.64|4.81|4.29|4.50|4.50|4.33|4.33|5.00|5.00
EVANS               B|01:350:445:02|4.88|4.94|4.94|4.71|4.89|4.88|4.71|4.06|4.88|4.64|4.81|4.29|4.50|4.50|5.00|4.33|4.33
