UZWIAK|01:146:245:00|4.56|4.77|4.81|4.70|4.31|4.46|4.66|4.51|4.55|4.46
CARRSCHMIDT|01:146:270:01|4.61|4.61|4.21|4.64|4.38|4.22|4.20|4.08|4.29|4.15|4.00|5.00
KEATING             A|01:146:328:00|4.81|4.73|4.67|4.78|4.57|4.35|4.59|3.95|4.62|4.36
GOLFETTI            R|01:146:356:00|4.40|4.29|4.10|4.34|3.98|3.76|4.07|3.98|3.89|3.80|3.51|3.96
MERRILL             G|01:146:356:00|4.40|4.29|4.10|4.34|3.98|3.76|4.07|3.98|3.89|3.80|3.51|3.96|2.98|3.46|3.41|3.22|4.08|5.00
ZHANG Y|01:146:357:05|4.84|4.78|4.65|4.82|4.14|4.55|4.54|3.99|4.66|4.30
BALIGA              S|01:146:357:13|4.84|4.78|4.65|4.82|4.14|4.55|4.54|3.99|4.66|4.30
ZHANG Y|01:146:357:15|4.84|4.78|4.65|4.82|4.14|4.55|4.54|3.99|4.66|4.30
HSU                 S|01:146:405:01|4.86|4.86|4.86|4.86|5.00|4.86|4.83|4.83|5.00|5.00
FIRESTEIN           B|01:146:409:01|4.86|5.00|5.00|5.00|5.00|5.00|4.86|5.00|5.00|5.00
PLUMMER             M|01:146:446:01|5.00|5.00|5.00|5.00|5.00|5.00|5.00|4.80|5.00|5.00
HSU                 S|01:146:448:01|5.00|5.00|5.00|5.00|5.00|5.00|4.80|4.80|5.00|5.00
RABII               J|01:146:450:01|4.70|4.67|4.41|4.81|4.50|4.27|4.52|4.00|4.37|4.38
FONG                D|01:146:471:01|4.90|4.90|4.80|5.00|4.60|4.80|4.90|4.40|4.80|4.80
REN                 Y|01:146:474:01|4.45|4.38|4.06|4.33|4.15|3.97|4.24|4.16|4.21|4.08|3.00
WERLEN              G|01:146:474:01|4.45|4.38|4.06|4.33|4.15|3.97|4.24|4.16|4.21|4.08
COVEY               L|01:146:474:01|4.45|4.38|4.06|4.33|4.15|3.97|4.24|4.16|4.21|4.08
LIU A|01:146:478:01|4.56|4.41|4.10|4.54|4.40|4.23|4.27|3.85|4.29|4.34|5.00
GUNDERSON           S|01:146:478:01|4.56|4.41|4.10|4.54|4.40|4.23|4.27|3.85|4.29|4.34
