JACKSONBREWER       KARLA|01:014:103:01|4.59|4.81|4.81|4.84|4.76|4.65|4.57|3.86|4.67|4.66|5.00|5.00|5.00|5.00|5.00
GRIER               APRIL|01:014:132:01|3.80|4.14|4.48|4.35|4.45|3.85|4.17|3.81|3.62|4.05
REED                SAMUEL|01:014:230:01|4.08|4.19|4.30|4.15|4.11|4.22|3.93|3.64|4.26|4.04|5.00
RICHMOND            VONDELL|01:014:240:01|3.91|4.18|4.55|4.68|4.67|4.59|4.43|3.29|4.23|4.20
WESTBROOK           RANDALL|01:014:255:01|4.86|5.00|4.75|4.95|4.95|4.58|4.68|4.63|4.76|4.58|5.00|5.00
WESTBROOK           RANDALL|01:014:258:01|4.74|4.79|4.74|4.68|4.74|4.79|4.79|4.64|4.89|4.94|5.00|5.00|5.00|5.00|4.00
BETHEL              LEONARD|01:014:269:01|4.15|4.27|4.42|4.81|4.62|4.35|4.17|3.14|4.08|4.13
NASH                M|01:014:274:01|3.81|4.05|3.76|4.27|4.18|3.82|4.19|3.71|3.86|3.86
PLUMMER             JOEL|01:014:301:02|4.84|4.84|4.88|4.88|4.82|4.84|4.84|4.40|4.86|4.88
GRIER               APRIL|01:014:304:01|3.73|4.17|4.39|4.25|4.20|4.05|4.03|3.70|3.97|4.11
GRIER               APRIL|01:014:304:02|3.73|4.17|4.39|4.25|4.20|4.05|4.03|3.70|3.97|4.11|5.00
TATE                GAYLE|01:014:306:01|4.88|4.88|4.88|4.88|4.84|4.88|4.88|4.03|4.87|4.84|5.00
FISHBEIN            LESLIE|01:014:318:01|5.00|4.33|4.33|4.50|4.33|4.00|4.00|4.33|4.33|4.33|4.33|4.33|4.33
BETHEL              LEONARD|01:014:323:01|4.56|4.67|4.78|4.88|4.56|4.44|4.44|3.00|4.33|4.50
JOHNSON             WALTON|01:014:330:01|4.58|4.78|4.79|4.82|4.65|4.61|4.54|3.78|4.70|4.67|5.00
NASH                MIKAL|01:014:357:01|3.80|4.40|4.80|3.80|4.60|4.00|3.50|4.80|4.00|3.50
GARDINER            MURV|01:014:362:01|3.89|4.33|4.17|4.53|4.44|4.21|4.11|3.68|4.11|4.00|5.00
CATCHING            CHRISTOPHE|01:014:363:01|4.06|4.44|4.44|4.81|4.33|4.25|4.19|4.13|4.13|4.13|5.00|5.00|5.00|5.00|5.00|5.00|5.00|5.00|5.00
BONADIE             DENNISTON|01:014:376:01|4.67|4.50|4.83|4.85|4.64|4.42|4.83|4.27|4.55|4.64
OSAGA               IFE|01:014:380:01|3.82|4.18|3.64|4.30|3.80|3.64|4.09|4.00|3.27|3.55
JOHNSON             WALTON|01:014:404:01|3.88|4.38|4.50|4.75|4.50|4.13|4.63|5.00|4.50|4.75
BUTLER              KIM|01:014:410:01|4.86|4.93|4.93|4.93|4.71|4.71|4.71|4.43|4.85|4.83
GARDINER            MURV|01:014:490:01|3.68|3.90|3.90|4.26|4.10|3.77|3.60|3.68|3.74|3.75
BUTLER              KIM|01:014:490:02|3.68|3.90|3.90|4.26|4.10|3.77|3.60|3.68|3.74|3.75
