Tan                 Z|01:960:211:01|3.81|2.71|2.62|3.00|2.76|2.62|2.71|2.81|2.52|2.71
DORAN|01:960:211:05|4.75|4.83|4.72|4.85|4.86|4.64|4.43|3.51|4.75|4.60|5.00
LAWRENCE|01:960:212:01|4.74|4.52|4.35|4.61|4.68|4.17|4.13|4.00|4.17|4.26
LAWRENCE|01:960:285:01|4.49|4.09|3.79|4.17|4.11|3.83|3.93|3.24|4.00|3.95|4.43|4.20|4.25|4.25|4.33
CZACHOR|01:960:285:02|4.49|4.09|3.79|4.17|4.11|3.83|3.93|3.24|4.00|3.95|4.43|4.20|4.25|4.25|4.33|5.00
MOONDRA|01:960:285:03|4.49|4.09|3.79|4.17|4.11|3.83|3.93|3.24|4.00|3.95
CZACHOR|01:960:285:04|4.49|4.09|3.79|4.17|4.11|3.83|3.93|3.24|4.00|3.95
MOONDRA|01:960:285:06|4.49|4.09|3.79|4.17|4.11|3.83|3.93|3.24|4.00|3.95|4.43|4.20|4.25|4.25|4.33|5.00|5.00|5.00
DONG                HK|01:960:285:08|4.49|4.09|3.79|4.17|4.11|3.83|3.93|3.24|4.00|3.95
HERSCHKORN|01:960:379:01|3.70|3.52|3.27|3.61|3.58|3.03|3.27|3.30|3.26|3.13
SINGH|01:960:382:01|4.68|4.77|4.23|4.68|4.59|4.36|4.36|4.09|4.59|4.45
COHEN|01:960:384:01|4.23|4.15|4.08|3.85|4.38|4.23|3.92|4.00|4.15|4.46
HERSCHKORN|01:960:401:01|4.11|4.07|3.98|4.13|3.92|3.81|3.80|3.22|3.98|3.81|4.00|5.00
POPEL|01:960:401:02|4.11|4.07|3.98|4.13|3.92|3.81|3.80|3.22|3.98|3.81|4.00
SINGH|01:960:401:03|4.11|4.07|3.98|4.13|3.92|3.81|3.80|3.22|3.98|3.81
POPEL|01:960:401:04|4.11|4.07|3.98|4.13|3.92|3.81|3.80|3.22|3.98|3.81
MINIERE|01:960:401:05|4.11|4.07|3.98|4.13|3.92|3.81|3.80|3.22|3.98|3.81|4.00|5.00|5.00|5.00|5.00|5.00|5.00|5.00
DORAN|01:960:476:01|4.72|4.77|4.31|4.79|4.71|4.36|4.31|4.15|4.72|4.41|5.00|5.00|5.00|5.00|5.00
ANDRIANO|01:960:483:01|4.41|4.14|4.10|4.31|4.00|3.90|3.93|3.63|4.31|4.10
COHEN|01:960:484:01|3.58|3.33|3.42|3.67|4.22|3.50|3.83|4.00|4.08|4.17|5.00|5.00|5.00|5.00|5.00|5.00|5.00|5.00|5.00
LUKE|01:960:490:01|4.03|4.37|4.03|4.46|3.84|3.89|4.05|3.73|4.21|4.00
