RODGERS             YANA|01:988:101:02|4.49|4.53|4.49|4.54|4.54|4.26|4.24|3.41|4.34|4.27
MATTALLANA          SUSANA|01:988:101:05|4.49|4.53|4.49|4.54|4.54|4.26|4.24|3.41|4.34|4.27
RICCIONI            R|01:988:130:01|4.21|4.45|4.41|4.52|4.41|4.18|4.03|2.83|4.22|3.94
GOUGON              DANIELLE|01:988:130:06|4.21|4.45|4.41|4.52|4.41|4.18|4.03|2.83|4.22|3.94
GARAIA              CELESTE|01:988:130:09|4.21|4.45|4.41|4.52|4.41|4.18|4.03|2.83|4.22|3.94
SACKS               L|01:988:130:10|4.21|4.45|4.41|4.52|4.41|4.18|4.03|2.83|4.22|3.94|5.00|5.00|5.00|5.00|5.00|5.00|5.00
BIRCHMAYER          K|01:988:130:11|4.21|4.45|4.41|4.52|4.41|4.18|4.03|2.83|4.22|3.94
ADDISONBRITTO|01:988:130:12|4.21|4.45|4.41|4.52|4.41|4.18|4.03|2.83|4.22|3.94
EASLEY              ARIKA|01:988:130:13|4.21|4.45|4.41|4.52|4.41|4.18|4.03|2.83|4.22|3.94
MURRAY              DARA|01:988:130:16|4.21|4.45|4.41|4.52|4.41|4.18|4.03|2.83|4.22|3.94
CATCHING            CHRISTOPHE|01:988:130:17|4.21|4.45|4.41|4.52|4.41|4.18|4.03|2.83|4.22|3.94
LEWIS               A|01:988:130:18|4.21|4.45|4.41|4.52|4.41|4.18|4.03|2.83|4.22|3.94
SHIVERS             KAIA|01:988:130:22|4.21|4.45|4.41|4.52|4.41|4.18|4.03|2.83|4.22|3.94
REYES               ROSANNA|01:988:130:23|4.21|4.45|4.41|4.52|4.41|4.18|4.03|2.83|4.22|3.94
RODGERS             YANA|01:988:160:01|4.86|4.87|4.76|4.93|4.89|4.52|4.69|3.83|4.76|4.64|5.00|5.00|5.00
BALLIET             BARBARA|01:988:201:01|4.76|4.77|4.43|4.73|4.64|4.25|4.38|3.95|4.41|4.32|4.33|4.00|4.00|4.00|4.00
TRIGG               MARY|01:988:202:02|4.73|4.92|4.77|4.85|4.67|4.78|4.77|3.88|4.73|4.54
JACKSONBREWER       KARLA|01:988:235:01|4.57|4.78|4.68|4.89|4.59|4.54|4.43|3.81|4.53|4.49
KING                ANNIE|01:988:265:01|5.00|5.00|5.00|5.00|4.80|4.80|5.00|4.40|5.00|5.00
BROOKS              ETHEL|01:988:270:71|4.22|4.43|4.39|4.55|4.04|4.12|4.00|3.38|4.25|3.75
SCHUSTERR           SHERRIL|01:988:272:02|4.13|3.48|3.57|3.78|3.64|3.30|3.64|3.30|3.59|3.59|3.00
RIVERACOLONE        EDGAR|01:988:280:01|4.86|4.95|4.90|4.90|4.57|4.76|4.81|3.67|4.80|4.75
BIRCKMAYER          KATY|01:988:299:01|4.56|4.88|4.63|4.94|4.91|4.44|4.63|4.63|4.67|4.60
PUAR                JASBIR|01:988:302:01|4.92|4.96|4.81|5.00|4.92|4.78|4.77|4.00|4.85|4.80
SALIME              ZAKIA|01:988:303:01|4.70|4.60|4.56|4.56|4.40|4.40|4.60|4.00|4.40|4.50
RIZZO               DIANE|01:988:307:02|4.89|4.94|4.82|4.94|4.72|4.71|4.65|3.59|4.78|4.76
MCKAY               DIANNE|01:988:309:02|5.00|4.89|4.89|4.89|4.67|4.63|4.78|4.11|4.78|4.50|4.13|4.13|4.25|4.63|4.88
GOSSY               MARY|01:988:318:01|4.80|4.93|4.93|4.88|4.93|4.87|4.75|3.63|5.00|4.93
FISHBEIN            LESLIE|01:988:325:01|4.63|4.60|4.40|4.70|4.75|4.05|4.40|3.89|4.05|4.10|4.00|4.53|4.20
RAJAN               JULIE|01:988:329:01|4.40|4.73|4.60|4.87|4.67|4.60|4.47|4.29|4.64|4.36
STUBAUS             KAREN|01:988:330:01|4.92|4.64|4.64|4.71|4.64|4.85|4.50|4.31|5.00|4.92
RIVERACOLON         EDGAR|01:988:332:01|4.71|4.59|4.76|4.67|4.45|4.52|4.71|4.18|4.67|4.67
VALENTI             JESSICA|01:988:341:01|4.88|4.83|4.88|4.88|4.88|4.92|4.88|4.74|4.83|4.87
HARTMAN             MARY|01:988:344:01|4.89|4.89|4.84|4.83|4.79|4.74|4.83|4.72|4.83|4.76
MACK                PHYLLIS|01:988:350:01|4.69|4.72|4.55|4.74|4.83|4.52|4.34|3.89|4.59|4.48
SCHALOW             PAUL|01:988:360:01|5.00|5.00|4.83|5.00|5.00|4.83|4.83|4.17|5.00|5.00
LEBSOCK             SUZANNE|01:988:380:01|4.57|4.57|4.29|5.00|4.71|4.14|4.14|3.14|4.43|4.43
SADOFF              DIANNE|01:988:383:01|5.00|5.00|5.00|5.00|5.00|5.00|4.75|3.50|4.50|4.50|4.50|3.25|4.00|4.25|4.25|4.67|3.00
GOSSY               MARY|01:988:396:02|4.87|4.87|4.73|4.78|4.90|4.91|4.70|4.00|4.78|4.87
REDL                NINA|01:988:396:04|4.87|4.87|4.73|4.78|4.90|4.91|4.70|4.00|4.78|4.87|5.00|4.00|5.00|3.00|5.00|5.00|5.00|5.00|5.00
LEE                 RICK|01:988:396:05|4.87|4.87|4.73|4.78|4.90|4.91|4.70|4.00|4.78|4.87|5.00|4.00|3.00|5.00|5.00
GROSZ               ELIZABETH|01:988:397:01|4.95|4.87|4.82|4.78|4.74|4.57|4.65|4.04|4.74|4.70
BUNCH               CHARLOTTE|01:988:405:01|4.75|4.50|4.50|4.55|4.64|4.18|4.58|4.50|4.25|4.25
BUTTS               ANGELA|01:988:440:01|5.00|5.00|5.00|5.00|5.00|5.00|5.00|5.00|5.00|5.00
REGULSKA            JOANNA|01:988:490:01|5.00|5.00|5.00|5.00|5.00|5.00|5.00|5.00|5.00|5.00
BROOKS              ETHEL|01:988:491:01|4.78|4.90|4.90|5.00|5.00|4.78|5.00|4.89|4.89|4.89
ALEXANDERFLOYD      NIKOL|01:988:497:01|4.75|4.75|4.38|4.75|3.80|4.13|4.25|4.75|4.38|4.25
