ALAMI               MYRIAM|01:420:101:02|4.30|4.23|4.42|4.55|4.46|4.28|4.31|4.48|4.19|4.26|3.67|5.00|5.00|5.00|5.00|5.00
KARMARKAR           MEDHA|01:420:101:20|4.30|4.23|4.42|4.55|4.46|4.28|4.31|4.48|4.19|4.26
SALEHI              M|01:420:101:30|4.30|4.23|4.42|4.55|4.46|4.28|4.31|4.48|4.19|4.26|3.67
HASKOVACS           OLIA|01:420:102:30|3.40|3.60|3.86|4.53|4.53|3.27|3.53|4.57|3.53|3.40
MASON               SHEARON|01:420:103:01|4.11|3.89|3.67|3.89|4.00|3.67|3.67|4.33|3.50|3.56
BRANTONDESRIS       JENIFER|01:420:105:01|4.89|5.00|4.56|4.89|5.00|3.89|4.11|3.50|4.44|4.11
ALAMI               MYRIAM|01:420:121:02|4.14|4.20|4.02|4.12|4.22|3.80|4.00|4.22|3.90|3.88|5.00
KARMARKAR           MEDHA|01:420:131:20|4.50|4.58|4.54|4.69|4.72|4.42|4.20|4.46|4.51|4.36
ALAMI               MYRIAM|01:420:131:30|4.50|4.58|4.54|4.69|4.72|4.42|4.20|4.46|4.51|4.36
MASON               SHEAVON|01:420:132:30|4.64|4.47|4.33|4.58|4.25|4.14|4.17|4.41|4.19|4.17
THIEBERGER          BENEDICTE|01:420:133:01|5.00|5.00|4.75|4.88|4.88|4.88|4.75|4.38|4.88|4.75
LEBEHET             BENEDICTE|01:420:210:01|5.00|5.00|5.00|5.00|5.00|5.00|4.75|4.75|5.00|5.00
AUBERT              ANNE|01:420:213:01|4.62|4.60|4.64|4.75|4.71|4.47|4.38|4.62|4.51|4.44
ALLAMAND            CAROLE|01:420:213:02|4.62|4.60|4.64|4.75|4.71|4.47|4.38|4.62|4.51|4.44
PAIRET              ANA|01:420:213:03|4.62|4.60|4.64|4.75|4.71|4.47|4.38|4.62|4.51|4.44
FLIEGER             JERRY|01:420:214:01|3.72|4.33|4.28|4.39|4.17|4.06|3.83|4.22|4.06|4.13
AUBERT              ANNE|01:420:214:30|3.72|4.33|4.28|4.39|4.17|4.06|3.83|4.22|4.06|4.13
BOMBART             MATHILDE|01:420:215:01|4.78|4.83|4.41|4.80|4.70|4.45|4.45|4.32|4.67|4.66
CORNILLIAT          FRANCOIS|01:420:215:02|4.78|4.83|4.41|4.80|4.70|4.45|4.45|4.32|4.67|4.66
SPEER               MARY|01:420:216:01|4.91|4.59|4.44|4.56|4.44|4.44|4.34|3.87|4.45|4.32
SPEER               MARY|01:420:216:02|4.91|4.59|4.44|4.56|4.44|4.44|4.34|3.87|4.45|4.32
SHAW                MARY|01:420:217:71|4.83|4.92|5.00|5.00|4.92|4.92|4.83|4.58|4.92|4.83
PARKER              ANDREW|01:420:242:01|5.00|5.00|5.00|5.00|4.75|4.75|4.75|4.00|4.75|4.75
SWENSON             JAME|01:420:306:01|4.67|4.67|4.63|4.70|4.63|4.39|4.52|4.43|4.33|4.41|5.00|5.00|5.00|5.00|5.00|5.00|5.00|5.00|5.00
SCHILLING           DEREK|01:420:308:01|4.72|4.56|4.39|4.67|4.18|4.11|4.17|4.11|4.50|4.35
BOMBART             MATHILDE|01:420:315:01|4.94|5.00|4.53|4.94|5.00|4.69|4.75|4.50|4.94|4.82
SHAW                MARY|01:420:317:20|5.00|5.00|5.00|5.00|5.00|5.00|5.00|4.50|5.00|5.00
LARRIER             RENEE|01:420:319:01|4.75|4.75|4.38|4.71|4.38|4.63|4.43|4.29|4.63|4.50
DEPREZ              VIVIANE|01:420:333:01|4.67|4.67|4.67|4.67|4.33|4.67|5.00|3.33|4.50|4.50
PAIRET              ANA|01:420:403:01|4.57|4.71|4.71|4.77|4.71|4.71|4.71|4.64|4.50|4.50
CORNILLIAT          FRANCOIS|01:420:416:01|5.00|4.93|4.93|4.93|4.93|4.67|4.67|3.79|4.80|4.73
ALLAMAND            CAROLE|01:420:480:30|5.00|5.00|5.00|5.00|4.91|4.80|5.00|4.36|4.82|4.82
EISENZWEIG          URI|01:420:481:20|4.73|4.91|4.82|4.82|5.00|4.55|4.55|4.09|4.64|4.64
