KOENICK             RUTHANNE|01:988:101:01|4.52|4.49|4.58|4.55|4.52|4.37|4.30|3.39|4.42|4.35
CLARKE CHERYL|01:988:101:06|4.52|4.49|4.58|4.55|4.52|4.37|4.30|3.39|4.42|4.35
BLISSETT            DAWN|01:988:101:09|4.52|4.49|4.58|4.55|4.52|4.37|4.30|3.39|4.42|4.35|4.67|4.00|5.00|5.00|5.00|5.00|5.00|5.00|5.00
LEWIS               ABIGAIL|01:988:101:10|4.52|4.49|4.58|4.55|4.52|4.37|4.30|3.39|4.42|4.35
RODGERS             YANA|01:988:101:11|4.52|4.49|4.58|4.55|4.52|4.37|4.30|3.39|4.42|4.35
TAMURA              YURIKA|01:988:101:13|4.52|4.49|4.58|4.55|4.52|4.37|4.30|3.39|4.42|4.35|4.67
ADDISONBRITO        SAUNDRA|01:988:130:01|4.51|4.61|4.52|4.61|4.57|4.26|4.02|3.30|4.35|3.99
GOUGON              DANIELLE|01:988:130:03|4.51|4.61|4.52|4.61|4.57|4.26|4.02|3.30|4.35|3.99
REYES               ROSANNA|01:988:130:04|4.51|4.61|4.52|4.61|4.57|4.26|4.02|3.30|4.35|3.99
SCHANTZ             DIANE|01:988:130:06|4.51|4.61|4.52|4.61|4.57|4.26|4.02|3.30|4.35|3.99
BALLIET             BARBARA|01:988:201:01|4.61|4.74|4.65|4.65|4.48|4.57|4.35|3.32|4.65|4.48
FEINBERG            MELISSA|01:988:202:01|4.57|4.64|4.51|4.43|4.35|4.32|4.32|3.64|4.25|4.14
JACKSONBREWER       KARLA|01:988:206:01|4.62|4.77|4.85|4.85|4.33|4.62|4.67|4.46|4.55|4.58
YANS                VIRGINIA|01:988:212:01|4.50|4.58|4.50|4.58|4.83|4.17|4.42|3.75|4.50|4.50
BLISSETT            DAWN|01:988:235:02|4.82|4.78|4.74|4.80|4.69|4.54|4.51|4.24|4.70|4.61
GERSON              ARON|01:988:272:02|3.80|3.56|3.10|4.00|4.00|3.20|3.30|3.60|3.40|3.40
GROSZ               ELIZABETH|01:988:302:01|4.94|4.94|4.94|4.94|4.81|4.76|4.76|3.94|5.00|4.87
RAJAN               JULIE|01:988:303:01|4.31|4.67|4.70|4.77|4.33|4.20|4.47|4.25|4.24|4.37
CARTER              ROSLYN|01:988:307:01|3.84|3.87|3.79|3.91|3.78|3.41|3.70|3.48|3.54|3.56
RIZZO               DIANE|01:988:307:02|3.84|3.87|3.79|3.91|3.78|3.41|3.70|3.48|3.54|3.56
MCKAY               DIANNE|01:988:309:01|4.70|4.70|4.40|4.90|4.80|4.50|4.20|4.10|4.56|4.56|3.50|4.50|3.50|5.00|4.50
SCHEIN              LOUISA|01:988:317:01|4.29|4.00|4.35|4.14|4.30|4.14|4.05|3.14|3.95|3.81|4.00|4.00|4.33|3.50
GOSSY MARY|01:988:318:01|4.61|4.87|4.91|5.00|4.91|4.96|4.83|4.00|4.90|4.85|5.00|5.00|5.00|5.00|5.00
PUAR                JASBIR|01:988:329:01|3.64|3.44|3.00|2.64|3.20|2.92|3.44|3.40|2.83|2.79|4.00
COHEN               ED|01:988:331:01|4.58|4.56|4.36|4.56|4.38|3.97|3.97|3.74|4.28|4.13
SCHEIN           LOUISA|01:988:339:01|4.15|3.43|4.38|3.14|2.93|3.57|4.07|4.36|3.14|3.64
JACKSONBREWER       KARLA|01:988:350:01|4.81|4.81|4.85|4.93|4.74|4.81|4.85|3.48|4.85|4.81
SCHUSTER            SHERRIL|01:988:354:01|4.00|3.00|3.60|3.60|2.75|4.00|4.00|4.00|3.20|3.20
ELLIS               KATHERINE|01:988:358:01|5.00|5.00|5.00|5.00|4.50|4.50|5.00|3.50|5.00|5.00|5.00|3.00|4.00|4.00|4.50|4.00
COHEN               ED|01:988:392:01|4.31|4.29|4.50|4.63|4.32|4.29|4.30|3.71|4.33|4.31
ALEXANDERFLOYD NIKOL|01:988:394:01|4.85|4.26|4.85|4.35|4.26|4.65|4.54|3.81|4.52|4.27
ALEXANDERFLOYD NIKOL|01:988:395:01|4.46|4.08|4.29|4.00|3.83|3.91|4.17|3.83|4.21|4.25|5.00|5.00
IVERSON             HANA|01:988:396:02|4.29|4.50|4.48|4.45|4.56|4.21|4.07|3.57|4.21|4.17
ALEXANDER KAREN|01:988:396:04|4.29|4.50|4.48|4.45|4.56|4.21|4.07|3.57|4.21|4.17|5.00|5.00|5.00|5.00|5.00|5.00|5.00|5.00|5.00
BUNCH               CHARLOTTE|01:988:405:01|4.71|4.52|4.38|4.33|4.22|3.83|4.43|4.30|4.17|4.00
RAJAN               JULIE|01:988:405:01|4.71|4.52|4.38|4.33|4.22|3.83|4.43|4.30|4.17|4.00
TANER               SASHA|01:988:426:01|4.85|4.77|4.85|4.69|4.38|4.46|4.54|4.69|4.58|4.25|5.00|5.00|5.00|5.00
AHMED               SARA|01:988:490:01|5.00|5.00|4.83|5.00|5.00|4.67|4.67|4.50|5.00|5.00
DIAMOND             MARIEJOSEP|01:988:491:01|3.67|3.93|3.73|4.27|4.21|3.47|3.87|3.87|3.73|3.67
RAJAN               JULIE|01:988:498:01|4.63|4.75|4.88|4.88|5.00|4.88|4.88|4.88|4.88|4.88
