FELDER              S|01:730:101:01|3.72|4.27|4.02|4.35|4.19|3.74|3.56|3.54|3.79|3.75
MCCROSSIN           EDWARD|01:730:101:03|3.72|4.27|4.02|4.35|4.19|3.74|3.56|3.54|3.79|3.75|4.67|5.00|5.00|5.00|5.00|5.00
BODANSZKY           E|01:730:103:02|4.19|4.18|4.29|4.41|4.15|3.90|3.90|3.73|4.05|4.02
BODANSZKY           E|01:730:103:03|4.19|4.18|4.29|4.41|4.15|3.90|3.90|3.73|4.05|4.02
BUNZL               M|01:730:104:02|4.62|4.68|4.54|4.86|4.69|4.41|4.40|4.01|4.54|4.34
MCCROSSIN           E|01:730:105:01|4.30|4.50|4.18|4.58|4.22|3.91|3.89|3.64|4.17|3.95
DOUARD              J|01:730:105:04|4.30|4.50|4.18|4.58|4.22|3.91|3.89|3.64|4.17|3.95
SMITH               H|01:730:108:00|4.65|4.63|4.32|4.61|4.52|4.22|4.21|3.86|4.38|4.23|4.60|4.75|5.00|4.75|4.67|4.50|4.50|5.00
MORGAN              A|01:730:201:05|4.77|4.78|4.26|4.78|4.74|4.33|4.32|3.64|4.60|4.32
STANLEY             J|01:730:220:03|4.17|4.68|4.72|4.79|4.50|4.38|4.69|4.00|4.52|4.59
BOLTON              M|01:730:297:01|4.92|4.75|4.17|4.82|4.50|4.00|4.45|4.33|4.64|4.42
BOLTON              M|01:730:307:01|4.82|4.86|4.39|4.86|4.68|4.25|4.50|3.78|4.61|4.46
MCCROSSIN           E|01:730:308:01|3.71|4.38|4.18|4.67|4.57|3.85|3.91|3.75|3.88|3.91
REDL                N|01:730:312:01|4.79|4.79|4.53|4.74|4.68|4.37|4.32|3.39|4.53|4.16
COLBY               M|01:730:341:02|4.77|4.08|4.25|4.23|4.46|4.08|4.31|3.92|4.25|4.18
BRYANT EDWIN|01:730:368:01|4.58|4.45|4.46|4.56|4.08|4.04|4.23|4.02|4.30|4.20
COLBY               M|01:730:370:01|4.27|4.33|4.33|4.47|4.07|3.87|4.13|4.20|4.27|4.00
MCCROSSIN           E|01:730:405:01|3.80|4.47|4.37|4.83|4.42|3.97|3.87|3.70|3.90|3.93
MCLAUGHLIN          B|01:730:418:01|4.63|4.56|4.26|4.63|4.47|4.07|4.38|4.43|4.29|4.29
FELDER              S|01:730:425:01|4.17|4.46|4.42|4.71|4.65|4.13|4.33|4.13|4.21|4.25
COLBY               M|01:730:427:01|4.41|4.41|4.06|4.24|4.25|3.88|3.94|3.75|4.35|4.00
TEMKIN              L|01:730:445:01|4.86|4.90|4.76|4.93|4.69|4.70|4.76|4.31|4.83|4.71
VANLEEUWEN          A|01:730:465:01|4.46|4.30|4.19|4.64|4.52|4.11|4.31|4.54|4.36|4.36
