MCDOWELL            D|01:920:101:00|4.53|4.36|4.47|4.60|4.52|4.16|4.17|3.64|4.28|4.17|4.00|4.40|4.00|3.75|3.75|4.00|4.00|3.75|4.25
DAIPHA              PHAEDRA|01:920:101:00|4.53|4.36|4.47|4.60|4.52|4.16|4.17|3.64|4.28|4.17|4.00|4.40
CLARKE              LEE|01:920:101:25|4.53|4.36|4.47|4.60|4.52|4.16|4.17|3.64|4.28|4.17
RAND                JOHN|01:920:103:01|4.25|4.09|4.11|4.45|4.19|3.94|3.86|3.56|3.94|3.90|5.00
MALYK               MARIA|01:920:205:02|4.61|4.69|4.35|4.73|4.85|4.21|4.13|3.85|4.37|4.29
HANSELL             S|01:920:210:01|4.79|4.60|4.65|4.69|4.62|4.31|4.46|3.95|4.55|4.49|5.00|5.00|5.00|5.00|5.00|5.00|5.00|5.00|5.00
HANSELL             STEPHEN|01:920:210:01|4.79|4.60|4.65|4.69|4.62|4.31|4.46|3.95|4.55|4.49|5.00
COWPERTHWAITE       JOAO|01:920:218:01|4.38|4.57|4.41|4.70|4.64|4.38|4.27|4.13|4.42|4.33|5.00
CARR                PATRICK|01:920:222:01|4.48|4.37|4.33|4.37|4.22|4.01|4.15|4.05|4.29|4.19
HIRSCHFIELD         PAUL|01:920:222:03|4.48|4.37|4.33|4.37|4.22|4.01|4.15|4.05|4.29|4.19
WINEBERG            HOWARD|01:920:222:04|4.48|4.37|4.33|4.37|4.22|4.01|4.15|4.05|4.29|4.19
SMITH               DRANDALL|01:920:248:02|4.79|4.26|4.13|4.47|4.49|3.83|3.93|3.83|4.13|4.05|4.33|5.00|5.00|5.00|5.00|5.00|5.00|5.00
RODRIGUEZ           ROBYN|01:920:291:02|4.68|4.78|4.62|4.86|4.71|4.57|4.43|3.61|4.54|4.39|4.33|5.00|5.00|4.00|5.00|5.00|4.00
MCDOWELL            D|01:920:304:04|4.33|4.21|4.29|4.43|4.13|3.86|3.94|4.06|4.14|4.15
WILHELMS            JEFF|01:920:304:09|4.33|4.21|4.29|4.43|4.13|3.86|3.94|4.06|4.14|4.15|5.00|5.00|5.00
DINZEYFLORES        ZAIRE|01:920:306:03|4.53|4.36|4.20|4.36|4.12|4.01|4.10|3.70|4.19|4.09|4.33|4.67|5.00|5.00|5.00|5.00
CARELLI             LINDA|01:920:307:01|4.19|4.23|4.12|4.16|4.07|3.77|4.02|3.93|3.88|3.88|4.50
FOSTER              ANNA|01:920:307:80|4.19|4.23|4.12|4.16|4.07|3.77|4.02|3.93|3.88|3.88
ROOS                PATRICIA|01:920:311:00|4.49|4.46|4.05|4.49|4.48|3.96|3.78|3.07|4.23|4.01
MCLEAN              PAUL|01:920:313:00|4.46|4.28|4.16|4.44|4.04|3.95|3.94|3.34|4.19|3.95|2.96
MITCHELL            ELIZABETH|01:920:313:00|4.46|4.28|4.16|4.44|4.04|3.95|3.94|3.34|4.19|3.95
WILLIAMS            RICHARD|01:920:314:00|4.10|3.85|3.79|4.21|3.72|3.47|3.71|3.36|3.68|3.65|4.25
MITCHELL            ELIZABETH|01:920:314:00|4.10|3.85|3.79|4.21|3.72|3.47|3.71|3.36|3.68|3.65
LAPOINTE            ELEANOR|01:920:314:07|4.10|3.85|3.79|4.21|3.72|3.47|3.71|3.36|3.68|3.65
MCLEAN              PAUL|01:920:315:01|4.52|4.57|4.18|4.52|3.96|3.96|3.96|3.09|4.14|4.00
ZABLOCKI            BENJAMIN|01:920:319:01|4.53|4.38|4.00|4.30|4.48|3.88|3.79|4.03|3.91|3.82
FRIEDMAN            JUDITH|01:920:321:01|4.00|4.15|4.15|4.35|3.85|4.05|4.21|3.60|3.95|4.05
SCHUSTER            SHERRIL|01:920:324:80|4.00|3.50|4.36|3.29|3.57|3.21|3.64|3.71|3.50|3.58
SMITH               DRANDALL|01:920:345:01|4.81|4.65|4.42|4.50|4.30|4.17|4.19|3.30|4.27|4.15
MCDOWELL            DOUGLAS|01:920:349:01|4.61|4.68|4.42|4.70|4.61|4.23|4.32|4.19|4.48|4.26
LORENZEN            JANET|01:920:375:01|4.86|4.64|4.57|4.86|5.00|4.50|4.64|3.69|4.64|4.54
LU                  W|01:920:393:01|4.53|4.60|4.40|4.45|4.40|4.00|4.21|3.58|4.20|4.11
GERSON              JUDITH|01:920:393:02|4.53|4.60|4.40|4.45|4.40|4.00|4.21|3.58|4.20|4.11
ZABLOCKI            BENJAMIN|01:920:406:01|4.55|4.32|3.95|4.52|4.36|3.77|3.95|4.05|4.19|4.10
WINEBERG            HOWARD|01:920:410:01|3.70|3.75|3.70|3.58|3.68|3.40|3.40|3.85|3.75|3.72|4.00
GARRIDO             MELISSA|01:920:421:01|4.80|4.80|4.40|4.83|4.83|4.40|4.40|4.00|4.80|4.80|4.50|4.75|4.00
FRIEDMAN            JUDITH|01:920:428:01|4.53|4.73|4.75|4.75|4.75|4.56|4.75|3.56|4.64|4.43
BUTTS               ANGELA|01:920:440:01|4.82|4.88|4.94|5.00|4.82|4.88|4.94|4.25|4.94|5.00|5.00
STEIN               ARLENE|01:920:491:02|5.00|5.00|5.00|5.00|5.00|5.00|5.00|5.00|5.00|5.00
