BALMR               ROGER|01:450:101:01|4.61|4.57|4.18|4.50|4.39|3.93|3.97|3.11|4.23|4.07|5.00|5.00|5.00|5.00|5.00|5.00|5.00|5.00|5.00
BALM                ROGER|01:450:103:00|4.68|4.64|4.55|4.70|4.53|4.41|4.33|3.42|4.57|4.41
HORDON              ROBERT|01:450:211:01|4.23|4.09|3.93|4.32|4.00|3.70|3.50|3.73|3.89|3.76|4.00|3.50|4.00|3.00|3.00|3.00|3.00|3.00|3.00
JMITCHELL           JAMES|01:450:262:01|4.87|4.86|4.36|4.64|4.27|4.14|4.18|3.59|4.33|4.29
HORDON              ROBERT|01:450:320:01|4.07|3.48|3.30|4.00|3.33|3.15|2.69|2.65|3.44|3.00
JMITCHELL           JAMES|01:450:334:01|4.56|4.25|3.75|4.22|3.94|3.68|3.91|3.91|3.66|3.72
SCHROEDER           RICHARD|01:450:338:01|4.94|4.94|4.77|4.97|4.68|4.61|4.71|3.45|4.87|4.58
BARRON              ELIZABETH|01:450:360:01|3.61|3.11|2.94|3.12|2.82|2.67|3.00|2.39|2.72|2.67|3.00
ROBINSON DAVID|01:450:413:01|4.64|4.76|4.56|4.84|4.52|4.24|4.28|3.52|4.60|4.32
STMARTIN            KEVIN|01:450:470:01|4.79|4.71|4.44|4.74|4.50|4.44|4.58|3.79|4.63|4.30|2.00
