KEMP                B|01:090:112:01|4.71|4.73|4.32|4.74|4.71|4.45|3.61|2.98|4.53|3.74
DENTLER             KAREN|01:090:112:02|4.71|4.73|4.32|4.74|4.71|4.45|3.61|2.98|4.53|3.74
HAVILANA            M|01:090:112:03|4.71|4.73|4.32|4.74|4.71|4.45|3.61|2.98|4.53|3.74
SOOS                C|01:090:112:04|4.71|4.73|4.32|4.74|4.71|4.45|3.61|2.98|4.53|3.74
SOHN                C|01:090:112:05|4.71|4.73|4.32|4.74|4.71|4.45|3.61|2.98|4.53|3.74
RUBIN               J|01:090:112:06|4.71|4.73|4.32|4.74|4.71|4.45|3.61|2.98|4.53|3.74
FOWLER              G|01:090:112:07|4.71|4.73|4.32|4.74|4.71|4.45|3.61|2.98|4.53|3.74
SANONJULES          LISA|01:090:112:09|4.71|4.73|4.32|4.74|4.71|4.45|3.61|2.98|4.53|3.74
BLANEY              P|01:090:112:10|4.71|4.73|4.32|4.74|4.71|4.45|3.61|2.98|4.53|3.74|5.00
HASHEMI             M|01:090:112:11|4.71|4.73|4.32|4.74|4.71|4.45|3.61|2.98|4.53|3.74
PATEL               HEMA|01:090:112:13|4.71|4.73|4.32|4.74|4.71|4.45|3.61|2.98|4.53|3.74
CASSEL              J|01:090:112:14|4.71|4.73|4.32|4.74|4.71|4.45|3.61|2.98|4.53|3.74|5.00|5.00|1.00|5.00
NAZARIO             J|01:090:112:15|4.71|4.73|4.32|4.74|4.71|4.45|3.61|2.98|4.53|3.74
LORD                NANCY|01:090:112:16|4.71|4.73|4.32|4.74|4.71|4.45|3.61|2.98|4.53|3.74
SHOSTACK            MICHELLE|01:090:172:01|5.00|5.00|5.00|5.00|5.00|5.00|5.00|3.67|5.00|4.67
WRY                 PATRICIA|01:090:176:01|5.00|5.00|5.00|5.00|5.00|5.00|5.00|4.00|5.00|5.00
COOGAN              CHARLES|01:090:220:01|4.68|4.74|4.51|4.79|4.64|4.45|4.04|2.72|4.68|3.90|3.00|3.00|3.00|3.00
ANDERSON            ERICA|01:090:220:02|4.68|4.74|4.51|4.79|4.64|4.45|4.04|2.72|4.68|3.90
DUDZAK              LAUREN|01:090:220:03|4.68|4.74|4.51|4.79|4.64|4.45|4.04|2.72|4.68|3.90
GEHRMANN            AMY|01:090:220:04|4.68|4.74|4.51|4.79|4.64|4.45|4.04|2.72|4.68|3.90
MCGOWAN             BRIAN|01:090:220:05|4.68|4.74|4.51|4.79|4.64|4.45|4.04|2.72|4.68|3.90
ARROYO              M|01:090:220:08|4.68|4.74|4.51|4.79|4.64|4.45|4.04|2.72|4.68|3.90
HOGAN               COURTNEY|01:090:220:16|4.68|4.74|4.51|4.79|4.64|4.45|4.04|2.72|4.68|3.90
ZIPKIN              IRIS|01:090:220:17|4.68|4.74|4.51|4.79|4.64|4.45|4.04|2.72|4.68|3.90
HOWARD              SHARON|01:090:220:20|4.68|4.74|4.51|4.79|4.64|4.45|4.04|2.72|4.68|3.90|5.00
WINKLER             MATT|01:090:220:21|4.68|4.74|4.51|4.79|4.64|4.45|4.04|2.72|4.68|3.90
DUDZAK              LAUREN|01:090:220:23|4.68|4.74|4.51|4.79|4.64|4.45|4.04|2.72|4.68|3.90
VANRIPER            PAULA|01:090:220:28|4.68|4.74|4.51|4.79|4.64|4.45|4.04|2.72|4.68|3.90
BONNY               CHRISTINE|01:090:220:29|4.68|4.74|4.51|4.79|4.64|4.45|4.04|2.72|4.68|3.90
PALPACUER           C|01:090:228:01|4.83|4.79|4.71|4.87|4.94|4.88|4.67|4.52|4.78|4.65
SUBASI              M|01:090:228:02|4.83|4.79|4.71|4.87|4.94|4.88|4.67|4.52|4.78|4.65
WALLACE             ADRYAN|01:090:232:01|5.00|5.00|5.00|5.00|5.00|5.00|5.00|5.00|5.00|5.00|5.00
PALPACUER           CHRISTELLE|01:090:236:01|4.67|4.83|4.67|4.83|4.67|4.33|4.00|4.00|4.60|4.20
CABRERASERRANO      MARTA|01:090:238:01|4.56|4.75|4.44|4.56|4.75|4.44|3.89|4.33|4.44|4.11|3.00
BROWN               DANA|01:090:244:01|4.09|4.00|3.36|3.91|4.00|3.45|3.27|3.45|3.55|3.55
BAYKAL              OZGEN|01:090:246:01|4.83|4.67|5.00|5.00|5.00|4.50|4.50|4.33|4.67|4.67
BELL                R|01:090:270:01|5.00|4.90|4.80|4.70|5.00|4.70|4.60|3.20|4.70|4.50
GOLDSTEIN           S|01:090:271:01|4.25|4.63|4.63|4.75|4.63|4.50|4.50|4.13|4.75|4.50
RENNIE              N|01:090:273:01|4.75|4.69|4.31|4.81|4.06|4.19|4.44|4.27|4.40|4.33
DEIS                F|01:090:274:01|4.86|4.93|4.86|4.93|4.93|4.79|4.71|4.64|4.79|4.71
BARTELS             E|01:090:276:01|4.64|4.73|4.64|4.91|4.18|4.45|4.64|4.18|4.64|4.36|4.00|4.00|4.00|4.00|4.00|4.00
GREENBERG           D|01:090:277:01|5.00|4.93|4.33|4.73|4.47|4.20|4.57|4.21|4.47|4.36
KOTLIAR             G|01:090:278:01|4.22|4.44|4.56|4.67|4.67|4.33|4.78|4.33|4.44|4.44
KEETON CHARLES|01:090:279:01|5.00|5.00|4.88|5.00|4.63|4.88|4.75|4.25|5.00|4.88
YANOVITZKY          I|01:090:280:01|5.00|4.90|4.60|4.90|4.50|4.40|4.20|3.70|4.50|4.30
CHOI                A|01:090:281:01|4.67|4.61|4.37|4.58|4.28|4.05|4.42|3.32|4.37|4.11
GILLESPIE A|01:090:282:01|4.56|4.44|4.11|4.56|4.13|3.78|4.00|2.89|4.44|3.78
KAPLAN T|01:090:284:01|3.50|3.75|4.25|4.50|4.00|4.00|4.00|3.50|4.00|4.00
KALANTARI           B|01:090:285:01|4.00|4.57|4.86|4.86|5.00|4.00|3.71|3.71|4.29|4.14
GOLFETTI            R|01:090:286:01|3.46|3.77|3.92|4.46|4.29|3.62|3.69|4.77|3.77|3.62
LEVINE              J|01:090:395:01|4.75|4.88|4.53|4.82|4.70|4.41|4.41|4.47|4.65|4.65
BLANEY              P|01:090:396:01|4.70|4.70|4.50|4.70|4.80|4.50|4.30|3.33|4.50|4.50
