JACKSON             M|01:351:212:01|4.59|4.52|4.60|4.61|4.53|4.45|4.31|4.38|4.48|4.47|4.57|3.26|3.86|3.85|4.53|4.21|4.44
ARNDT               J|01:351:212:02|4.59|4.52|4.60|4.61|4.53|4.45|4.31|4.38|4.48|4.47|4.57|3.26|3.86|3.85|4.21|4.44
BLANEY|01:351:212:03|4.59|4.52|4.60|4.61|4.53|4.45|4.31|4.38|4.48|4.47|4.57|3.26|3.86|3.85|4.53|4.21|4.44|4.71
ARNDT               J|01:351:212:04|4.59|4.52|4.60|4.61|4.53|4.45|4.31|4.38|4.48|4.47|4.57|3.26|3.86|3.85|4.53|4.21|4.44
HELLER|01:351:212:05|4.59|4.52|4.60|4.61|4.53|4.45|4.31|4.38|4.48|4.47|4.57|3.26|3.86|3.85|4.53|4.21|4.44
RAMEY|01:351:212:06|4.59|4.52|4.60|4.61|4.53|4.45|4.31|4.38|4.48|4.47|4.57|3.26|3.86|3.85|4.21|4.44|5.00
HOBAYAN|01:351:212:07|4.59|4.52|4.60|4.61|4.53|4.45|4.31|4.38|4.48|4.47|4.57|3.26|3.86|3.85|4.53|4.21|4.44
HOBAYAN|01:351:212:08|4.59|4.52|4.60|4.61|4.53|4.45|4.31|4.38|4.48|4.47|4.57|3.26|3.86|3.85|4.21|4.44|4.71
SVICH|01:351:212:09|4.59|4.52|4.60|4.61|4.53|4.45|4.31|4.38|4.48|4.47|4.57|3.26|3.86|3.85|4.21|4.44
FUHRMAN|01:351:212:11|4.59|4.52|4.60|4.61|4.53|4.45|4.31|4.38|4.48|4.47|4.57|3.26|3.86|3.85|4.21|4.44
SUGURMAN            Y|01:351:212:12|4.59|4.52|4.60|4.61|4.53|4.45|4.31|4.38|4.48|4.47|4.57|3.26|3.86|3.85|4.53|4.21|4.44|4.71
BETTS               T|01:351:212:13|4.59|4.52|4.60|4.61|4.53|4.45|4.31|4.38|4.48|4.47|4.57|3.26|3.86|3.85|4.53|4.21|4.44|4.71|5.00
MURRAY              R|01:351:212:14|4.59|4.52|4.60|4.61|4.53|4.45|4.31|4.38|4.48|4.47|4.57|3.26|3.86|3.85|4.53|4.21|4.44
BETTS               T|01:351:212:15|4.59|4.52|4.60|4.61|4.53|4.45|4.31|4.38|4.48|4.47|4.57|3.26|3.86|3.85|4.53|4.21|4.44|5.00
JOHNSON             K|01:351:212:16|4.59|4.52|4.60|4.61|4.53|4.45|4.31|4.38|4.48|4.47|4.57|3.26|3.86|3.85|4.21|4.44|4.71
BETTS               T|01:351:212:17|4.59|4.52|4.60|4.61|4.53|4.45|4.31|4.38|4.48|4.47|4.57|3.26|3.86|3.85|4.53|4.21|4.44
MURRAY              R|01:351:212:18|4.59|4.52|4.60|4.61|4.53|4.45|4.31|4.38|4.48|4.47|4.57|3.26|3.86|3.85|4.21|4.44
KUSCH               R|01:351:241:01|4.85|4.93|4.63|4.92|4.77|4.58|4.58|4.46|4.69|4.64|4.62|3.43|3.90|4.13|5.00|4.05|4.47|5.00|5.00
KING                A|01:351:242:01|4.93|4.89|4.63|4.93|4.81|4.65|4.48|4.22|4.81|4.73|4.73|3.41|3.77|4.32|5.00|4.19|4.38|5.00|5.00
BLANEY              P|01:351:305:01|4.44|4.64|4.58|4.63|4.54|4.35|4.04|4.58|4.15|4.20|4.35|3.30|3.94|4.18|5.00|4.09|4.41|4.50
ELLIS               K|01:351:305:02|4.44|4.64|4.58|4.63|4.54|4.35|4.04|4.58|4.15|4.20|4.35|3.30|3.94|4.18|4.09|4.41|4.50
MILLER              S|01:351:306:01|4.17|4.32|4.45|4.36|4.61|4.30|4.17|4.85|4.25|4.33|4.33|3.50|3.80|4.15|5.00|4.19|4.47
JOHNSON KARMA|01:351:306:02|4.17|4.32|4.45|4.36|4.61|4.30|4.17|4.85|4.25|4.33|4.33|3.50|3.80|4.15|4.19|4.47
SUGARMAN            Y|01:351:306:03|4.17|4.32|4.45|4.36|4.61|4.30|4.17|4.85|4.25|4.33|4.33|3.50|3.80|4.15|4.19|4.47
FUHRMAN             J|01:351:306:05|4.17|4.32|4.45|4.36|4.61|4.30|4.17|4.85|4.25|4.33|4.33|3.50|3.80|4.15|5.00|4.19|4.47
TUPPER              L|01:351:307:01|4.81|4.71|4.58|4.67|4.65|4.39|4.28|4.83|4.58|4.54|4.60|3.19|3.91|4.49|3.50|4.33|4.29|4.33
TUPPER              L|01:351:307:02|4.81|4.71|4.58|4.67|4.65|4.39|4.28|4.83|4.58|4.54|4.60|3.19|3.91|4.49|3.50|4.33|4.29
HELLER              S|01:351:307:03|4.81|4.71|4.58|4.67|4.65|4.39|4.28|4.83|4.58|4.54|4.60|3.19|3.91|4.49|4.33|4.29
SEIDEL              D|01:351:312:01|4.71|4.75|4.88|4.78|4.80|4.72|4.81|4.69|4.77|4.83|4.50|4.70|4.93|4.32|3.57|4.52|4.79
SEIDEL              D|01:351:312:05|4.71|4.75|4.88|4.78|4.80|4.72|4.81|4.69|4.77|4.83|4.50|4.70|4.93|4.32|3.57|4.52|4.79
Karanovic Jelena|01:351:312:06|4.40|3.40|3.60|4.00|3.60|3.40|3.40|2.20|3.20|2.80|4.20|3.40|2.75|2.60|4.00|3.40
FERGUSON            K|01:351:313:01|4.68|4.68|4.64|4.60|4.60|4.68|4.40|3.84|4.56|4.48|4.41|3.10|3.70|3.65|4.08|4.17
WALKER              S|01:351:317:01|4.70|4.80|4.60|4.80|4.80|4.50|4.80|4.11|4.89|4.63|4.13|3.38|3.86|4.38|4.25|4.25|5.00|5.00
FERGUSON            K|01:351:335:01|4.92|5.00|4.92|5.00|5.00|4.96|4.72|4.27|4.96|4.85|4.88|4.08|4.46|4.50|4.39|4.22
ELLIS               K|01:351:358:01|4.00|4.00|4.55|4.55|4.00|4.18|3.73|3.64|4.00|4.20|4.00|3.30|3.75|4.33|4.11|4.25|3.00
PERERA SONALI|01:351:359:01|4.69|4.59|4.60|4.46|4.50|4.41|4.30|4.07|4.48|4.44|4.63|3.00|3.30|4.19|3.00|4.00|4.39
ASADUDDIN           A|01:351:365:01|4.38|4.00|4.25|4.63|4.13|4.14|4.38|4.63|4.13|4.00|3.71|3.67|4.40|4.43|5.00|4.20|4.33|4.50|5.00
BARNETT             L|01:351:376:01|4.24|3.94|3.82|4.18|3.71|3.65|3.94|3.35|3.71|3.71|4.00|2.00|2.89|3.90|4.25|4.22|4.00
JOSEPH              M|01:351:385:01|4.29|4.24|4.00|4.47|4.59|3.82|3.82|4.24|4.00|3.88|3.81|2.75|3.36|4.12|3.81|3.80|3.00|3.00
OSBORN              S|01:351:406:01|4.69|4.76|4.69|4.68|4.89|4.62|4.69|4.93|4.69|4.79|4.41|3.63|4.00|4.46|4.59|4.15
MILLER              S|01:351:406:03|4.69|4.76|4.69|4.68|4.89|4.62|4.69|4.93|4.69|4.79|4.41|3.63|4.00|4.46|5.00|4.59|4.15
