KILLINGSWORTH|01:220:102:01|4.43|4.15|3.85|4.11|3.94|3.70|3.83|3.24|3.83|3.73
PERRY               M|01:220:102:03|4.43|4.20|4.03|4.36|4.34|3.77|3.78|3.45|4.03|3.89|4.27|4.57|4.67|4.67|4.67|4.50|4.50|4.43|4.67
SWANZER L|01:220:102:08|4.43|4.15|3.85|4.11|3.94|3.70|3.83|3.24|3.83|3.73
VELLANGANY I|01:220:103:00|4.23|3.87|3.93|3.86|3.90|3.63|3.77|3.51|3.63|3.66
SHEFLIN N|01:220:103:01|4.23|3.87|3.93|3.86|3.90|3.63|3.77|3.51|3.63|3.66
CLARE               G|01:220:103:02|4.56|4.39|4.27|4.16|4.15|3.91|4.10|3.47|4.25|4.14|4.00|4.00|4.00|5.00|5.00|5.00|5.00|5.00|5.00
GIGLIOTTI GARY|01:220:103:03|4.23|3.87|3.93|3.86|3.90|3.63|3.77|3.51|3.63|3.66
SHEFLIN N|01:220:103:04|4.23|3.87|3.93|3.86|3.90|3.63|3.77|3.51|3.63|3.66
LIN S|01:220:103:06|4.23|3.87|3.93|3.86|3.90|3.63|3.77|3.51|3.63|3.66
SHEFLIN N|NONE|4.23|3.87|3.93|3.86|3.90|3.63|3.77|3.51|3.63|3.66
CLARE               G|01:220:200:01|4.49|4.34|4.03|4.09|3.94|3.68|3.92|2.90|4.00|3.76
CHAUDHURI B|01:220:300:01|3.66|3.68|3.63|4.08|3.97|3.37|3.53|3.62|3.41|3.50
CHAUDHURI B|01:220:300:06|3.66|3.68|3.63|4.08|3.97|3.37|3.53|3.62|3.41|3.50
HASSAN M|01:220:301:01|4.22|4.05|3.70|4.18|4.28|3.63|3.95|4.01|3.83|3.90
STONE R|01:220:301:06|4.22|4.05|3.70|4.18|4.28|3.63|3.95|4.01|3.83|3.90
SANI M|01:220:301:07|4.22|4.05|3.70|4.18|4.28|3.63|3.95|4.01|3.83|3.90
HASSAN M|01:220:301:08|4.22|4.05|3.70|4.18|4.28|3.63|3.95|4.01|3.83|3.90
WARMINGHAM          D|01:220:301:10|4.70|4.71|4.65|4.68|4.72|4.50|4.50|4.13|4.63|4.58
KILLINGSWORTH|01:220:302:01|4.70|4.58|4.18|4.57|4.11|3.90|3.90|3.42|4.16|4.00
WARMINGHAM          D|01:220:308:02|4.71|4.61|4.57|4.57|4.62|4.41|4.36|4.09|4.51|4.52|5.00|5.00|5.00|5.00|5.00|5.00|5.00
WARMINGHAM          D|01:220:308:05|4.71|4.61|4.57|4.57|4.62|4.41|4.36|4.09|4.51|4.52
DEREK DELIA|01:220:316:01|4.71|4.29|4.32|4.53|4.27|4.06|4.24|3.97|3.94|4.09
MOEHLING C|01:220:320:02|4.53|4.34|3.98|4.44|4.34|4.03|4.00|4.00|4.15|4.13
HUGHES              J|01:220:320:04|4.00|3.54|4.04|3.93|4.07|3.54|3.96|3.78|3.63|3.69
DASTAN I|01:220:320:05|4.53|4.34|3.98|4.44|4.34|4.03|4.00|4.00|4.15|4.13
PAUL M|01:220:320:07|4.53|4.34|3.98|4.44|4.34|4.03|4.00|4.00|4.15|4.13
PAUL M|01:220:320:08|4.53|4.34|3.98|4.44|4.34|4.03|4.00|4.00|4.15|4.13
DASTAN I|01:220:320:13|4.53|4.34|3.98|4.44|4.34|4.03|4.00|4.00|4.15|4.13
HASSAN M|01:220:321:04|4.18|3.89|3.71|4.01|4.02|3.68|3.86|3.78|3.72|3.74
ARMAH N|01:220:321:07|4.18|3.89|3.71|4.01|4.02|3.68|3.86|3.78|3.72|3.74
ARMAH N|01:220:321:08|4.18|3.89|3.71|4.01|4.02|3.68|3.86|3.78|3.72|3.74
SANI M|01:220:321:09|4.18|3.89|3.71|4.01|4.02|3.68|3.86|3.78|3.72|3.74
KLEIN               R|01:220:322:01|4.38|4.43|3.97|4.70|4.56|3.85|3.75|2.83|4.08|3.95
AKRAM K|01:220:322:02|4.23|4.08|3.59|4.11|4.24|3.47|3.55|2.94|3.71|3.58
AKRAM K|01:220:322:13|4.23|4.08|3.59|4.11|4.24|3.47|3.55|2.94|3.71|3.58
ROCKOFF HUGH|01:220:327:01|4.71|4.45|4.49|4.61|4.58|4.18|4.34|3.70|4.39|4.18
SIGMAN H|01:220:332:01|4.34|4.17|3.66|4.37|4.23|3.74|3.66|3.37|3.80|3.88
CLARE               G|01:220:335:01|4.43|4.33|4.20|4.24|4.17|3.97|4.10|4.07|4.28|4.17
DUTTA M|01:220:337:01|3.21|2.74|3.47|3.21|3.79|3.05|3.85|3.79|3.00|3.10
GANG IRA|01:220:339:01|4.20|4.35|4.11|4.40|4.50|3.71|3.91|3.80|3.83|3.91
DUTTA M|01:220:350:01|3.22|3.05|3.46|3.51|3.80|3.19|3.30|3.24|3.05|3.08
TSURUMI H|01:220:358:01|3.43|3.71|3.14|3.71|3.29|3.57|3.29|3.14|3.00|3.14
PACZKOWSKI W|01:220:370:01|4.11|3.67|4.00|3.50|3.22|4.00|3.89|3.94|3.61|3.78
MOEHLING C|01:220:375:02|4.70|4.63|3.93|4.60|4.07|3.80|3.97|3.47|4.10|4.03
TSURUMI H|01:220:386:01|3.73|3.45|3.27|3.45|3.00|3.55|3.80|3.91|3.27|3.55
PACZKOWSKI W|01:220:393:03|4.31|3.89|3.72|3.79|3.51|3.44|3.85|3.99|3.49|3.65
BIRCHBY J|01:220:393:04|4.31|3.89|3.72|3.79|3.51|3.44|3.85|3.99|3.49|3.65
BIRCHBY J|01:220:393:05|4.31|3.89|3.72|3.79|3.51|3.44|3.85|3.99|3.49|3.65
MIZRACH             B|01:220:394:01|4.80|4.55|4.45|4.43|4.62|4.24|4.43|4.52|4.35|4.24|5.00|5.00|5.00|5.00|5.00|5.00|5.00|5.00|5.00
PERRY               M|01:220:396:01|4.57|4.67|4.53|4.68|4.54|4.24|4.53|4.10|4.47|4.47|4.50|5.00|5.00|5.00|5.00|5.00|5.00|5.00|5.00
SOPHER B|01:220:405:01|4.35|4.06|3.88|4.41|4.18|3.82|3.94|4.00|4.06|3.71
OKADA D|01:220:406:01|4.60|4.45|4.35|4.10|4.11|4.35|4.55|4.25|4.40|4.30
SJOSTROM|01:220:407:01|4.60|4.55|4.80|4.90|4.55|4.20|4.25|4.30|4.55|4.40
HUGHES              J|01:220:408:01|4.46|4.46|4.31|4.62|4.38|4.54|4.85|3.46|4.46|4.31
OKADA D|01:220:430:01|4.81|4.75|4.50|4.63|4.56|4.44|4.56|4.19|4.69|4.69
