GHASSEMFACHANI      PARVIS|01:070:101:00|4.49|4.56|4.37|4.64|4.62|4.22|4.19|3.65|4.30|4.13|4.82|4.33|4.33|3.00|4.00|3.00|3.00|4.00|3.00
CACHEL              SUSAN|01:070:102:00|4.17|3.83|3.47|3.94|3.75|3.21|3.43|3.21|3.52|3.25
SCHRIRE             CARMEL|01:070:105:00|4.57|4.60|4.75|4.61|4.67|4.45|4.61|4.25|4.49|4.27
MAHONEY             DILLON|01:070:108:00|4.36|4.45|4.07|4.74|4.34|3.90|4.05|3.62|4.05|4.11
SCOTT               ROBERT|01:070:111:00|4.14|4.30|4.20|4.43|4.17|3.83|3.90|3.52|4.09|3.59|3.00|1.00|2.00|1.00|1.00|2.00|1.00|1.00|3.00
HAREL               ASSAF|01:070:111:02|4.14|4.30|4.20|4.43|4.17|3.83|3.90|3.52|4.09|3.59
HAREL               ASSAF|01:070:111:13|4.14|4.30|4.20|4.43|4.17|3.83|3.90|3.52|4.09|3.59
HAREL               ASSAF|01:070:111:14|4.14|4.30|4.20|4.43|4.17|3.83|3.90|3.52|4.09|3.59
CRONK               LEE|01:070:204:01|4.78|4.66|4.45|4.72|4.56|4.15|4.34|3.59|4.47|4.44
PALOMBIT            RYNE|01:070:212:01|4.75|4.85|4.85|4.80|4.35|4.60|4.85|3.95|4.65|4.60|4.32|4.16|4.58|3.26|4.21|4.32|3.67|5.00|3.94
FEIBEL              CRAIG|01:070:213:01|4.92|4.37|4.21|4.41|4.39|4.03|4.21|3.68|4.29|4.11
OBRIEN              ROBERT|01:070:216:01|4.05|4.66|4.56|4.59|4.25|4.29|4.20|3.59|4.15|4.03
GOLDSTEIN           DANIEL|01:070:223:01|4.83|4.58|4.50|4.64|4.02|4.41|4.50|3.98|4.56|4.48|4.00|4.00|4.00|4.00|4.00|4.00|4.00|4.00
MAGANA              ROCIO|01:070:293:01|4.53|4.73|4.53|4.73|4.67|4.13|4.60|3.87|4.27|4.23
HAUGERUD            ANGELIQUE|01:070:303:01|4.68|3.84|4.13|4.00|4.24|3.67|4.48|4.00|3.96|4.22
OBRIEN              ROBERT|01:070:307:01|4.50|4.80|4.70|4.90|4.75|4.65|4.70|4.05|4.62|4.53
GHASSEMFACHAN       PARVIS|01:070:308:01|4.79|4.86|4.85|4.93|4.57|4.50|4.71|4.00|4.77|4.62
TIGER               LIONEL|01:070:310:01|3.64|4.45|4.09|4.18|3.89|3.91|3.73|4.00|3.91|3.73
MAHONEY             DILLON|01:070:312:01|4.96|4.92|4.77|4.96|4.76|4.65|4.54|3.92|4.81|4.77
OBRIAN              ROBERT|01:070:320:01|3.76|4.59|4.18|4.65|4.47|4.12|4.29|4.18|4.06|4.00
SCHRIRE             CARMEL|01:070:333:01|3.47|2.50|3.28|2.72|3.81|3.17|3.44|3.39|2.89|3.12
PALOMBIT            RYNE|01:070:348:01|5.00|5.00|4.95|5.00|4.95|5.00|4.95|4.75|5.00|4.89|3.35|4.80|5.00|3.35|4.15|4.32
TIGER               LIONEL|01:070:364:01|4.38|4.54|4.42|4.46|4.75|4.09|4.25|3.96|4.42|4.33|5.00|5.00|5.00|5.00|5.00
HODGSON             DOROTHY|01:070:379:01|4.81|4.85|4.73|4.62|4.50|4.48|4.77|4.19|4.56|4.54
HARRIS              JOHN|01:070:412:01|5.00|5.00|5.00|5.00|5.00|5.00|5.00|4.33|5.00|5.00
