MOSHENBERG          ORLY|01:563:101:01|4.82|4.85|4.82|4.85|4.73|4.82|4.79|4.42|4.85|4.77
LEVY                L|01:563:101:02|4.82|4.85|4.82|4.85|4.73|4.82|4.79|4.42|4.85|4.77
LEVY                LILY|01:563:102:01|5.00|4.71|4.83|4.47|4.76|4.59|4.61|4.59|4.65|4.67
PORTNOY             EDWARD|01:563:104:01|4.60|5.00|4.80|5.00|4.80|4.80|4.60|4.80|4.60|4.40
MOSHENBERG          ORLY|01:563:121:01|5.00|5.00|5.00|5.00|4.80|5.00|5.00|4.80|5.00|5.00
BRYNNOIMAN          EDNA|01:563:131:01|4.33|4.27|4.40|4.00|4.13|4.00|4.47|4.79|4.20|4.13
BRYNNOIMAN          E|01:563:132:01|4.60|4.30|4.40|4.30|4.40|4.10|4.50|4.80|4.22|4.38
TARTAKOFF           P|01:563:201:01|4.81|4.86|4.63|4.80|4.37|4.37|4.64|3.84|4.60|4.44|4.00|4.00|4.00|4.00|4.00|4.00|4.00|4.00
SINKOFF             NANCY|01:563:202:01|4.38|4.09|4.06|4.16|3.50|3.84|4.19|4.00|3.94|3.91
RENDSBURG           GARY|01:563:220:01|4.45|4.17|4.21|4.18|3.48|3.71|4.21|4.21|3.89|3.89
YADIN               AZZAN|01:563:250:01|4.58|4.54|4.19|4.28|3.81|3.94|4.19|3.86|4.22|4.12
SHANDLER            JEFFREY|01:563:306:01|4.69|4.50|4.46|4.62|3.77|4.08|3.92|4.14|4.25|4.00
REDL                NINA|01:563:312:01|4.69|4.33|4.23|4.92|4.58|4.46|4.42|3.75|4.46|4.25
MOSHENBERG          ORLY|01:563:371:01|4.57|4.43|4.43|4.57|4.43|4.43|4.33|4.00|4.43|4.33
KOREN               IRIT|01:563:394:01|4.47|4.47|4.73|4.60|4.27|4.13|4.60|4.00|4.40|4.29
ZERUBAVEL           YAEL|01:563:395:01|4.14|4.14|3.86|4.14|3.71|3.86|3.86|3.71|4.00|4.00
STAUBER             RONI|01:563:397:02|4.65|4.60|4.60|4.55|4.65|4.45|4.58|4.10|4.42|4.32|5.00|5.00|5.00|5.00|5.00|5.00|5.00|5.00
YADIN               AZZAN|01:563:464:01|5.00|5.00|4.80|4.75|4.40|4.40|4.60|3.80|4.75|4.75
