GONZAGOWSKI         STEVEN|01:195:101:03|4.43|4.51|4.43|4.49|4.62|4.33|4.19|3.26|4.51|4.49|5.00
GONZAGOWSKI         STEVEN|01:195:101:04|4.43|4.51|4.43|4.49|4.62|4.33|4.19|3.26|4.51|4.49
UHLIROVA            ROMANA|01:195:135:01|4.19|4.14|4.06|4.19|4.18|3.86|3.82|3.40|4.01|3.94|4.33|5.00|5.00|5.00|5.00
UHLIROVA            ROMANA|01:195:135:01|4.19|4.14|4.06|4.19|4.18|3.86|3.82|3.40|4.01|3.94
UHLIROVA            ROMANA|01:195:135:02|4.19|4.14|4.06|4.19|4.18|3.86|3.82|3.40|4.01|3.94
MATALLANA           SUSANNA|01:195:135:02|4.19|4.14|4.06|4.19|4.18|3.86|3.82|3.40|4.01|3.94|4.33
MATALLANA           SUSANA|01:195:135:04|4.19|4.14|4.06|4.19|4.18|3.86|3.82|3.40|4.01|3.94|4.33|5.00|5.00|5.00|5.00|5.00|5.00|5.00|5.00
UHLIROVA            ROMANA|01:195:135:04|4.19|4.14|4.06|4.19|4.18|3.86|3.82|3.40|4.01|3.94
UHLIROVA            ROMANA|01:195:135:16|4.19|4.14|4.06|4.19|4.18|3.86|3.82|3.40|4.01|3.94
HOLM                MELANIE|01:195:150:02|4.82|4.85|4.80|4.88|4.85|4.75|4.64|4.03|4.79|4.73
MARCONE             JORGE|01:195:201:00|4.25|4.39|4.24|4.41|3.98|3.99|4.06|3.68|4.12|4.18
MARCONE             JORGE|01:195:201:71|4.25|4.39|4.24|4.41|3.98|3.99|4.06|3.68|4.12|4.18
FLIEGER             JERRY|01:195:203:02|4.56|4.89|4.92|4.92|4.81|4.64|4.56|3.91|4.71|4.56
SCLAFANI            KATHLEEN|01:195:244:01|4.62|4.69|4.65|4.73|4.57|4.41|4.38|3.57|4.45|4.43
HOLM                MELANIE|01:195:244:02|4.62|4.69|4.65|4.73|4.57|4.41|4.38|3.57|4.45|4.43
WALKER              JANET|01:195:307:01|4.71|4.83|4.61|4.83|4.75|4.63|4.50|3.96|4.63|4.50
LEVINE              MICHAEL|01:195:316:01|4.45|4.27|4.55|4.36|4.00|4.00|4.55|3.18|4.18|4.18
CLARK CHRISTOPHER|01:195:320:01|4.47|4.64|4.64|4.36|4.21|4.21|4.21|3.86|4.43|4.14|4.00|4.00|4.00|4.00|4.00|4.00|4.00|4.00
WALKER              JANET|01:195:329:01|4.67|4.78|4.44|4.72|4.67|4.28|4.50|3.94|4.67|4.67
SCHALOW             PAUL|01:195:332:01|4.80|4.80|5.00|4.90|4.60|4.80|4.90|4.50|4.90|4.80
MARTINEZ            YOLANDA|01:195:336:01|5.00|5.00|4.83|4.83|4.50|4.67|4.83|4.00|4.67|4.83
WALKER              STEVEN|01:195:346:01|4.73|4.87|4.53|4.93|4.73|4.60|4.60|3.73|4.67|4.67|4.00
BOJANOWSKA          EDYTA|01:195:356:01|4.40|4.50|4.33|4.17|4.50|4.50|4.83|3.33|4.40|4.33
DELAURENTIS         JOHN|01:195:358:01|4.86|4.86|4.57|5.00|4.86|4.57|4.71|4.00|4.50|4.40
LEVINE              MICHAEL|01:195:395:01|4.83|4.83|4.83|4.83|5.00|4.80|4.50|4.25|4.60|4.83
SHANDLER            JEFFREY|01:195:396:01|4.50|4.00|4.00|4.29|4.00|3.88|4.00|4.25|4.38|3.88
PIROG               GERALD|01:195:397:01|5.00|5.00|5.00|5.00|5.00|5.00|5.00|4.00|5.00|5.00|5.00|5.00
BOJANOWSKA          EDYTA|01:195:480:01|5.00|5.00|4.83|4.83|4.67|4.83|4.83|4.00|5.00|4.83
