WELCH               MICHAEL|01:202:201:01|4.51|4.46|4.44|4.51|4.44|4.23|4.34|4.03|4.19|4.25
PAITAKES            JOHN|01:202:201:02|4.51|4.46|4.44|4.51|4.44|4.23|4.34|4.03|4.19|4.25|5.00|4.75|5.00|4.67|5.00|4.50|5.00|5.00
SZEJNER             ROBERT|01:202:201:03|4.51|4.46|4.44|4.51|4.44|4.23|4.34|4.03|4.19|4.25|5.00|4.75|5.00|4.67|5.00|4.50|5.00|5.00|5.00
KOHL                JAMES|01:202:202:01|4.48|4.44|4.46|4.37|4.26|3.94|4.01|4.10|4.17|4.12|5.00|5.00|5.00|5.00|5.00|5.00|5.00|5.00|5.00
WELCH               MICHAEL|01:202:203:01|4.62|4.61|4.58|4.51|4.38|4.40|4.44|4.05|4.44|4.37
ZGOBA               KRISTIN|01:202:203:02|4.62|4.61|4.58|4.51|4.38|4.40|4.44|4.05|4.44|4.37|5.00|5.00|5.00|5.00|5.00
REISNER             RONALD|01:202:205:01|4.50|4.34|4.31|4.42|4.39|4.09|4.39|4.26|4.33|4.38
HINDS               LENNOX|01:202:309:01|4.74|4.43|4.74|4.57|4.58|4.61|4.75|4.42|4.57|4.48
MCCANN              ELLEN|01:202:310:01|4.09|4.47|4.42|4.48|4.52|3.90|4.03|3.74|4.55|4.32|4.00
HINDS               LENNOX|01:202:311:01|4.33|4.33|4.13|4.29|4.33|4.00|4.25|3.74|4.42|4.43|3.00|3.00|3.00|3.00|3.00|3.00|3.00|3.00|3.00
SZEJNER             ROBERT|01:202:322:01|4.78|4.74|4.63|4.72|4.69|4.40|4.46|4.29|4.69|4.41|5.00
DESIRE              MARK|01:202:351:01|4.75|4.90|5.00|5.00|5.00|4.90|5.00|5.00|4.90|4.80|5.00|5.00
DESIRE              MARK|01:202:405:01|4.72|4.68|4.67|4.70|4.67|4.54|4.63|4.38|4.63|4.71|5.00
MCCAN               ELLEN|01:202:405:80|4.72|4.68|4.67|4.70|4.67|4.54|4.63|4.38|4.63|4.71
FIELDS              ERICA|01:202:406:01|4.59|4.94|4.88|4.94|4.67|4.65|4.65|4.94|4.88|4.82
SZEJNER             ROBERT|01:202:496:01|4.90|4.76|4.90|5.00|4.90|4.76|4.52|4.14|4.85|4.70
