MCDOWELL|01:920:101:00|4.48|4.47|4.41|4.59|4.34|4.18|4.12|3.66|4.30|4.19|3.74
CLARKE LEE|01:920:101:00|4.48|4.47|4.41|4.59|4.34|4.18|4.12|3.66|4.30|4.19|3.74|3.49|3.85|4.12|2.99|3.35|3.47|4.45|4.75
WILHELMS|01:920:101:26|4.48|4.47|4.41|4.59|4.34|4.18|4.12|3.66|4.30|4.19|3.74|3.49|3.85|4.12|2.99|3.35
WILHELMS|01:920:103:05|4.62|4.53|4.47|4.63|4.53|4.34|4.50|3.97|4.54|4.47|4.00|3.00
BARRA               ANDREA|01:920:108:01|4.39|4.38|4.41|4.46|4.20|4.08|4.08|3.64|4.16|4.11
LEE|01:920:108:03|4.39|4.38|4.41|4.46|4.20|4.08|4.08|3.64|4.16|4.11
BARBER|01:920:108:04|4.39|4.38|4.41|4.46|4.20|4.08|4.08|3.64|4.16|4.11|5.00|5.00|5.00|5.00|5.00|5.00|5.00|5.00|5.00
HANSELL|01:920:210:01|4.91|4.69|4.76|4.84|4.68|4.48|4.70|4.06|4.68|4.59|4.50|4.50|4.50|4.50|4.50|4.50|4.50|4.50|4.50
GERMANA|01:920:216:01|4.88|4.71|4.63|4.72|4.59|4.52|4.46|3.95|4.64|4.47|4.50|5.00|5.00|5.00|5.00
COVINGTON|01:920:222:01|4.54|4.39|4.22|4.37|4.33|4.07|4.24|4.04|4.24|4.11
RECK|01:920:222:03|4.54|4.39|4.22|4.37|4.33|4.07|4.24|4.04|4.24|4.11|4.50|4.00|4.00
HIRSCHFIELD PAUL|01:920:222:04|4.54|4.39|4.22|4.37|4.33|4.07|4.24|4.04|4.24|4.11|4.50|4.00|4.00|4.00|4.00|4.00|4.00|4.00
MCCORMICK|01:920:272:01|3.56|3.22|3.03|3.63|3.78|2.68|2.97|3.30|2.79|2.84
GERSON|01:920:272:02|3.56|3.22|3.03|3.63|3.78|2.68|2.97|3.30|2.79|2.84
NELSON|01:920:283:01|4.37|4.20|3.51|4.37|4.51|3.73|3.54|3.57|3.85|3.71
MCLEAN|01:920:290:02|4.59|4.43|4.23|4.52|4.13|4.13|4.09|3.76|4.47|4.30
STEIN|01:920:292:01|4.39|4.25|4.27|4.45|3.88|4.07|4.11|4.05|4.09|4.02
LAPOINTE|01:920:304:01|3.44|3.46|3.53|3.59|3.62|2.88|3.25|3.91|3.07|3.21
SCHUSTER|01:920:304:03|3.44|3.46|3.53|3.59|3.62|2.88|3.25|3.91|3.07|3.21|3.00
RECK|01:920:306:01|4.35|4.44|4.41|4.48|4.45|4.21|4.15|3.83|4.25|4.20|5.00|5.00|3.00|4.00|4.00|4.00|5.00|5.00|5.00
WINEBERG|01:920:306:03|4.35|4.44|4.41|4.48|4.45|4.21|4.15|3.83|4.25|4.20
MITCHELL|01:920:306:04|4.35|4.44|4.41|4.48|4.45|4.21|4.15|3.83|4.25|4.20
ROSENFIELD|01:920:307:01|4.11|4.45|4.33|4.58|4.50|3.98|3.98|4.02|4.12|4.11
CARELLI             LINDA|01:920:307:02|4.11|4.45|4.33|4.58|4.50|3.98|3.98|4.02|4.12|4.11
PHILLIPS|01:920:311:00|4.06|3.94|3.76|3.99|3.93|3.49|3.50|2.88|3.65|3.50|4.50|4.33|4.33
FRIEDMAN|01:920:311:00|4.06|3.94|3.76|3.99|3.93|3.49|3.50|2.88|3.65|3.50
HARVEY|01:920:311:08|4.06|3.94|3.76|3.99|3.93|3.49|3.50|2.88|3.65|3.50
MITCHELL|01:920:313:00|4.49|4.31|4.10|4.44|4.21|3.94|3.97|3.33|4.15|3.92
DAIPHA|01:920:313:00|4.49|4.31|4.10|4.44|4.21|3.94|3.97|3.33|4.15|3.92|4.33
LAPOINTE|01:920:313:12|4.49|4.31|4.10|4.44|4.21|3.94|3.97|3.33|4.15|3.92|4.50
MISCHE|01:920:314:00|4.61|4.65|4.41|4.63|4.43|4.31|4.29|3.70|4.53|4.42|5.00|5.00|5.00|5.00|5.00|5.00|5.00
MITCHELL|01:920:314:00|4.61|4.65|4.41|4.63|4.43|4.31|4.29|3.70|4.53|4.42|5.00|5.00|5.00|5.00|5.00|5.00|5.00|5.00|5.00
CARR DEBORAH|01:920:319:01|4.68|4.84|4.60|4.76|4.52|4.36|4.36|4.24|4.64|4.52
MCDOWELL|01:920:332:01|4.65|4.51|4.43|4.59|4.54|4.27|4.32|3.70|4.51|4.50
MCDOWELL            DOUGLAS|01:920:349:01|4.55|4.52|4.45|4.66|4.59|4.25|4.31|3.84|4.45|4.40
BATEMAN|01:920:349:02|4.55|4.52|4.45|4.66|4.59|4.25|4.31|3.84|4.45|4.40|5.00|5.00|5.00|5.00|5.00|5.00|5.00|5.00|5.00
SCHUSTER|01:920:354:01|3.80|3.00|4.07|3.27|3.47|3.33|3.93|3.47|3.13|3.33
RUDEL|01:920:359:01|5.00|4.94|4.87|4.88|4.50|4.63|4.69|4.44|4.67|4.87
COVINGTON|01:920:361:01|4.56|4.16|4.15|4.19|4.15|3.85|4.08|4.08|3.96|3.78
GATTA|01:920:363:01|4.68|4.81|4.41|4.71|4.23|4.19|4.29|3.71|4.50|4.19|3.88|4.25|4.00|4.88|4.63
SALIME|01:920:393:01|4.31|4.38|4.50|4.64|4.46|4.71|4.79|3.93|4.64|4.57
STEIN|01:920:406:01|4.30|4.26|4.00|4.43|3.83|3.87|3.83|3.86|3.96|3.83
WINEBERG|01:920:410:01|2.86|3.05|3.05|2.95|3.28|2.80|2.85|4.00|3.16|3.05
MCLEAN|01:920:422:01|4.54|4.66|4.58|4.66|4.53|4.20|4.24|3.73|4.43|4.38
FRIEDMAN|01:920:422:03|4.54|4.66|4.58|4.66|4.53|4.20|4.24|3.73|4.43|4.38
MISCHE|01:920:422:04|4.54|4.66|4.58|4.66|4.53|4.20|4.24|3.73|4.43|4.38
PARELIUS            R|01:920:462:01|4.83|4.83|4.50|4.67|4.25|4.17|4.67|4.00|4.83|4.50
HORWITZ|01:920:492:01|4.60|4.60|4.40|4.80|4.30|4.30|4.80|4.33|4.30
ROSENFIELD|01:920:492:01|4.60|4.60|4.40|4.80|5.00|4.30|4.30|4.80|4.33|4.30
ZERUBAVEL           E|01:920:492:05|4.60|4.60|4.40|4.80|5.00|4.30|4.30|4.80|4.33|4.30
ROSENFIELD|01:920:498:01|5.00|5.00|5.00|5.00|5.00|5.00|5.00|5.00|5.00|5.00
