RUBENSTEIN          H|01:790:101:00|4.48|4.52|4.42|4.58|4.35|4.18|4.23|3.71|4.38|4.19|5.00|4.90|4.90|4.83|4.83|4.60|4.40|4.00|4.50
MITCHELL            A|01:790:101:02|4.48|4.52|4.42|4.58|4.35|4.18|4.23|3.71|4.38|4.19
MITCHELL            A|01:790:101:04|4.48|4.52|4.42|4.58|4.35|4.18|4.23|3.71|4.38|4.19
MITCHELL            ANNA|01:790:101:21|4.48|4.52|4.42|4.58|4.35|4.18|4.23|3.71|4.38|4.19|5.00|4.90|4.90|4.83|4.83|4.60|4.40|4.00|4.50
BUZBY               A|01:790:101:23|4.48|4.52|4.42|4.58|4.35|4.18|4.23|3.71|4.38|4.19|5.00|4.90|4.90|4.83|4.83|4.60|4.40|4.00|4.50
RHODES              E|01:790:102:00|4.70|4.56|4.55|4.66|4.46|4.40|4.47|4.11|4.52|4.47
KNIEVEL             T|01:790:102:07|4.70|4.56|4.55|4.66|4.46|4.40|4.47|4.11|4.52|4.47
KNIEVEL             T|01:790:102:09|4.70|4.56|4.55|4.66|4.46|4.40|4.47|4.11|4.52|4.47
KNIEVEL             T|01:790:102:10|4.70|4.56|4.55|4.66|4.46|4.40|4.47|4.11|4.52|4.47
MISLAN              D|01:790:102:12|4.70|4.56|4.55|4.66|4.46|4.40|4.47|4.11|4.52|4.47|4.33|4.00
BLAIR               D|01:790:103:00|4.15|4.05|3.46|4.17|4.16|3.47|3.49|3.55|3.59|3.25|4.67
BAYKAL              OZGEN|01:790:103:09|4.15|4.05|3.46|4.17|4.16|3.47|3.49|3.55|3.59|3.25|4.67
BAKER               R|01:790:104:00|4.74|4.70|4.56|4.66|4.43|4.31|4.29|4.03|4.52|4.39|5.00|5.00|5.00|5.00|5.00|5.00|5.00|5.00|5.00
ANDERSON            D|01:790:104:15|4.74|4.70|4.56|4.66|4.43|4.31|4.29|4.03|4.52|4.39
LEVINE              BERT|01:790:106:00|4.30|4.44|4.20|4.61|4.38|4.03|4.20|4.23|4.12|4.08|4.80
DWORKIN             B|01:790:301:01|4.93|4.90|4.83|4.80|4.83|4.73|4.78|4.24|4.82|4.82|5.00|5.00|5.00|5.00|5.00
ANDERSEN            D|01:790:303:01|4.86|4.93|4.82|4.89|4.76|4.69|4.75|4.17|4.79|4.71
BAKER               R|01:790:304:01|4.61|4.68|4.31|4.54|4.38|4.13|4.28|4.25|4.45|4.41|3.00|3.00|3.00|3.00
GLASCOCK            J|01:790:305:01|3.86|4.44|4.11|4.60|3.97|3.73|3.98|3.80|4.00|3.84|5.00|5.00|5.00|5.00|5.00
KAUFMAN             R|01:790:312:01|4.64|4.48|4.03|4.60|4.40|4.12|4.35|3.77|4.27|4.29|5.00|5.00|5.00|5.00|5.00|5.00|5.00|5.00|5.00
FERNANDES           L|01:790:315:01|4.58|4.16|3.89|4.02|3.97|3.71|3.89|3.53|3.79|3.86|4.00
ROSSI               M|01:790:315:80|4.58|4.16|3.89|4.02|3.97|3.71|3.89|3.53|3.79|3.86
ROSSI               M|01:790:317:01|4.97|4.94|4.88|4.97|4.85|4.94|4.79|4.39|4.88|4.79
FIELD               W|01:790:318:01|4.69|4.82|4.67|4.70|4.48|4.35|4.50|3.84|4.61|4.52|5.00|5.00|5.00|5.00|5.00|5.00|5.00|5.00|5.00
LICKLIDER           R|01:790:319:01|4.57|4.44|4.10|4.29|3.53|3.68|4.20|4.16|4.10|4.02|4.00|4.08|3.52|2.36|3.96|3.40|3.00
HIGER               A|01:790:324:01|4.59|4.54|4.38|4.62|4.65|4.32|4.33|4.61|4.34|4.40|5.00|5.00|5.00|5.00|5.00
RANKIN              J|01:790:334:01|4.64|4.81|4.84|4.88|4.94|4.87|4.84|4.58|4.80|4.83|5.00|5.00|5.00|5.00|5.00|5.00|5.00|5.00|5.00
WOLLENBERG          YVONNE|01:790:340:01|4.52|4.63|4.56|4.70|4.47|4.33|4.44|4.31|4.53|4.46|5.00|5.00|5.00|5.00|5.00
FAHMY               D|01:790:363:01|4.71|4.69|4.49|4.59|4.51|4.43|4.43|4.39|4.68|4.59
KLINE               E|01:790:365:01|4.35|4.35|4.40|4.48|4.04|4.10|4.06|3.65|4.22|4.22
DOONAN              C|01:790:373:80|4.50|4.75|4.50|4.50|5.00|4.25|4.25|3.25|4.00|4.25
MCFALLL             J|01:790:375:01|4.83|4.84|4.65|4.86|4.58|4.44|4.53|4.00|4.69|4.60|5.00|5.00|5.00|5.00|5.00|5.00|5.00|5.00|5.00
BRONNER             S|01:790:377:01|4.48|4.61|4.67|4.27|4.13|4.16|4.43|3.94|4.47|4.49|5.00|5.00|5.00|5.00|5.00
DAVIS               E|01:790:395:03|4.46|4.64|4.58|4.75|4.50|4.49|4.58|4.09|4.46|4.40
LICKLIDER           R|01:790:395:04|4.46|4.64|4.58|4.75|4.50|4.49|4.58|4.09|4.46|4.40|4.00|4.57|4.00|3.71
LEVINE              B|01:790:395:12|4.46|4.64|4.58|4.75|4.50|4.49|4.58|4.09|4.46|4.40
SANBONMATSU         K|01:790:395:20|4.46|4.64|4.58|4.75|4.50|4.49|4.58|4.09|4.46|4.40
BRONNER             S|01:790:395:22|4.46|4.64|4.58|4.75|4.50|4.49|4.58|4.09|4.46|4.40
Miller Lisa|01:790:401:01|4.74|4.69|4.69|4.70|4.36|4.48|4.57|4.46|4.58|4.49
HEUMANN             M|01:790:404:01|4.49|4.70|4.72|4.72|4.42|4.47|4.50|4.10|4.67|4.62|4.50|5.00|5.00
WOLLENBERG          YVONNE|01:790:409:01|4.79|4.87|4.75|4.88|4.69|4.61|4.63|4.43|4.76|4.66|5.00|5.00|5.00|5.00|5.00
HEUMANN             M|01:790:410:01|5.00|5.00|5.00|5.00|5.00|5.00|4.92|4.85|5.00|5.00|5.00
FIELD               W|01:790:472:01|4.70|4.65|4.66|4.68|4.29|4.44|4.55|4.40|4.49|4.52|5.00|5.00
