WALLACE             G|01:840:201:01|4.74|4.66|4.53|4.74|4.57|4.39|4.61|4.19|4.60|4.55
WIGGINS             S|01:840:201:02|4.74|4.66|4.53|4.74|4.57|4.39|4.61|4.19|4.60|4.55
WALLACE             G|01:840:201:03|4.74|4.66|4.53|4.74|4.57|4.39|4.61|4.19|4.60|4.55
KOLBABA|01:840:202:01|4.35|4.19|4.07|4.42|4.20|3.76|3.97|3.88|3.91|3.89
DARDEN              L|01:840:202:02|4.35|4.19|4.07|4.42|4.20|3.76|3.97|3.88|3.91|3.89|5.00|5.00|5.00
DARDEN              L|01:840:202:03|4.35|4.19|4.07|4.42|4.20|3.76|3.97|3.88|3.91|3.89
WASSERMAN           E|01:840:202:04|4.35|4.19|4.07|4.42|4.20|3.76|3.97|3.88|3.91|3.89
PAVLIN|01:840:203:01|4.76|4.68|4.38|4.81|4.09|4.25|4.48|4.50|4.43|4.38
MYLADIL             THOMAS|01:840:211:01|4.21|4.08|4.14|4.38|4.14|3.90|4.15|3.86|4.05|4.01
DEHGHANI            P|01:840:211:02|4.21|4.08|4.14|4.38|4.14|3.90|4.15|3.86|4.05|4.01|3.67|3.00|3.00|3.00|3.00
JIANG               T|01:840:211:03|4.21|4.08|4.14|4.38|4.14|3.90|4.15|3.86|4.05|4.01|3.67|3.00|3.00|3.00|3.00|3.00|3.00|3.00|3.00
DEHGHANI|01:840:211:04|4.21|4.08|4.14|4.38|4.14|3.90|4.15|3.86|4.05|4.01
ZAMANI              A|01:840:212:01|4.56|4.48|4.26|4.56|4.33|4.07|4.37|4.02|4.28|4.27
PAVLIN              J|01:840:212:02|4.56|4.48|4.26|4.56|4.33|4.07|4.37|4.02|4.28|4.27
MCGINLEY            D|01:840:212:03|4.56|4.48|4.26|4.56|4.33|4.07|4.37|4.02|4.28|4.27
BISHOP              K|01:840:212:04|4.56|4.48|4.26|4.56|4.33|4.07|4.37|4.02|4.28|4.27
JONES J|01:840:222:01|4.79|4.39|4.50|4.68|4.48|4.14|4.56|3.89|4.46|4.39
JOHNSON             J|01:840:240:01|4.67|4.54|4.08|4.75|4.54|4.13|4.26|3.78|4.33|4.09
WIGGINS             S|01:840:303:01|4.96|5.00|4.92|5.00|4.96|4.88|4.92|4.84|4.92|5.00
KOLBABA|01:840:312:01|4.69|4.83|4.38|4.79|4.52|4.38|4.41|3.75|4.54|4.54|5.00
KEARNS              E|01:840:317:01|4.32|4.61|4.39|4.57|4.27|4.08|4.22|3.78|4.33|4.28
KEARNS              E|01:840:318:01|4.13|4.67|4.48|4.65|4.48|4.39|4.26|4.22|4.32|4.27
MYLADIL             T|01:840:322:01|4.38|3.58|3.92|3.39|3.00|3.48|4.35|4.09|3.63|3.58
ZAMANI              A|01:840:326:01|4.10|4.33|4.10|4.23|4.07|3.97|4.21|4.30|4.13|4.15
MOJADDEDI           J|01:840:326:02|4.10|4.33|4.10|4.23|4.07|3.97|4.21|4.30|4.13|4.15
OBAYASHI            H|01:840:343:01|4.30|4.35|4.15|4.60|4.11|3.80|4.35|4.20|4.15|4.25
KENNEDYDAY          KIKI|01:840:356:01|1.84|1.16|1.39|1.13|1.35|1.13|1.50|4.07|1.21|1.29
BRYANT EDWIN|01:840:358:01|4.79|4.76|4.73|4.76|4.61|4.54|4.55|4.65|4.66|4.59
BRYANT EDWIN|01:840:368:01|4.71|4.65|4.52|4.67|4.33|4.17|4.43|4.13|4.47|4.27|5.00|5.00|5.00|5.00|5.00
KENNEDYDAY          K|01:840:393:01|3.88|3.88|4.00|3.88|4.50|3.63|4.00|3.38|3.88|3.75
JONES|01:840:424:01|4.90|4.90|4.90|4.90|4.80|4.60|4.90|4.70|4.67|4.63
JOHNSON J|01:840:426:01|4.95|5.00|4.95|4.95|5.00|4.90|4.95|4.60|4.89|4.79
JIANG|01:840:426:02|4.95|5.00|4.95|4.95|5.00|4.90|4.95|4.60|4.89|4.79
WASSERMAN           E|01:840:427:01|3.86|4.14|3.43|4.14|4.57|3.86|4.17|4.57|4.00|3.86
