KAZAKOVA            NATALIA|01:860:101:01|4.67|4.58|4.75|4.67|4.75|4.75|4.83|4.42|4.67|4.58
PIROG               GERALD|01:860:101:02|4.67|4.58|4.75|4.67|4.75|4.75|4.83|4.42|4.67|4.58
MEDVEDEVA           NATALIE|01:860:107:01|4.78|4.87|4.70|4.87|4.91|4.82|4.82|4.39|4.65|4.70
MEDVEDEVA           NATALIE|01:860:107:02|4.78|4.87|4.70|4.87|4.91|4.82|4.82|4.39|4.65|4.70
MCCOYRUSANOVA       SVETLANA|01:860:201:01|4.67|4.82|4.64|4.73|4.82|4.64|4.73|4.82|4.70|4.70
MCCOYRUSANOVA       SVETLANA|01:860:201:02|4.67|4.82|4.64|4.73|4.82|4.64|4.73|4.82|4.70|4.70|5.00|5.00
MCCOYRUSANOVA       SVETLANA|01:860:203:01|4.83|4.83|4.83|5.00|5.00|4.83|4.83|5.00|4.83|4.83
VANBUSKIRK          EMILY|01:860:250:01|4.40|4.60|3.83|4.67|3.83|3.67|3.67|4.67|4.00|3.67|5.00
KAZAKOVA            NATALIA|01:860:301:01|4.50|4.83|4.83|4.50|4.83|4.50|4.50|4.67|4.50|4.50
Van Buskirk  Emily|01:860:320:01|4.67|4.83|4.33|5.00|4.50|4.50|4.50|3.83|4.00|4.17
BOGOMOLNY           SVETLANA|01:860:401:01|4.75|4.83|4.25|4.67|4.64|4.17|4.00|4.08|4.50|4.33
PIROG               GERALD|01:860:433:01|4.86|4.71|4.86|4.86|4.60|4.71|5.00|5.00|4.83|4.67
