KOENICK R|01:988:101:01|4.32|4.42|4.47|4.58|4.53|4.31|4.34|3.69|4.25|4.26
CLARKE C|01:988:101:04|4.32|4.42|4.47|4.58|4.53|4.31|4.34|3.69|4.25|4.26
GERSON J|01:988:101:05|4.32|4.42|4.47|4.58|4.53|4.31|4.34|3.69|4.25|4.26
WHITNEY J|01:988:130:01|4.23|4.35|4.36|4.46|4.40|4.19|3.95|3.12|4.19|3.93
SHIVERS K|01:988:130:05|4.23|4.35|4.36|4.46|4.40|4.19|3.95|3.12|4.19|3.93
MURRAY D|01:988:130:06|4.23|4.35|4.36|4.46|4.40|4.19|3.95|3.12|4.19|3.93
RICCIONI R|01:988:130:08|4.23|4.35|4.36|4.46|4.40|4.19|3.95|3.12|4.19|3.93
HOWE J|01:988:130:09|4.23|4.35|4.36|4.46|4.40|4.19|3.95|3.12|4.19|3.93
WHITNEY SR|01:988:130:10|4.23|4.35|4.36|4.46|4.40|4.19|3.95|3.12|4.19|3.93
GEORGES C|01:988:130:11|4.23|4.35|4.36|4.46|4.40|4.19|3.95|3.12|4.19|3.93
BLOCKETT R|01:988:130:13|4.23|4.35|4.36|4.46|4.40|4.19|3.95|3.12|4.19|3.93
GARCIA C|01:988:130:14|4.23|4.35|4.36|4.46|4.40|4.19|3.95|3.12|4.19|3.93
HENNESSEY J|01:988:130:15|4.23|4.35|4.36|4.46|4.40|4.19|3.95|3.12|4.19|3.93
REYES R|01:988:130:16|4.23|4.35|4.36|4.46|4.40|4.19|3.95|3.12|4.19|3.93
SANONJULES L|01:988:130:17|4.23|4.35|4.36|4.46|4.40|4.19|3.95|3.12|4.19|3.93
DWYER J|01:988:130:18|4.23|4.35|4.36|4.46|4.40|4.19|3.95|3.12|4.19|3.93
AGANS C|01:988:130:19|4.23|4.35|4.36|4.46|4.40|4.19|3.95|3.12|4.19|3.93
BIRCHMEYER K|01:988:130:22|4.23|4.35|4.36|4.46|4.40|4.19|3.95|3.12|4.19|3.93
Cabral M|01:988:130:23|4.23|4.35|4.36|4.46|4.40|4.19|3.95|3.12|4.19|3.93
RAJAN J|01:988:201:01|4.68|4.68|4.68|4.76|4.48|4.48|4.32|4.54|4.52|4.36
Rajan J|01:988:202:01|4.87|4.80|4.80|4.80|4.87|4.93|4.93|4.33|4.87|4.80
|01:988:216:01|4.39|4.77|4.91|4.91|4.89|4.71|4.68|4.56|4.75|4.72
RAJAN J|01:988:235:01|4.92|4.92|5.00|4.85|4.62|4.85|4.77|4.15|4.92|4.92
KING A|01:988:265:01|4.72|4.80|4.60|4.80|4.76|4.56|4.12|4.36|4.76|4.68|4.90|3.85|4.67|4.52|4.29|4.15
Rodriguez Robyn|01:988:271:01|4.32|4.38|4.28|4.44|4.21|4.12|3.89|3.50|4.06|3.85|3.88
Decena Carlos|01:988:271:01|4.32|4.38|4.28|4.44|4.21|4.12|3.89|3.50|4.06|3.85|3.88
Decena Carlos|01:988:271:02|4.32|4.38|4.28|4.44|4.21|4.12|3.89|3.50|4.06|3.85|3.88
Rodriguez Robyn|01:988:271:02|4.32|4.38|4.28|4.44|4.21|4.12|3.89|3.50|4.06|3.85|3.88
Rodriguez Robyn|01:988:271:03|4.32|4.38|4.28|4.44|4.21|4.12|3.89|3.50|4.06|3.85|3.88
Decena Carlos|01:988:271:03|4.32|4.38|4.28|4.44|4.21|4.12|3.89|3.50|4.06|3.85|3.88
Decena Carlos|01:988:271:04|4.32|4.38|4.28|4.44|4.21|4.12|3.89|3.50|4.06|3.85|3.88
MEUNIER E|01:988:271:04|4.16|4.16|3.98|4.31|4.31|3.95|3.75|3.34|4.04|3.83
Rodriguez Robyn|01:988:271:04|4.32|4.38|4.28|4.44|4.21|4.12|3.89|3.50|4.06|3.85|3.88
Rodriguez Robyn|01:988:271:05|4.32|4.38|4.28|4.44|4.21|4.12|3.89|3.50|4.06|3.85|3.88
Decena Carlos|01:988:271:05|4.32|4.38|4.28|4.44|4.21|4.12|3.89|3.50|4.06|3.85|3.88
Decena Carlos|01:988:271:06|4.32|4.38|4.28|4.44|4.21|4.12|3.89|3.50|4.06|3.85|3.88
Rodriguez Robyn|01:988:271:06|4.32|4.38|4.28|4.44|4.21|4.12|3.89|3.50|4.06|3.85|3.88
Rodriguez Robyn|01:988:271:07|4.32|4.38|4.28|4.44|4.21|4.12|3.89|3.50|4.06|3.85|3.88
Decena Carlos|01:988:271:07|4.32|4.38|4.28|4.44|4.21|4.12|3.89|3.50|4.06|3.85|3.88
MEUNIER E|01:988:271:07|4.16|4.16|3.98|4.31|4.31|3.95|3.75|3.34|4.04|3.83
Decena Carlos|01:988:271:08|4.32|4.38|4.28|4.44|4.21|4.12|3.89|3.50|4.06|3.85|3.88
Rodriguez Robyn|01:988:271:08|4.32|4.38|4.28|4.44|4.21|4.12|3.89|3.50|4.06|3.85|3.88
MEUNIER E|01:988:271:08|4.16|4.16|3.98|4.31|4.31|3.95|3.75|3.34|4.04|3.83
Decena Carlos|01:988:271:09|4.32|4.38|4.28|4.44|4.21|4.12|3.89|3.50|4.06|3.85|3.88
Rodriguez Robyn|01:988:271:09|4.32|4.38|4.28|4.44|4.21|4.12|3.89|3.50|4.06|3.85|3.88
Schuster Sherril|01:988:272:01|4.03|3.34|3.59|3.54|3.80|3.28|3.53|3.81|3.36|3.39
Mouzon Dawne|01:988:272:02|4.03|3.34|3.59|3.54|3.80|3.28|3.53|3.81|3.36|3.39
VASQUEZ C|01:988:280:01|4.06|4.56|4.56|4.63|4.56|4.38|4.31|3.63|4.44|4.38
BIRCKMAYER K|01:988:299:01|4.58|4.75|4.75|4.83|4.92|4.58|4.50|4.75|4.75|4.67
BROOKS E|01:988:302:01|3.71|4.00|4.25|4.29|4.50|3.96|4.00|3.33|4.00|3.79
SAMPAIO A|01:988:303:01|4.75|4.81|4.81|4.81|4.19|4.50|4.56|3.81|4.56|4.38
TATE G|01:988:306:01|4.74|4.79|4.78|4.74|4.68|4.58|4.83|4.41|4.84|4.78
YASKOVA Y|01:988:307:01|4.90|4.88|4.83|4.90|4.81|4.64|4.69|4.21|4.71|4.64
RIZZO D|01:988:307:02|4.90|4.88|4.83|4.90|4.81|4.64|4.69|4.21|4.71|4.64
MEYERS J|01:988:309:02|4.32|4.18|4.02|4.34|3.95|3.95|3.91|3.16|4.09|3.91
MEYERS J|01:988:309:03|4.32|4.18|4.02|4.34|3.95|3.95|3.91|3.16|4.09|3.91
COHEN E|01:988:318:01|4.80|4.70|4.95|4.85|4.50|4.65|4.80|4.42|4.70|4.75
Salime Zakia|01:988:324:01|4.00|3.67|3.92|3.83|3.75|3.67|3.75|3.75|3.73|3.73
WHITE D|01:988:329:01|3.07|2.57|3.00|2.79|3.38|2.62|2.71|4.14|2.57|2.77
ZARZYCKA M|01:988:329:02|3.07|2.57|3.00|2.79|3.38|2.62|2.71|4.14|2.57|2.77
MOORE D|01:988:332:01|4.91|4.95|5.00|5.00|5.00|4.91|4.86|4.05|4.91|4.95
GOSSY M|01:988:341:01|4.11|4.74|4.58|4.63|4.58|4.74|4.42|4.32|4.53|4.53
BUNCH C|01:988:344:01|5.00|4.92|4.85|4.85|5.00|4.92|4.92|4.77|4.69|4.69
JACKSONBREWER K|01:988:350:01|4.33|4.46|4.75|4.79|4.42|4.42|4.35|3.87|4.30|4.35
SCHUSTER S|01:988:354:01|4.11|3.67|4.33|3.89|3.56|3.89|4.67|3.78|3.89|4.00
BUZBY A|01:988:365:01|4.44|4.41|4.24|4.15|4.15|3.82|3.74|3.18|3.85|3.82
MACK P|01:988:373:01|4.38|4.35|4.69|4.69|4.64|4.42|4.38|3.77|4.15|4.19
LEBSOCK S|01:988:380:01|3.65|4.50|4.06|4.30|4.50|3.80|3.65|3.85|3.90|3.85
ZARZYCKA M|01:988:396:01|4.00|4.33|4.40|4.50|4.20|4.17|4.17|4.67|4.00|4.17
ROSENBAUM S|01:988:396:03|4.00|4.33|4.40|4.50|4.20|4.17|4.17|4.67|4.00|4.17
GROSZ E|01:988:397:01|4.95|4.76|4.95|4.81|4.52|4.81|4.86|4.29|4.81|4.76
|01:988:440:01|4.55|4.77|4.82|4.91|4.68|4.73|4.73|4.23|4.55|4.52
|01:988:440:02|4.55|4.77|4.82|4.91|4.68|4.73|4.73|4.23|4.55|4.52
ELSON D|01:988:491:01|4.80|4.80|4.60|5.00|5.00|4.80|4.80|4.60|4.80|4.80
Schuller Kyla|01:988:497:01|5.00|5.00|4.25|5.00|5.00|4.00|4.00|5.00|4.67|4.33
