KIM                 MIA|01:574:102:01|4.61|4.77|4.70|4.83|4.70|4.47|4.67|4.52|4.55|4.52
JUNG                JIYOUNG|01:574:102:02|4.61|4.77|4.70|4.83|4.70|4.47|4.67|4.52|4.55|4.52|5.00|5.00|5.00|5.00|5.00|5.00|5.00|5.00|5.00
JUNG                JIYOUNG|01:574:102:70|4.61|4.77|4.70|4.83|4.70|4.47|4.67|4.52|4.55|4.52
JUNG                JIYOUNG|01:574:202:01|4.58|4.58|4.72|4.72|4.11|4.33|4.33|4.56|4.44|4.29|4.00
YOO                 JAEEUN|01:574:221:01|4.25|4.25|4.06|4.40|4.35|4.00|4.29|3.81|4.29|4.19|5.00|5.00|5.00|5.00|5.00|5.00|5.00|5.00|5.00
CHO                 YOUNGMEE|01:574:250:01|3.86|4.14|4.24|4.35|3.52|3.71|4.05|4.00|3.86|3.62|5.00
KIM                 YOUNGHOON|01:574:302:01|4.55|4.45|4.09|4.64|4.20|4.00|4.18|4.55|4.09|3.91|4.00|4.00|4.00|4.00|4.00|4.00|4.00|4.00|4.00
YOUN                HYUNSOOK|01:574:303:01|4.59|4.61|4.48|4.52|4.13|4.50|4.57|4.48|4.43|4.39|4.33|4.00|3.67|4.33|4.00|3.67|4.00|4.33|4.00
CHO                 JEONGSOOK|01:574:411:01|4.41|4.41|4.24|4.41|4.06|4.24|4.35|4.35|4.41|4.35
KIM                 MYUNGHW*|01:574:450:01|4.07|4.00|4.14|4.00|3.15|3.93|3.86|4.00|4.71|4.64
