GARCIA M|01:940:101:01|4.54|4.57|4.75|4.77|4.78|4.62|4.46|4.08|4.55|4.26|4.69|4.82|4.43|4.22|4.28|4.16
NAVA R|01:940:101:04|4.54|4.57|4.75|4.77|4.78|4.62|4.46|4.08|4.55|4.26|4.69|4.82|4.43|4.22|4.28|4.16
TORRES-DOMINICCI E|01:940:101:05|4.54|4.57|4.75|4.77|4.78|4.62|4.46|4.08|4.55|4.26|4.69|4.82|4.43|4.22|4.28|4.16
MOSHIRVAZIRI S|01:940:102:01|4.82|4.65|4.71|4.82|4.94|4.76|4.59|3.63|4.71|4.41|4.82|5.00|4.65|4.59|4.65|4.35
CLIFFORD J|01:940:102:02|4.82|4.65|4.71|4.82|4.94|4.76|4.59|3.63|4.71|4.41|4.82|5.00|4.65|4.59|4.65|4.35
MILLAN M|01:940:111:90|4.50|4.67|4.33|4.75|4.42|4.25|4.25|3.83|4.50|3.92|4.33|4.75|4.00|3.92|4.17|3.75
PALMER M|01:940:111:91|4.50|4.67|4.33|4.75|4.42|4.25|4.25|3.83|4.50|3.92|4.33|4.75|4.00|3.92|4.17|3.75
PALMER M|01:940:111:92|4.50|4.67|4.33|4.75|4.42|4.25|4.25|3.83|4.50|3.92|4.33|4.75|4.00|3.92|4.17|3.75
MILLAN M|01:940:112:90|4.83|4.83|4.67|4.83|4.83|4.83|4.17|3.20|4.50|4.17|4.50|5.00|4.33|4.17|4.50|4.33
PALMER M|01:940:112:91|4.83|4.83|4.67|4.83|4.83|4.83|4.17|3.20|4.50|4.17|4.50|5.00|4.33|4.17|4.50|4.33
PALMER M|01:940:112:92|4.83|4.83|4.67|4.83|4.83|4.83|4.17|3.20|4.50|4.17|4.50|5.00|4.33|4.17|4.50|4.33
PENA S|01:940:121:01|4.47|4.43|4.47|4.73|4.60|4.37|4.23|4.24|4.29|4.22|4.67|4.79|4.13|3.91|4.02|4.02
PENA S|01:940:121:02|4.47|4.43|4.47|4.73|4.60|4.37|4.23|4.24|4.29|4.22|4.67|4.79|4.13|3.91|4.02|4.02
RIOS M|01:940:121:03|4.47|4.43|4.47|4.73|4.60|4.37|4.23|4.24|4.29|4.22|4.67|4.79|4.13|3.91|4.02|4.02
VILLABA-ROSADO C|01:940:131:01|4.19|4.34|4.22|4.57|4.46|4.02|3.86|4.13|4.04|3.79|4.14|4.67|3.98|3.91|3.87|3.71
CHIVUKULA D|01:940:131:04|4.19|4.34|4.22|4.57|4.46|4.02|3.86|4.13|4.04|3.79|4.14|4.67|3.98|3.91|3.87|3.71
DALLMANN H|01:940:131:05|4.19|4.34|4.22|4.57|4.46|4.02|3.86|4.13|4.04|3.79|4.14|4.67|3.98|3.91|3.87|3.71
PLUNKETT C|01:940:131:06|4.19|4.34|4.22|4.57|4.46|4.02|3.86|4.13|4.04|3.79|4.14|4.67|3.98|3.91|3.87|3.71
NAVA R|01:940:132:01|4.46|4.73|4.50|4.86|4.67|4.25|3.96|4.35|4.42|4.12|4.04|4.94|4.08|4.12|4.13|4.00
SLINGER W|01:940:132:02|4.46|4.73|4.50|4.86|4.67|4.25|3.96|4.35|4.42|4.12|4.04|4.94|4.08|4.12|4.13|4.00
GARCIA M|01:940:132:03|4.46|4.73|4.50|4.86|4.67|4.25|3.96|4.35|4.42|4.12|4.04|4.94|4.08|4.12|4.13|4.00
NUNEZ O|01:940:202:01|4.80|4.30|4.60|4.50|4.20|4.50|4.60|4.90|4.50|4.30|5.00|5.00|4.60|4.70|4.20|4.20
BUTLER B|01:940:203:03|4.55|4.57|4.52|4.77|4.55|4.32|3.96|4.44|4.32|4.27|4.77|4.79|4.14|4.09|4.11|4.00
BUTLER B|01:940:203:04|4.55|4.57|4.52|4.77|4.55|4.32|3.96|4.44|4.32|4.27|4.77|4.79|4.14|4.09|4.11|4.00
PLUNKETT C|01:940:203:05|4.55|4.57|4.52|4.77|4.55|4.32|3.96|4.44|4.32|4.27|4.77|4.79|4.14|4.09|4.11|4.00
SANCHEZ K|01:940:204:02|4.22|4.66|4.58|4.78|4.56|4.42|4.10|4.52|4.36|4.29|3.60|4.84|3.90|3.57|3.48|3.86
SANCHEZ K|01:940:204:03|4.22|4.66|4.58|4.78|4.56|4.42|4.10|4.52|4.36|4.29|3.60|4.84|3.90|3.57|3.48|3.86
PERSIN M|01:940:215:01|4.60|4.76|4.58|4.65|4.52|4.43|4.23|3.90|4.30|4.18|4.60|4.93|4.11|4.17|4.07|4.10
OTEROTORRES D|01:940:215:02|4.60|4.76|4.58|4.65|4.52|4.43|4.23|3.90|4.30|4.18|4.60|4.93|4.11|4.17|4.07|4.10
BUTLER B|01:940:215:03|4.60|4.76|4.58|4.65|4.52|4.43|4.23|3.90|4.30|4.18|4.60|4.93|4.11|4.17|4.07|4.10
KIM H|01:940:215:04|4.60|4.76|4.58|4.65|4.52|4.43|4.23|3.90|4.30|4.18|4.60|4.93|4.11|4.17|4.07|4.10
BISHOP K|NONE|4.69|4.77|4.62|4.92|4.54|4.77|4.92|4.15|4.77|4.77|5.00|5.00|4.46|4.54|4.25|4.85
ROTHWELL P|01:940:240:01|4.60|4.60|4.20|4.70|4.00|4.00|4.30|3.20|4.40|4.00|4.40|4.90|3.22|3.89|3.22|4.20
STEPHENS T|01:940:250:01|4.87|4.89|4.91|4.84|4.67|4.80|4.62|4.18|4.75|4.71
NUNEZ O|01:940:261:01|4.88|4.78|4.78|4.94|4.88|4.75|4.88|4.28|4.84|4.69
SANCHEZ C|01:940:298:02|3.80|4.20|4.60|4.40|4.00|4.00|3.80|4.40|4.00|3.60|3.00|4.80|3.40|3.40|3.40|3.50
SLINGER W|01:940:299:02|5.00|5.00|5.00|5.00|5.00|4.60|4.20|4.80|4.40|4.40|3.40|4.80|3.80|3.20|4.00|3.25
VENIS C|01:940:313:01|5.00|5.00|4.94|4.88|4.76|4.82|4.47|4.88|4.76|4.88|4.33|5.00|4.65|3.50|4.38|3.85
NUNEZ O|01:940:325:01|4.59|4.59|4.34|4.47|4.64|4.25|4.29|4.33|4.33|4.29|4.55|4.86|4.41|4.57|4.12|3.96
KIM H|01:940:325:02|4.59|4.59|4.34|4.47|4.64|4.25|4.29|4.33|4.33|4.29|4.55|4.86|4.41|4.57|4.12|3.96
KIM H|01:940:325:03|4.59|4.59|4.34|4.47|4.64|4.25|4.29|4.33|4.33|4.29|4.55|4.86|4.41|4.57|4.12|3.96
BISHOP S|01:940:325:04|4.59|4.59|4.34|4.47|4.64|4.25|4.29|4.33|4.33|4.29|4.55|4.86|4.41|4.57|4.12|3.96
CHACON S|01:940:326:01|4.72|4.58|4.42|4.88|4.54|4.42|4.48|4.38|4.35|4.23|4.76|4.88|4.56|4.56|4.42|4.08
CHUNG C|01:940:326:02|4.72|4.58|4.42|4.88|4.54|4.42|4.48|4.38|4.35|4.23|4.76|4.88|4.56|4.56|4.42|4.08
NARVAEZ C|01:940:331:01|4.68|4.71|4.57|4.79|4.68|4.46|4.26|3.79|4.39|4.30|4.32|4.93|4.07|3.93|4.04|4.39
NARVAEZ C|01:940:331:02|4.68|4.71|4.57|4.79|4.68|4.46|4.26|3.79|4.39|4.30|4.32|4.93|4.07|3.93|4.04|4.39
SCHWARTZ M|01:940:333:02|3.92|4.12|3.72|4.52|4.28|3.54|4.00|3.92|3.54|3.56|4.68|4.44|3.56|3.40|3.36|3.92
OTEROTORRES D|01:940:335:01|4.80|4.40|4.60|4.60|4.75|4.40|4.00|3.60|4.20|4.20|4.80|5.00|4.40|4.40|4.00|4.80
KIM YS|01:940:336:01|4.48|4.00|4.20|4.28|3.92|3.60|3.72|3.56|3.68|3.60|4.58|4.84|3.54|3.46|3.48|3.75
KIM YS|01:940:336:02|4.48|4.00|4.20|4.28|3.92|3.60|3.72|3.56|3.68|3.60|4.58|4.84|3.54|3.46|3.48|3.75
SANCHEZ C|01:940:360:01|4.31|4.46|4.69|4.54|4.08|3.77|4.23|3.69|4.15|4.08|3.69|4.77|4.23|3.92|4.08|4.00
NUNEZ O|01:940:363:01|4.73|4.73|4.20|4.67|4.66|3.97|4.13|3.63|4.47|4.27|4.67|4.90|4.03|3.72|4.03|4.07
SANCHEZ L|01:940:363:02|4.73|4.73|4.20|4.67|4.66|3.97|4.13|3.63|4.47|4.27|4.67|4.90|4.03|3.72|4.03|4.07
REVERA M|01:940:401:01|4.20|4.00|4.00|3.60|3.20|3.60|4.20|4.50|3.80|3.60|4.00|5.00|4.40|4.80|4.60|4.40
SCHWARTZ M|01:940:443:01|3.80|3.80|4.40|5.00|3.60|3.40|3.80|4.60|3.40|3.40|5.00|4.80|4.40|4.20|3.50|4.40
STEPHENS T|01:940:460:01|4.50|4.92|4.92|4.83|4.83|4.92|4.67|4.58|4.92|4.83
MARCONE J|01:940:462:01|3.95|4.21|4.16|4.47|4.47|3.74|3.68|3.79|3.68|3.74|4.32|4.63|3.47|3.65|3.44|3.89
JIMENEZ M|01:940:475:01|4.67|4.67|4.89|4.89|4.56|4.83|4.83|4.72|4.67|4.67|4.61|4.94|4.67|4.29|4.47|4.41
JIMENEZ M|01:940:478:01|4.71|4.67|4.85|4.86|4.64|4.86|4.93|4.79|4.64|4.64|4.64|4.93|4.64|4.64|4.71|4.50
PERSIN M|01:940:489:01|4.63|4.38|4.75|4.75|4.25|4.38|4.13|4.75|4.25|4.00|4.38|4.88|3.57|3.86|3.86|4.13
SANCHEZ K|01:940:491:01|4.67|5.00|5.00|4.83|4.50|5.00|4.83|4.17|4.67|4.17|3.00|5.00|3.83|3.50|4.17|4.17
SLIMGER W|01:940:499:02|5.00|5.00|4.83|4.83|5.00|4.67|4.00|4.00|4.33|4.17|4.33|5.00|4.50|3.80|4.60|4.25
