MURPHY              ANDREW|01:790:101:00|4.72|4.68|4.53|4.70|4.59|4.43|4.37|3.75|4.57|4.47|4.63|4.60|4.50|4.75|5.00|4.00|5.00|5.00|5.00
DITONTO             TESSA|01:790:101:01|4.72|4.68|4.53|4.70|4.59|4.43|4.37|3.75|4.57|4.47
DITONTO             TESSA|01:790:101:02|4.72|4.68|4.53|4.70|4.59|4.43|4.37|3.75|4.57|4.47
DITONTO             TESSA|01:790:101:05|4.72|4.68|4.53|4.70|4.59|4.43|4.37|3.75|4.57|4.47
BUZBY|01:790:101:16|4.72|4.68|4.53|4.70|4.59|4.43|4.37|3.75|4.57|4.47
LICKLIDER           ROY|01:790:102:00|4.42|4.30|4.10|4.51|4.22|4.04|4.03|3.94|4.15|3.97
ROSSI               MICHAEL|01:790:103:01|4.28|4.36|4.12|4.57|4.47|4.03|4.11|3.93|4.00|4.01|4.00
STAPLES|01:790:103:08|4.28|4.36|4.12|4.57|4.47|4.03|4.11|3.93|4.00|4.01|4.00
BAKER               ROSS|01:790:104:00|4.73|4.75|4.63|4.74|4.43|4.42|4.45|3.60|4.62|4.47
ANDERSEN            DAVID|01:790:104:14|4.73|4.75|4.63|4.74|4.43|4.42|4.45|3.60|4.62|4.47
LEVINE              BERT|01:790:106:00|4.12|4.35|4.21|4.39|4.14|3.96|4.07|4.06|4.09|4.05
KELEMEN             ROGER|01:790:290:00|4.61|4.54|4.45|4.65|4.37|4.27|4.51|4.04|4.52|4.54|4.67
DITONTO             TESSA|01:790:300:01|4.32|4.40|4.12|4.57|4.66|4.20|4.13|3.16|4.33|4.05
GERTZOG             IRWIN|01:790:304:01|4.81|4.73|4.31|4.76|4.31|4.10|4.57|4.12|4.53|4.48|5.00
GLASCOCK            JOHN|01:790:305:01|4.17|4.38|4.22|4.57|4.37|3.96|3.83|3.78|4.15|4.00
GERTZOG             IRWIN|01:790:306:01|4.78|4.70|4.36|4.60|4.43|4.18|4.52|4.40|4.44|4.43|4.80|5.00|5.00|5.00|5.00|5.00|5.00|5.00|5.00
REDLAWSK            DAVID|01:790:307:01|4.67|4.67|4.78|4.89|4.63|4.33|4.33|3.89|4.50|4.29|4.00
ZELLNER             ADAM|01:790:308:01|4.75|4.88|4.72|4.81|4.78|4.48|4.51|4.18|4.65|4.57|4.50
FIELD               WILLIAM|01:790:310:01|4.81|4.82|4.72|4.84|4.44|4.46|4.63|3.73|4.74|4.52|3.63
YOU                 SOOBIN|01:790:313:01|4.06|2.88|3.00|4.19|3.81|3.40|3.60|3.47|3.50|3.40
MILBURN             SARAH|01:790:314:01|4.74|4.83|4.87|4.91|4.96|4.61|4.86|4.57|4.70|4.73
HIGER               AMY|01:790:324:01|4.79|4.69|4.68|4.74|4.55|4.59|4.62|4.52|4.67|4.61
LEVINE              BERT|01:790:330:01|4.09|4.68|4.56|4.78|4.43|4.23|4.36|3.44|4.29|4.26
CARROLL|01:790:335:01|4.74|4.91|5.00|5.00|4.87|4.91|4.86|4.45|4.78|4.65
WOLLENBERG          YVONNE|01:790:340:01|4.40|4.61|4.49|4.69|4.49|4.38|4.35|4.31|4.43|4.45|5.00|5.00|5.00|5.00|5.00|5.00|5.00|5.00|5.00
SADEGHI             LEILA|01:790:341:80|4.67|4.17|4.50|4.28|4.11|4.39|4.22|3.44|4.44|4.56
LAU                 RICHARD|01:790:348:01|4.42|4.36|4.09|4.65|4.40|4.15|4.17|3.97|4.31|4.12|3.44|3.82|3.41|4.18|3.88|4.20
KAUFMAN             ROBERT|01:790:357:01|4.52|4.41|3.77|4.28|3.90|3.65|4.06|3.63|4.04|4.02|4.00
FAHMY               DALIA|01:790:367:01|4.65|4.57|4.50|4.63|4.57|4.44|4.33|4.38|4.62|4.60
FUERSTEIN           MICHAEL|01:790:370:01|4.91|4.80|4.27|4.55|4.36|3.91|4.27|3.64|4.27|4.09
MURPHY              ANDREW|01:790:372:01|4.87|4.80|4.77|4.78|4.54|4.56|4.68|4.30|4.83|4.62|5.00
MCFALL              JONATHAN|01:790:374:01|4.81|4.80|4.62|4.84|4.71|4.54|4.60|4.11|4.72|4.68|5.00
BUZBY               AMY|01:790:376:01|4.71|4.82|4.41|4.70|4.61|4.30|4.30|4.08|4.68|4.46|5.00
TILLERY ALVIN|01:790:395:02|4.72|4.74|4.68|4.79|4.61|4.52|4.64|4.17|4.67|4.57
DANIELS             CYNTHIA|01:790:395:04|4.72|4.74|4.68|4.79|4.61|4.52|4.64|4.17|4.67|4.57
CORNELL             DRUCILLA|01:790:395:06|4.72|4.74|4.68|4.79|4.61|4.52|4.64|4.17|4.67|4.57
BAKER               ROSS|01:790:395:10|4.72|4.74|4.68|4.79|4.61|4.52|4.64|4.17|4.67|4.57
KAUFMAN             ROBERT|01:790:395:12|4.72|4.74|4.68|4.79|4.61|4.52|4.64|4.17|4.67|4.57
BRONNER             STEPHEN|01:790:395:16|4.72|4.74|4.68|4.79|4.61|4.52|4.64|4.17|4.67|4.57
CALLAWAY            BARBARA|01:790:395:17|4.72|4.74|4.68|4.79|4.61|4.52|4.64|4.17|4.67|4.57|5.00
WOLLENBERG          YVONNE|01:790:401:01|4.62|4.88|4.76|4.95|4.79|4.40|4.52|4.37|4.68|4.49|5.00
HEUMANN             MILTON|01:790:406:01|4.53|4.77|4.95|4.75|4.73|4.77|4.90|4.55|4.75|4.81|5.00
SMITH|01:790:410:01|4.88|4.91|4.88|4.88|4.93|4.80|4.80|4.57|4.91|4.86|5.00
ADAMS               J|01:790:410:71|4.88|4.91|4.88|4.88|4.93|4.80|4.80|4.57|4.91|4.86
ALGER               JONATHAN|01:790:410:73|4.88|4.91|4.88|4.88|4.93|4.80|4.80|4.57|4.91|4.86
LINCH A|01:790:423:01|4.36|4.71|4.43|4.86|4.79|4.29|4.43|4.14|4.29|4.43
POMPER              GERALD|01:790:428:01|4.70|4.52|4.48|4.48|3.77|4.48|4.61|4.74|4.23|4.45
WEINGART            JOHN|01:790:429:01|4.50|4.55|3.50|4.45|4.15|4.00|3.95|4.55|3.95|4.11|5.00|5.00|5.00|5.00|5.00|5.00|5.00|5.00
AFTAB               ATIYA|01:790:457:01|4.42|4.25|4.20|4.32|3.87|3.96|4.43|4.09|4.17|4.18|5.00|5.00|5.00|5.00|5.00|5.00|5.00|5.00|5.00
BRONNER             STEPHEN|01:790:473:01|4.74|4.89|5.00|4.95|4.88|4.89|4.89|4.32|4.79|4.84|5.00|5.00|5.00
MATTO               ELIZABETH|01:790:482:08|5.00|5.00|5.00|4.83|4.83|4.83|4.67|4.33|4.67|4.80
