PAITAKES            JOHN|01:202:201:01|4.43|4.54|4.34|4.63|4.65|4.23|4.28|4.09|4.41|4.42
SZEJNER             ROBERT|01:202:201:03|4.43|4.54|4.34|4.63|4.65|4.23|4.28|4.09|4.41|4.42|4.63|5.00|4.50|5.00|5.00|5.00|5.00|5.00|5.00
LOSACCO             FRANCIS|01:202:201:04|4.43|4.54|4.34|4.63|4.65|4.23|4.28|4.09|4.41|4.42|4.63|5.00|4.50|5.00|5.00|5.00|5.00|5.00|5.00
KOHL                JAMES|01:202:202:01|4.78|4.68|4.49|4.67|4.42|4.26|4.46|4.38|4.55|4.32|5.00|5.00|5.00|4.00|5.00|4.00|5.00|4.00|4.00
WELCH               MICHAEL|01:202:203:01|4.65|4.49|4.70|4.57|4.49|4.37|4.50|4.17|4.47|4.46
MCCANN              ELLEN|01:202:203:02|4.65|4.49|4.70|4.57|4.49|4.37|4.50|4.17|4.47|4.46|5.00|5.00|5.00|5.00|5.00|5.00|5.00|5.00|5.00
REISNER             RONALD|01:202:205:01|4.69|4.58|4.45|4.67|4.63|4.34|4.66|4.31|4.54|4.53|5.00
EMANUEL             MICHAEL|01:202:305:01|4.47|4.00|4.44|4.06|4.11|3.88|4.21|3.97|4.13|4.10|5.00
PIEHL               ANNE|01:202:307:01|4.46|3.96|3.73|4.35|4.40|3.64|3.77|2.65|3.96|3.81
HINDS               LENNOX|01:202:309:01|4.92|4.85|4.93|4.78|4.81|4.82|4.86|4.35|4.89|4.89
MCCANN              ELLEN|01:202:310:80|4.50|4.65|4.59|4.71|4.75|4.41|4.18|4.00|4.65|4.47
HINDS               LENNOX|01:202:312:01|4.88|4.69|4.82|4.65|4.13|4.63|4.56|3.88|4.50|4.47|5.00
HIRSCHFIELD         PAUL|01:202:322:01|4.29|3.98|3.73|4.05|4.02|3.45|3.54|3.71|3.72|3.60
DESIRE              MARK|01:202:352:01|4.71|5.00|5.00|4.86|4.71|4.86|5.00|5.00|4.88|4.88
DESIRE              MARK|01:202:405:01|4.57|4.55|4.58|4.63|4.69|4.54|4.61|4.31|4.71|4.69|5.00|5.00|5.00|5.00|5.00|5.00|5.00|5.00|5.00
FIELDS              ERICA|01:202:407:01|4.30|4.50|4.43|4.55|4.58|4.40|4.25|4.55|4.11|4.11|5.00
WELCH               MICHAEL|01:202:496:01|4.72|4.81|4.83|4.83|4.74|4.62|4.60|4.52|4.85|4.80|5.00|5.00|5.00
SZEJNER             ROBERT|01:202:496:02|4.72|4.81|4.83|4.83|4.74|4.62|4.60|4.52|4.85|4.80|5.00
