BELLANY Alastair|01:510:101:00|4.47|4.36|4.29|4.38|4.36|4.30|4.23|4.03|4.22|4.23
MATSUDA Matt|01:510:102:01|4.57|4.58|4.50|4.65|4.12|4.24|4.16|4.20|4.20|4.04
HELLBECK Jochen|01:510:102:03|4.57|4.58|4.50|4.65|4.12|4.24|4.16|4.20|4.20|4.04
FIGUEIRA Thomas|01:510:304:01|4.94|4.69|4.63|4.75|4.69|4.31|4.60|4.31|4.67|4.56
ADAS Michael|01:510:318:01|4.65|4.84|4.86|4.91|4.49|4.70|4.65|4.37|4.67|4.72
Carlson Thomas|01:510:319:01|4.67|4.61|4.47|4.78|3.61|4.06|4.50|3.39|4.33|4.33
DELBOURGO James|01:510:321:01|4.49|4.53|4.00|4.53|4.26|3.89|4.02|3.39|4.16|4.04
DAVIS Belinda|01:510:327:01|4.50|4.25|3.45|4.25|4.30|3.80|3.70|4.53|3.70|3.65
JONES Jennifer|01:510:333:01|4.71|4.87|4.74|4.97|4.87|4.68|4.65|4.45|4.65|4.63
KELLY Samantha|01:510:337:01|5.00|4.89|4.85|4.89|4.70|4.67|4.81|4.41|5.00|4.81
FOGLESONG David|01:510:377:01|4.90|4.80|4.20|4.58|4.15|4.20|4.50|4.10|4.55|4.40
