HARASAKI            JIRO|01:565:102:01|4.86|4.85|4.87|4.93|4.72|4.70|4.82|4.79|4.75|4.79
MADIHIAN            ROSHANAK|01:565:102:02|4.86|4.85|4.87|4.93|4.72|4.70|4.82|4.79|4.75|4.79
MADIHIAN            ROSHANAK|01:565:102:03|4.86|4.85|4.87|4.93|4.72|4.70|4.82|4.79|4.75|4.79
HARASAKI            JIRO|01:565:102:04|4.86|4.85|4.87|4.93|4.72|4.70|4.82|4.79|4.75|4.79
NARASAKI            MARIKO|01:565:102:05|4.86|4.85|4.87|4.93|4.72|4.70|4.82|4.79|4.75|4.79
HAWALKA             YASUKO|01:565:202:01|4.63|4.39|4.54|4.84|4.53|4.31|4.48|4.83|4.48|4.42
HARASAKI            JIRO|01:565:202:02|4.63|4.39|4.54|4.84|4.53|4.31|4.48|4.83|4.48|4.42
CHUNG               YOUNGAH|01:565:242:01|4.73|4.91|4.73|4.91|4.36|4.45|4.45|4.18|4.64|4.50|5.00
BAXER               HARUMI|01:565:302:01|4.52|4.26|4.33|4.48|4.37|4.22|4.19|4.62|4.12|4.33
BALITE              FLORDELIA|01:565:302:02|4.52|4.26|4.33|4.48|4.37|4.22|4.19|4.62|4.12|4.33
MAYNARD             SENKO|01:565:314:01|4.81|4.90|4.86|4.80|4.81|4.62|4.50|4.48|4.86|4.86|5.00
MAYNARD             SENKO|01:565:470:01|5.00|4.83|4.67|5.00|5.00|4.83|4.83|4.83|5.00|4.50
