ALAMI               MYRIAM|01:420:102:02|4.66|4.74|4.69|4.81|4.79|4.57|4.59|4.41|4.62|4.49|4.50|5.00|5.00
ALAMI               MYRIAM|01:420:104:01|5.00|5.00|5.00|5.00|5.00|5.00|5.00|5.00|5.00|5.00
KARMARKAR           MEDHA|01:420:132:02|4.39|4.43|4.34|4.60|4.36|4.31|4.33|4.34|4.26|4.17
ALAMI               MYRIAM|01:420:132:30|4.39|4.43|4.34|4.60|4.36|4.31|4.33|4.34|4.26|4.17
THIEBERGER          BENEDICTE|01:420:134:01|4.83|5.00|4.71|5.00|4.83|4.83|4.43|4.50|5.00|4.67
EISENZWEIG          URI|01:420:160:01|4.55|4.60|4.86|4.57|4.32|4.48|4.24|4.03|4.50|4.50
PAIRET              ANA|01:420:213:01|4.06|3.77|3.51|4.20|3.32|3.34|3.11|4.24|3.21|3.27
LARRIER             RENEE|01:420:213:02|4.06|3.77|3.51|4.20|3.32|3.34|3.11|4.24|3.21|3.27
SHAW                MARY|01:420:214:02|4.60|4.66|4.54|4.69|4.49|4.66|4.40|4.29|4.71|4.44
AUBERT              ANNE|01:420:214:30|4.60|4.66|4.54|4.69|4.49|4.66|4.40|4.29|4.71|4.44
FLIEGER             JERRY|01:420:215:01|3.75|4.63|4.75|4.88|4.88|4.13|4.50|4.13|4.14|4.14
WILLIAMS            ALAN|01:420:216:02|4.35|4.65|3.97|4.55|4.45|4.07|3.66|3.47|4.10|3.94
KARMARKAR           MEDHA|01:420:216:03|4.35|4.65|3.97|4.55|4.45|4.07|3.66|3.47|4.10|3.94
PIROUX              LORRAINE|01:420:218:71|5.00|5.00|4.87|4.80|4.87|4.93|4.93|4.43|5.00|4.93
EISENZWEIG          URI|01:420:316:01|4.16|4.37|4.00|4.47|4.20|3.83|3.95|3.79|4.21|4.16
ALLAMAND            CAROLE|01:420:324:20|4.88|4.94|4.88|4.81|4.81|4.88|4.75|4.31|4.75|4.64
PIROUX              LORRAINE|01:420:335:01|4.83|4.89|4.72|4.94|4.61|4.50|4.72|4.28|4.82|4.59
BOMBART             MATHILDE|01:420:351:30|4.87|4.93|4.80|4.80|4.67|4.60|4.67|4.60|4.67|4.73|5.00
WILLIAMS            ALAN|01:420:371:01|4.55|4.80|4.65|4.80|4.70|4.32|4.35|4.16|4.50|4.53
SCHILLING           DEREK|01:420:405:20|5.00|5.00|4.75|4.92|4.92|4.83|5.00|4.79|4.92|4.77
SPEER               MARY|01:420:415:01|5.00|5.00|5.00|5.00|5.00|5.00|5.00|4.57|5.00|5.00
FLIEGER             JERRY|01:420:451:01|3.82|4.65|4.59|4.65|4.75|4.06|4.06|3.88|4.35|4.53
BOMBART             MATHILDE|01:420:471:01|4.88|4.88|4.69|4.88|4.75|4.63|4.69|4.40|4.75|4.63|5.00
