MCDOWELL DOUGLAS|01:920:101:00|4.33|4.23|4.13|4.31|4.42|3.97|4.04|3.67|3.99|4.06|4.23|4.24|4.48|4.88|5.00|5.00|5.00|5.00|5.00
DAIPHA PHAEDRA|01:920:101:17|4.33|4.23|4.13|4.31|4.42|3.97|4.04|3.67|3.99|4.06
CLARKE LEE|01:920:101:25|4.33|4.23|4.13|4.31|4.42|3.97|4.04|3.67|3.99|4.06|4.23|4.24|4.48|4.88|5.00|5.00|5.00|5.00|5.00
WILHELMS JEFF|01:920:103:03|4.53|4.31|4.28|4.42|4.46|4.01|4.10|3.89|4.12|4.16|4.70|5.00|5.00|5.00|5.00
LIN YU SHENG|01:920:108:01|4.52|4.44|4.26|4.66|4.49|4.10|3.99|3.61|4.22|4.21|4.40|4.33|4.33|4.33|4.33|4.33|4.33|4.33|4.33
SMITH R TYSON|01:920:171:01|4.50|4.75|4.75|4.75|4.57|4.63|4.13|4.38|4.63|4.63
HANSELL STEPHEN|01:920:210:01|4.85|4.78|4.77|4.84|4.75|4.51|4.68|4.01|4.73|4.62|4.67|4.67|4.00|5.00|5.00|5.00|5.00|5.00|4.00
BODNAR-DEREN SUSAN|01:920:216:01|4.39|4.77|4.91|4.91|4.89|4.71|4.68|4.56|4.75|4.72
PHILLIPS JULIE|01:920:222:01|4.55|4.16|3.95|4.12|4.21|3.79|4.04|3.92|3.99|3.97|5.00|5.00|5.00
COVINGTON JEANETTE|01:920:222:04|4.55|4.16|3.95|4.12|4.21|3.79|4.04|3.92|3.99|3.97
SMITH D RANDALL|01:920:248:02|4.58|4.23|3.93|4.34|4.23|3.72|3.92|4.25|4.15|3.98
APTEKAR SOFYA|01:920:270:01|4.44|4.32|3.93|4.14|4.22|3.76|3.85|3.22|3.93|3.79|4.18|4.00|3.04|4.21|3.89|4.07|3.51|3.50|3.85
Decena Carlos|01:920:271:00|4.37|4.43|4.34|4.48|4.24|4.17|3.95|3.45|4.11|3.90|3.90
Rodriguez Robyn|01:920:271:00|4.37|4.43|4.34|4.48|4.24|4.17|3.95|3.45|4.11|3.90|3.90
MEUNIER ETIENNE|01:920:271:04|4.16|4.16|3.98|4.31|4.31|3.95|3.75|3.34|4.04|3.83
MEUNIER ETIENNE|01:920:271:07|4.16|4.16|3.98|4.31|4.31|3.95|3.75|3.34|4.04|3.83
MEUNIER ETIENNE|01:920:271:08|4.16|4.16|3.98|4.31|4.31|3.95|3.75|3.34|4.04|3.83
SCHUSTER SHERRY|01:920:272:01|4.03|3.34|3.59|3.54|3.80|3.28|3.53|3.81|3.36|3.39
MOUZON  DAWNE|01:920:272:02|4.03|3.34|3.59|3.54|3.80|3.28|3.53|3.81|3.36|3.39
NAIR MANJUSHA|01:920:290:01|4.29|3.98|3.64|4.33|4.39|3.81|3.90|3.49|3.90|3.78
STEIN ARLENE|01:920:291:01|4.17|3.89|4.00|3.87|3.65|3.46|3.64|3.61|3.66|3.70|5.00
RAND JOHN|01:920:303:01|4.71|4.67|4.48|4.72|4.77|4.33|4.61|3.75|4.42|4.45
MCDOWELL DOUGLAS|01:920:304:04|4.33|4.11|4.05|4.25|4.23|3.80|3.80|3.93|4.02|4.03|5.00|5.00|5.00|5.00|5.00|5.00|5.00|5.00|5.00
Reck Paul|01:920:306:01|4.51|4.64|4.83|4.89|4.83|4.62|4.75|4.04|4.66|4.57
WINEBERG HOWARD|01:920:306:03|4.22|4.29|4.30|4.14|3.99|3.96|3.99|3.42|4.15|4.09|5.00|5.00|4.75|4.50|5.00|5.00|5.00|4.50|5.00
CARELLI LINDA|01:920:307:01|4.21|4.38|4.41|4.63|4.59|4.15|4.13|4.17|4.13|4.16|5.00
PHILLIPS JULIE|01:920:311:00|4.25|3.93|3.77|4.15|3.93|3.59|3.52|2.82|3.76|3.64
HAREWOOD ANNA|01:920:311:80|4.25|3.93|3.77|4.15|3.93|3.59|3.52|2.82|3.76|3.64
MCLEAN PAUL|01:920:313:00|4.64|4.47|4.24|4.60|4.23|4.05|4.08|3.33|4.31|4.14
MITCHELL ELIZABETH|01:920:313:00|4.64|4.47|4.24|4.60|4.23|4.05|4.08|3.33|4.31|4.14|5.00
LAPOINTE ELEANOR|01:920:314:00|4.33|4.23|4.09|4.42|4.24|3.83|3.88|3.33|4.06|4.00|3.00|2.83|3.00
MITCHELL ELIZABETH|01:920:314:00|4.33|4.23|4.09|4.42|4.24|3.83|3.88|3.33|4.06|4.00
LAPOINTE ELEANOR|01:920:314:07|4.33|4.23|4.09|4.42|4.24|3.83|3.88|3.33|4.06|4.00|3.00|2.83|3.00|3.67
MCLEAN PAUL|01:920:315:01|4.79|4.67|4.43|4.73|4.60|4.14|4.07|3.27|4.47|4.40
FRIEDMAN JUDITH|01:920:321:01|3.94|4.06|4.00|4.53|4.18|3.88|3.72|3.63|4.00|3.88
SALIME ZAKIA|01:920:324:01|4.00|3.67|3.92|3.83|3.75|3.67|3.75|3.75|3.73|3.73
WILLIAMS RICHARD|01:920:326:01|4.22|3.36|3.86|3.68|3.50|3.57|3.48|3.09|3.77|3.48
SMITH D RANDALL|01:920:345:01|4.59|4.06|3.82|4.29|4.29|3.88|3.88|3.71|4.18|3.88
MCDOWELL DOUGLAS|01:920:349:01|4.48|4.51|4.42|4.67|4.55|4.30|4.35|3.72|4.49|4.42
BATEMAN MICHAEL|01:920:349:03|4.48|4.51|4.42|4.67|4.55|4.30|4.35|3.72|4.49|4.42
SCHUSTER SHERRY|01:920:354:01|4.11|3.67|4.33|3.89|3.56|3.89|4.67|3.78|3.89|4.00
COVINGTON JEANETTE|01:920:361:01|4.03|3.00|3.06|2.81|3.39|2.52|3.06|3.88|2.91|3.00
BOROCZ JOZSEF|01:920:375:01|4.50|4.75|4.92|4.92|4.50|4.50|4.58|3.58|4.67|4.58
PELEG SAMUAL|01:920:393:01|4.20|4.50|4.60|4.10|4.40|4.10|4.30|4.20|4.40|4.20
BODNARDEREN SUSAN|01:920:399:01|5.00|5.00|5.00|5.00|5.00|5.00|5.00|5.00|5.00|5.00
WINEBERG HOWARD|01:920:410:01|3.23|3.71|3.97|3.74|4.13|3.40|3.57|3.66|3.23|3.39
WINEBERG HOWARD|01:920:410:80|3.23|3.71|3.97|3.74|4.13|3.40|3.57|3.66|3.23|3.39
FRIEDMAN JUDITH|01:920:428:01|4.40|4.47|4.26|4.58|4.11|3.95|4.20|3.58|4.21|3.84
RODRIGUEZ ROBYN|01:920:435:01|4.45|4.74|4.53|4.85|4.64|4.37|4.26|3.68|4.47|4.17
CARR DEBORAH|01:920:497:01|5.00|5.00|4.60|5.00|5.00|4.40|4.40|3.60|5.00|4.60
