OBAYASHI            HIROSHI|01:840:112:01|4.24|3.92|4.20|4.24|4.16|3.65|3.83|3.50|3.81|3.73
WALLACE GREGORY|01:840:201:01|4.75|4.63|4.27|4.81|4.51|4.30|4.34|4.00|4.39|4.26
WIGGINS Steve|01:840:201:02|4.75|4.75|4.64|4.79|4.68|4.57|4.54|4.07|4.61|4.64
WALLACE GREGORY|01:840:201:03|4.75|4.63|4.27|4.81|4.51|4.30|4.34|4.00|4.39|4.26
KOLBABA TIA|01:840:202:01|4.83|4.78|4.45|4.70|4.04|4.17|4.48|4.30|4.43|4.26
WALLACE GREGORY|01:840:202:02|4.67|4.50|4.53|4.70|4.22|4.17|4.43|3.89|4.35|4.26
WASSERMAN           EMMA|01:840:202:03|4.67|4.50|4.53|4.70|4.22|4.17|4.43|3.89|4.35|4.26|4.00
PAVLIN              JAMES|01:840:203:01|4.60|4.90|4.35|4.95|4.20|4.35|4.32|4.28|4.55|4.40
MYLADIL             THOMAS|01:840:211:01|4.47|4.34|4.34|4.48|4.17|3.87|4.20|3.70|4.25|4.07
MYLADIL             THOMAS|01:840:211:02|4.47|4.34|4.34|4.48|4.17|3.87|4.20|3.70|4.25|4.07
SELOVER|01:840:211:03|4.47|4.34|4.34|4.48|4.17|3.87|4.20|3.70|4.25|4.07
PAVLIN              JAMES|01:840:212:01|4.42|4.32|4.17|4.48|4.18|3.98|4.21|3.99|4.08|4.00
MCGINLEY            DUGAN|01:840:212:02|4.42|4.32|4.17|4.48|4.18|3.98|4.21|3.99|4.08|4.00
BISHOP              KATHLEEN|01:840:212:03|4.42|4.32|4.17|4.48|4.18|3.98|4.21|3.99|4.08|4.00
JONES               JAMES|01:840:222:01|4.63|4.38|4.03|4.54|4.34|3.80|4.03|3.62|4.11|3.94|5.00
WIGGINS|01:840:303:01|4.81|4.77|4.74|4.74|4.68|4.61|4.65|4.42|4.77|4.68
KOBABA T|01:840:313:01|4.88|4.82|4.76|4.82|4.50|4.47|4.47|3.94|4.59|4.59
KEARNS              E|01:840:317:01|3.81|4.69|4.31|4.69|4.13|3.94|4.25|3.88|4.13|4.13
KEARNS              E|01:840:318:01|3.46|4.38|4.11|4.43|4.04|3.71|3.74|3.85|3.93|3.71
JIANG               TAO|01:840:323:01|4.55|4.40|4.45|4.55|4.47|4.00|4.47|4.10|4.35|4.35
SELOVER             THOMAS|01:840:324:01|4.59|4.54|4.23|4.85|4.19|4.00|4.33|3.68|4.04|4.07
ZAMANI              AMIR|01:840:326:01|4.17|4.11|4.00|4.36|3.86|3.86|4.03|4.19|4.08|4.03
PAVLIN              JAMES|01:840:326:02|4.17|4.11|4.00|4.36|3.86|3.86|4.03|4.19|4.08|4.03
SUROWITZ            HILIT|01:840:333:01|4.89|5.00|4.93|4.96|4.86|4.89|4.82|4.29|4.88|4.84|5.00
BRYANT|01:840:368:01|4.67|4.62|4.63|4.68|4.43|4.34|4.47|4.22|4.64|4.47|5.00|5.00|5.00|5.00|5.00|5.00|5.00|5.00|5.00
WASSERMAN           EMMA|01:840:393:01|4.82|4.94|4.65|4.94|4.83|4.72|4.67|3.89|4.82|4.44
GUNASTI             SUSAN|01:840:394:01|4.19|4.50|4.50|4.60|4.45|4.20|4.57|4.29|4.19|4.00
BRYANT              E|01:840:426:01|4.38|4.54|4.54|4.54|4.62|4.31|4.54|3.54|4.62|4.38
