LELKES L|01:447:245:01|4.93|4.89|4.87|4.93|4.90|4.78|4.78|4.58|4.83|4.71|5.00|5.00|5.00|5.00|5.00|5.00|5.00|5.00|5.00
GLODOWSKI D|01:447:380:00|4.42|4.33|4.13|4.50|4.30|4.09|4.06|3.93|4.18|4.07
BARR MAUREEN|01:447:380:00|4.42|4.33|4.13|4.50|4.30|4.09|4.06|3.93|4.18|4.07|4.53
GORDON DEREK|01:447:380:00|4.42|4.33|4.13|4.50|4.30|4.09|4.06|3.93|4.18|4.07|4.53
TANG WENPING|01:447:380:01|4.42|4.33|4.13|4.50|4.30|4.09|4.06|3.93|4.18|4.07|4.53|5.00|5.00|5.00|5.00
TANG WENPING|01:447:380:02|4.42|4.33|4.13|4.50|4.30|4.09|4.06|3.93|4.18|4.07
TANG WENPING|01:447:380:08|4.42|4.33|4.13|4.50|4.30|4.09|4.06|3.93|4.18|4.07
GOLINSKI ALISON|01:447:380:11|4.42|4.33|4.13|4.50|4.30|4.09|4.06|3.93|4.18|4.07|4.53|5.00|5.00|5.00|5.00|5.00|5.00|5.00|5.00
GOLINSKI ALISON|01:447:380:12|4.42|4.33|4.13|4.50|4.30|4.09|4.06|3.93|4.18|4.07
GOLINSKI ALISON|01:447:380:13|4.42|4.33|4.13|4.50|4.30|4.09|4.06|3.93|4.18|4.07
GLODOWSKI D|01:447:380:19|4.42|4.33|4.13|4.50|4.30|4.09|4.06|3.93|4.18|4.07|4.53
DeNegre Ashley|01:447:382:01|4.80|4.66|4.47|4.71|4.48|4.33|4.20|3.81|4.51|4.22|5.00
DENEGRE ASHLEY|01:447:382:02|4.80|4.66|4.47|4.71|4.48|4.33|4.20|3.81|4.51|4.22|5.00
THOMAS KIMBERLEY|01:447:382:07|4.80|4.66|4.47|4.71|4.48|4.33|4.20|3.81|4.51|4.22
THOMAS KIMBERLEY|01:447:382:09|4.80|4.66|4.47|4.71|4.48|4.33|4.20|3.81|4.51|4.22
SINGSON ANDREW|01:447:384:00|4.56|4.61|4.41|4.64|4.56|4.32|4.50|4.70|4.31|4.35
MCGUIRE T|01:447:384:00|4.56|4.61|4.41|4.64|4.56|4.32|4.50|4.70|4.31|4.35
SERRANO L|01:447:403:01|4.88|4.89|5.00|5.00|5.00|5.00|5.00|4.75|4.89|5.00
BRZUSTOWICZ L|01:447:405:01|4.67|4.50|3.83|4.83|5.00|4.67|4.00|3.50|4.60|4.00
SINHA N|01:447:451:01|4.58|4.42|3.91|4.79|4.67|4.00|4.17|4.00|4.38|4.29
MCKIM K|01:447:465:01|4.66|4.76|4.59|4.72|4.59|4.38|4.59|4.21|4.64|4.50
SHUMYATSKY G|01:447:480:01|4.29|4.44|4.13|4.62|4.16|3.98|3.95|3.67|4.11|4.06
RONGO C|01:447:480:01|4.29|4.44|4.13|4.62|4.16|3.98|3.95|3.67|4.11|4.06
HEY J|01:447:486:01|4.38|3.90|3.90|3.95|3.90|3.55|3.71|3.76|3.62|3.76
AXELROD D|01:447:495:00|4.88|4.75|4.75|4.88|4.19|4.60|4.75|4.47|4.56|4.73
