TAYLOR              SHAWN|01:090:112:01|4.57|4.62|4.29|4.72|4.67|4.31|3.71|3.07|4.54|3.79
NAZARIO             JULIO|01:090:112:02|4.57|4.62|4.29|4.72|4.67|4.31|3.71|3.07|4.54|3.79
LORD                NANLY|01:090:112:03|4.57|4.62|4.29|4.72|4.67|4.31|3.71|3.07|4.54|3.79
PUCCIO              MARYANN|01:090:112:06|4.57|4.62|4.29|4.72|4.67|4.31|3.71|3.07|4.54|3.79
TAKACS              SAROLTA|01:090:112:14|4.57|4.62|4.29|4.72|4.67|4.31|3.71|3.07|4.54|3.79
SANONJULES          LISA|01:090:112:16|4.57|4.62|4.29|4.72|4.67|4.31|3.71|3.07|4.54|3.79
HOWE                JULIE|01:090:112:17|4.57|4.62|4.29|4.72|4.67|4.31|3.71|3.07|4.54|3.79
DENTLER             KAREN|01:090:112:18|4.57|4.62|4.29|4.72|4.67|4.31|3.71|3.07|4.54|3.79
NAZARIO             JULIO|01:090:112:19|4.57|4.62|4.29|4.72|4.67|4.31|3.71|3.07|4.54|3.79
CASSEL              JERIS|01:090:112:21|4.57|4.62|4.29|4.72|4.67|4.31|3.71|3.07|4.54|3.79
SOHN                TINA|01:090:112:22|4.57|4.62|4.29|4.72|4.67|4.31|3.71|3.07|4.54|3.79
WILSON              LAUREN|01:090:112:23|4.57|4.62|4.29|4.72|4.67|4.31|3.71|3.07|4.54|3.79
SCHNATTER           KERSTIN|01:090:112:24|4.57|4.62|4.29|4.72|4.67|4.31|3.71|3.07|4.54|3.79|5.00
HASHEMI             MAHASTI|01:090:112:25|4.57|4.62|4.29|4.72|4.67|4.31|3.71|3.07|4.54|3.79|3.00|3.00
HARRINGTON          SARA|01:090:272:01|5.00|4.92|4.50|5.00|5.00|4.67|4.73|4.33|4.83|4.58|4.29|5.00|2.00|3.00|1.00
WALKER              STEVEN|01:090:273:01|4.73|4.27|4.27|4.18|4.17|3.83|4.08|3.92|4.00|3.92
DEIS                FRANK|01:090:274:01|4.91|4.64|4.73|4.36|4.91|4.55|4.73|4.36|4.64|4.64
SADOFF              DIANNE|01:090:275:01|4.86|4.86|5.00|4.86|4.71|4.86|4.71|4.14|4.86|4.86
SIEGEL              JONAH|01:090:276:01|5.00|5.00|5.00|5.00|5.00|5.00|5.00|4.60|5.00|5.00
GREENBERG           DAVID|01:090:277:01|4.78|4.67|4.22|4.89|4.44|4.44|4.33|4.33|4.57|4.33
SMITH               CAROL|01:090:278:01|4.83|4.83|4.50|4.92|4.92|4.50|4.75|4.33|4.75|4.42
KEETON              CHARLES|01:090:279:01|4.91|4.91|4.82|4.91|4.64|4.64|4.64|4.18|4.73|4.55
BERMAN              HELEN|01:090:280:01|4.58|4.25|4.31|4.25|4.50|4.25|4.67|4.17|4.33|4.50
NAQVI               FATIMA|01:090:281:01|4.80|5.00|4.80|5.00|4.60|5.00|4.60|4.00|5.00|5.00
GABRIEL             ABRAM|01:090:284:01|4.75|5.00|4.88|4.88|5.00|4.63|4.88|4.38|4.75|4.71|3.86|3.43|4.63
TEMKIN              LARRY|01:090:285:01|5.00|4.91|4.91|4.64|4.36|4.70|5.00|4.82|4.82|4.82
BARNETT             LOUISE|01:090:286:01|4.00|4.17|3.00|3.67|4.00|3.17|3.00|3.33|3.67|2.83
JIANG               TAO|01:090:287:01|4.70|4.70|4.70|4.60|4.90|4.50|4.80|4.56|4.60|4.90|5.00|5.00|5.00|5.00|5.00|5.00|5.00|5.00
JONES               JAMES|01:090:288:01|3.78|3.11|3.22|3.11|2.00|2.56|3.56|4.00|2.89|2.78
MANDELBAUM          JENNY|01:090:289:01|4.50|4.91|4.45|4.91|4.27|4.55|4.30|3.08|4.40|4.20
JARMON              JACK|01:090:290:01|4.60|5.00|4.60|5.00|5.00|4.60|4.60|4.60|4.60|4.60
BROOKS              ANDREW|01:090:306:01|4.63|4.75|4.50|4.88|5.00|4.63|4.63|4.88|4.63|4.38
LEVINE              JUSTINE|01:090:392:01|5.00|4.73|4.47|4.87|4.89|4.80|4.67|4.27|4.80|4.67
BLANEY              PAUL|01:090:492:01|4.50|4.50|4.25|4.75|3.00|4.25|4.00|4.50|4.50|3.67
Bonny Christine|01:090:220:01|4.52|4.62|4.39|4.58|4.57|4.37|4.02|3.22|4.41|4.02
Dudzak Lauren|01:090:220:03|4.52|4.62|4.39|4.58|4.57|4.37|4.02|3.22|4.41|4.02
Brainard Amy|01:090:220:04|4.52|4.62|4.39|4.58|4.57|4.37|4.02|3.22|4.41|4.02
Ortiz Vanessa|01:090:220:06|4.52|4.62|4.39|4.58|4.57|4.37|4.02|3.22|4.41|4.02
Scott Kathy|01:090:220:07|4.52|4.62|4.39|4.58|4.57|4.37|4.02|3.22|4.41|4.02
Bonny Christine|01:090:220:08|4.52|4.62|4.39|4.58|4.57|4.37|4.02|3.22|4.41|4.02
Dudzak Lauren|01:090:220:09|4.52|4.62|4.39|4.58|4.57|4.37|4.02|3.22|4.41|4.02
Panetta Gary|01:090:220:10|4.52|4.62|4.39|4.58|4.57|4.37|4.02|3.22|4.41|4.02
Zipkin Iris|01:090:220:15|4.52|4.62|4.39|4.58|4.57|4.37|4.02|3.22|4.41|4.02
Traxler Julie|01:090:220:16|4.52|4.62|4.39|4.58|4.57|4.37|4.02|3.22|4.41|4.02
Hogan-Stanzione Courtney|01:090:220:17|4.52|4.62|4.39|4.58|4.57|4.37|4.02|3.22|4.41|4.02
Sigal Rich|01:090:220:20|4.52|4.62|4.39|4.58|4.57|4.37|4.02|3.22|4.41|4.02
Frasca Dana|01:090:220:21|4.52|4.62|4.39|4.58|4.57|4.37|4.02|3.22|4.41|4.02
Diamond Robin|01:090:220:22|4.52|4.62|4.39|4.58|4.57|4.37|4.02|3.22|4.41|4.02
Winkler Matthew|01:090:220:23|4.52|4.62|4.39|4.58|4.57|4.37|4.02|3.22|4.41|4.02
Van Riper Paula|01:090:220:24|4.52|4.62|4.39|4.58|4.57|4.37|4.02|3.22|4.41|4.02
Grimm Tim|01:090:220:25|4.52|4.62|4.39|4.58|4.57|4.37|4.02|3.22|4.41|4.02
Fatima Shaheen|01:090:220:28|4.52|4.62|4.39|4.58|4.57|4.37|4.02|3.22|4.41|4.02
Arroyo Milagros|01:090:220:29|4.52|4.62|4.39|4.58|4.57|4.37|4.02|3.22|4.41|4.02
Curenton Stephanie|01:090:270:01|4.50|4.17|3.83|4.33|4.00|3.33|3.67|3.00|4.00|3.67
