TRANSUE G|01:119:100:00|4.18|4.08|4.16|4.26|3.70|3.80|3.80|3.72|3.70|3.44
TRANSUE G|01:119:100:71|4.18|4.08|4.16|4.26|3.70|3.80|3.80|3.72|3.70|3.44
JOSEPH J|01:119:100:73|4.18|4.08|4.16|4.26|3.70|3.80|3.80|3.72|3.70|3.44
JOSEPH J|01:119:100:74|4.18|4.08|4.16|4.26|3.70|3.80|3.80|3.72|3.70|3.44
MACLGOD|01:119:101:14|4.38|4.18|4.02|4.32|4.03|3.91|3.81|3.62|4.09|3.70
WEIDNER|01:119:101:25|4.38|4.18|4.02|4.32|4.03|3.91|3.81|3.62|4.09|3.70
CASTRO MORAIMA|01:119:101:26|4.38|4.18|4.02|4.32|4.03|3.91|3.81|3.62|4.09|3.70
VOSKOBOYNIK KATIE|01:119:101:31|4.38|4.18|4.02|4.32|4.03|3.91|3.81|3.62|4.09|3.70|3.58
DONG|01:119:101:31|4.38|4.18|4.02|4.32|4.03|3.91|3.81|3.62|4.09|3.70|3.58
NAZAREMKO|01:119:101:32|4.38|4.18|4.02|4.32|4.03|3.91|3.81|3.62|4.09|3.70
CASTRO MORAIMA|01:119:101:36|4.38|4.18|4.02|4.32|4.03|3.91|3.81|3.62|4.09|3.70
WEIDNER|01:119:101:41|4.38|4.18|4.02|4.32|4.03|3.91|3.81|3.62|4.09|3.70
ANDRIANARIJASNA AINA|01:119:101:52|4.38|4.18|4.02|4.32|4.03|3.91|3.81|3.62|4.09|3.70
KEATING A|01:119:101:53|4.38|4.18|4.02|4.32|4.03|3.91|3.81|3.62|4.09|3.70
TSUI TSZWAI|01:119:101:61|4.38|4.18|4.02|4.32|4.03|3.91|3.81|3.62|4.09|3.70
SUKHDEO S|01:119:103:00|4.70|4.67|4.40|4.67|4.46|4.39|4.36|3.26|4.53|4.22|4.40
FAILLACE|01:119:103:01|4.70|4.67|4.40|4.67|4.46|4.39|4.36|3.26|4.53|4.22
FAILLACE|01:119:103:02|4.70|4.67|4.40|4.67|4.46|4.39|4.36|3.26|4.53|4.22
ROHLDER|01:119:103:04|4.70|4.67|4.40|4.67|4.46|4.39|4.36|3.26|4.53|4.22|4.40|4.00|4.00|4.00|4.00|4.00|3.00
HEWITT|01:119:103:07|4.70|4.67|4.40|4.67|4.46|4.39|4.36|3.26|4.53|4.22
HEWITT|01:119:103:08|4.70|4.67|4.40|4.67|4.46|4.39|4.36|3.26|4.53|4.22
SKELLY S|01:119:131:01|4.76|4.69|4.47|4.69|4.65|4.18|4.60|3.79|4.44|4.46
PESCATORE J|01:119:160:01|4.03|3.91|3.75|3.81|3.84|3.74|3.88|3.23|4.00|4.00
SCHJOTT J|01:119:195:71|4.90|4.52|4.48|4.80|4.90|4.10|4.29|4.33|4.43|4.33
