BRILL G|01:830:101:00|4.68|4.48|4.52|4.58|4.40|4.25|4.28|4.00|4.25|4.22
BRILL G|01:830:101:00|4.68|4.48|4.52|4.58|4.40|4.25|4.28|4.00|4.25|4.22
BRILL G|01:830:101:00|4.68|4.48|4.52|4.58|4.40|4.25|4.28|4.00|4.25|4.22
BRILL G|01:830:101:00|4.68|4.48|4.52|4.58|4.40|4.25|4.28|4.00|4.25|4.22
BRILL G|01:830:101:00|4.68|4.48|4.52|4.58|4.40|4.25|4.28|4.00|4.25|4.22
BRILL G|01:830:101:00|4.68|4.48|4.52|4.58|4.40|4.25|4.28|4.00|4.25|4.22
LEYTON MICHAEL|01:830:101:02|4.69|4.18|4.70|4.81|4.81|4.65|4.35|4.18|4.60|4.53|4.94|4.82|4.70|4.78|4.89|4.71|4.57|4.71|4.86
LEYTON MICHAEL|01:830:101:03|4.69|4.18|4.70|4.81|4.81|4.65|4.35|4.18|4.60|4.53|4.94|4.82|4.70|4.78|4.89|4.71|4.57|4.71|4.86
MAYHEW E|01:830:101:05|4.68|4.48|4.52|4.58|4.40|4.25|4.28|4.00|4.25|4.22
MUSUMECISZABO|01:830:101:07|4.68|4.48|4.52|4.58|4.40|4.25|4.28|4.00|4.25|4.22
JACOBS L|01:830:101:08|4.68|4.48|4.52|4.58|4.40|4.25|4.28|4.00|4.25|4.22
BRILL G|01:830:101:09|4.68|4.48|4.52|4.58|4.40|4.25|4.28|4.00|4.25|4.22
INGATE M|01:830:101:12|4.68|4.48|4.52|4.58|4.40|4.25|4.28|4.00|4.25|4.22
BRILL G|NONE|4.68|4.48|4.52|4.58|4.40|4.25|4.28|4.00|4.25|4.22
West|NONE|4.68|4.48|4.52|4.58|4.40|4.25|4.28|4.00|4.25|4.22
West|NONE|4.68|4.48|4.52|4.58|4.40|4.25|4.28|4.00|4.25|4.22
HAMILTON L|01:830:123:00|4.60|4.48|4.55|4.55|4.25|4.32|4.44|4.38|4.31|4.29
HAMILTON L|01:830:123:00|4.60|4.48|4.55|4.55|4.25|4.32|4.44|4.38|4.31|4.29
HAMILTON L|01:830:123:00|4.60|4.48|4.55|4.55|4.25|4.32|4.44|4.38|4.31|4.29
HAMILTON L|01:830:123:00|4.60|4.48|4.55|4.55|4.25|4.32|4.44|4.38|4.31|4.29
HAMILTON L|01:830:123:00|4.60|4.48|4.55|4.55|4.25|4.32|4.44|4.38|4.31|4.29
OGILVIE D|01:830:123:00|4.60|4.48|4.55|4.55|4.25|4.32|4.44|4.38|4.31|4.29
OGILVIE D|01:830:123:00|4.60|4.48|4.55|4.55|4.25|4.32|4.44|4.38|4.31|4.29
OGILVIE D|01:830:123:00|4.60|4.48|4.55|4.55|4.25|4.32|4.44|4.38|4.31|4.29
OGILVIE D|01:830:123:00|4.60|4.48|4.55|4.55|4.25|4.32|4.44|4.38|4.31|4.29
OGILVIE D|01:830:123:00|4.60|4.48|4.55|4.55|4.25|4.32|4.44|4.38|4.31|4.29
OGILVIE D|01:830:123:00|4.60|4.48|4.55|4.55|4.25|4.32|4.44|4.38|4.31|4.29
OGILVIE D|01:830:123:00|4.60|4.48|4.55|4.55|4.25|4.32|4.44|4.38|4.31|4.29
OGILVIE D|01:830:123:00|4.60|4.48|4.55|4.55|4.25|4.32|4.44|4.38|4.31|4.29
HAMILTON L|01:830:123:00|4.60|4.48|4.55|4.55|4.25|4.32|4.44|4.38|4.31|4.29
HAMILTON L|01:830:123:00|4.60|4.48|4.55|4.55|4.25|4.32|4.44|4.38|4.31|4.29
OGILVIE D|01:830:123:00|4.60|4.48|4.55|4.55|4.25|4.32|4.44|4.38|4.31|4.29
HAMILTON L|01:830:123:00|4.60|4.48|4.55|4.55|4.25|4.32|4.44|4.38|4.31|4.29
HAMILTON L|01:830:123:00|4.60|4.48|4.55|4.55|4.25|4.32|4.44|4.38|4.31|4.29
HAMILTON L|01:830:123:00|4.60|4.48|4.55|4.55|4.25|4.32|4.44|4.38|4.31|4.29
OGILVIE D|01:830:123:00|4.60|4.48|4.55|4.55|4.25|4.32|4.44|4.38|4.31|4.29
Hamilton Len|01:830:123:01|4.60|4.52|4.51|4.53|4.27|4.38|4.38|4.36|4.35|4.30|4.40
Ogilvie Dan|01:830:123:01|4.60|4.52|4.51|4.53|4.27|4.38|4.38|4.36|4.35|4.30|4.40
Ogilvie Dan|01:830:123:02|4.60|4.52|4.51|4.53|4.27|4.38|4.38|4.36|4.35|4.30|4.40
Hamilton Len|01:830:123:02|4.60|4.52|4.51|4.53|4.27|4.38|4.38|4.36|4.35|4.30|4.40
Hamilton Len|01:830:123:03|4.60|4.52|4.51|4.53|4.27|4.38|4.38|4.36|4.35|4.30|4.40
Ogilvie Dan|01:830:123:03|4.60|4.52|4.51|4.53|4.27|4.38|4.38|4.36|4.35|4.30|4.40
Ogilvie Dan|01:830:123:04|4.60|4.52|4.51|4.53|4.27|4.38|4.38|4.36|4.35|4.30|4.40
Hamilton Len|01:830:123:04|4.60|4.52|4.51|4.53|4.27|4.38|4.38|4.36|4.35|4.30|4.40
Hamilton Len|01:830:123:05|4.60|4.52|4.51|4.53|4.27|4.38|4.38|4.36|4.35|4.30|4.40
Ogilvie Dan|01:830:123:05|4.60|4.52|4.51|4.53|4.27|4.38|4.38|4.36|4.35|4.30|4.40
Ogilvie Dan|01:830:123:06|4.60|4.52|4.51|4.53|4.27|4.38|4.38|4.36|4.35|4.30|4.40
Hamilton Len|01:830:123:06|4.60|4.52|4.51|4.53|4.27|4.38|4.38|4.36|4.35|4.30|4.40
Hamilton Len|01:830:123:07|4.60|4.52|4.51|4.53|4.27|4.38|4.38|4.36|4.35|4.30|4.40
Ogilvie Dan|01:830:123:07|4.60|4.52|4.51|4.53|4.27|4.38|4.38|4.36|4.35|4.30|4.40
Hamilton Len|01:830:123:08|4.60|4.52|4.51|4.53|4.27|4.38|4.38|4.36|4.35|4.30|4.40
Ogilvie Dan|01:830:123:08|4.60|4.52|4.51|4.53|4.27|4.38|4.38|4.36|4.35|4.30|4.40
Hamilton Len|01:830:123:09|4.60|4.52|4.51|4.53|4.27|4.38|4.38|4.36|4.35|4.30|4.40
Ogilvie Dan|01:830:123:09|4.60|4.52|4.51|4.53|4.27|4.38|4.38|4.36|4.35|4.30|4.40
Ciacco|01:830:123:10|4.60|4.48|4.55|4.55|4.25|4.32|4.44|4.38|4.31|4.29
Ogilvie Dan|01:830:123:10|4.60|4.52|4.51|4.53|4.27|4.38|4.38|4.36|4.35|4.30|4.40
Hamilton Len|01:830:123:10|4.60|4.52|4.51|4.53|4.27|4.38|4.38|4.36|4.35|4.30|4.40
ACKROFF J|01:830:200:00|4.22|3.82|3.52|3.80|4.27|3.55|3.80|2.66|3.56|3.60
ACKROFF J|01:830:200:00|4.22|3.82|3.52|3.80|4.27|3.55|3.80|2.66|3.56|3.60
ACKROFF J|01:830:200:00|4.22|3.82|3.52|3.80|4.27|3.55|3.80|2.66|3.56|3.60
ACKROFF J|01:830:200:00|4.22|3.82|3.52|3.80|4.27|3.55|3.80|2.66|3.56|3.60
ACKROFF J|01:830:200:00|4.22|3.82|3.52|3.80|4.27|3.55|3.80|2.66|3.56|3.60
ACKROFF J|01:830:200:00|4.22|3.82|3.52|3.80|4.27|3.55|3.80|2.66|3.56|3.60
ACKROFF J|01:830:200:00|4.22|3.82|3.52|3.80|4.27|3.55|3.80|2.66|3.56|3.60
ACKROFF J|01:830:200:00|4.22|3.82|3.52|3.80|4.27|3.55|3.80|2.66|3.56|3.60
NOLAN B|01:830:272:01|4.77|4.88|4.77|4.88|4.86|4.64|4.73|4.44|4.81|4.74
KOWLER E|01:830:301:01|4.73|4.63|4.57|4.74|4.50|4.42|4.28|3.70|4.49|4.33
KOWLER E|01:830:301:02|4.73|4.63|4.57|4.74|4.50|4.42|4.28|3.70|4.49|4.33
MCGANN J|01:830:301:04|4.73|4.63|4.57|4.74|4.50|4.42|4.28|3.70|4.49|4.33
Wu|01:830:302:02|4.60|4.63|3.92|4.54|4.21|4.00|3.92|3.12|4.15|3.98
Ross|01:830:302:11|4.60|4.63|3.92|4.54|4.21|4.00|3.92|3.12|4.15|3.98
GLASS A|01:830:303:01|4.26|3.62|3.71|3.51|4.18|3.58|3.75|3.60|3.54|3.60
GLASS A|01:830:303:02|4.26|3.62|3.71|3.51|4.18|3.58|3.75|3.60|3.54|3.60
MUSOLINO J|01:830:305:03|4.73|4.62|4.58|4.68|4.66|4.49|4.33|4.04|4.46|4.39
ACKROFF J|01:830:305:08|4.73|4.62|4.58|4.68|4.66|4.49|4.33|4.04|4.46|4.39
LESLIE A|NONE|4.73|4.62|4.58|4.68|4.66|4.49|4.33|4.04|4.46|4.39
Wilder|01:830:306:04|4.17|4.21|3.66|4.41|4.27|3.63|3.33|3.47|3.64|3.59
Wang|01:830:306:10|4.17|4.21|3.66|4.41|4.27|3.63|3.33|3.47|3.64|3.59
MAYHEW E|01:830:310:01|4.49|4.33|4.28|4.39|4.06|4.00|4.26|3.94|4.15|4.09
KUSNECOV A|01:830:310:02|4.49|4.33|4.28|4.39|4.06|4.00|4.26|3.94|4.15|4.09
TOMIE A|01:830:311:03|4.41|4.17|3.91|4.20|4.47|3.82|3.81|3.35|3.87|3.84
HASHCONVERSE|01:830:311:06|4.41|4.17|3.91|4.20|4.47|3.82|3.81|3.35|3.87|3.84
ROVEECOLLIER|NONE|4.41|4.17|3.91|4.20|4.47|3.82|3.81|3.35|3.87|3.84
Yang|01:830:312:08|4.39|4.50|4.35|4.72|4.54|4.24|4.02|3.65|4.30|4.15
OTTO T|01:830:313:02|4.59|4.54|4.12|4.45|4.31|3.91|4.14|3.71|4.06|3.97
WEST M|01:830:313:05|4.59|4.54|4.12|4.45|4.31|3.91|4.14|3.71|4.06|3.97
VICARIO D|01:830:313:06|4.59|4.54|4.12|4.45|4.31|3.91|4.14|3.71|4.06|3.97
VICARIO D|01:830:313:07|4.59|4.54|4.12|4.45|4.31|3.91|4.14|3.71|4.06|3.97
BRYNILDSEN K|01:830:321:01|4.63|4.45|4.48|4.51|4.33|4.24|4.33|4.20|4.31|4.27
KILIANSKI S|01:830:321:02|4.63|4.45|4.48|4.51|4.33|4.24|4.33|4.20|4.31|4.27
SANCHEZ D|01:830:321:03|4.63|4.45|4.48|4.51|4.33|4.24|4.33|4.20|4.31|4.27
KILIANSKI S|01:830:321:08|4.63|4.45|4.48|4.51|4.33|4.24|4.33|4.20|4.31|4.27
KILIANSKI S|01:830:323:01|4.83|4.33|4.00|3.50|4.00|3.67|3.50|3.17|3.83|4.00
INGATE M|01:830:331:01|4.46|4.25|4.11|4.40|4.18|3.93|4.01|4.06|4.00|3.95
INGATE M|01:830:331:03|4.46|4.25|4.11|4.40|4.18|3.93|4.01|4.06|4.00|3.95
HSU V|01:830:331:06|4.46|4.25|4.11|4.40|4.18|3.93|4.01|4.06|4.00|3.95
DICKSON L|01:830:333:03|4.29|3.97|3.88|4.13|4.09|3.71|3.81|3.95|3.75|3.74
HAVILANDJONES|01:830:333:04|4.29|3.97|3.88|4.13|4.09|3.71|3.81|3.95|3.75|3.74
COFFIELD C|01:830:333:06|4.29|3.97|3.88|4.13|4.09|3.71|3.81|3.95|3.75|3.74
ATWOOD G|01:830:338:02|4.30|4.38|4.40|4.47|4.51|4.16|4.09|4.14|4.22|4.17
ATWOOD G|01:830:340:02|3.85|4.06|4.17|4.09|4.02|3.67|3.94|4.28|3.73|3.78
WOOLFOLK R|01:830:340:05|3.85|4.06|4.17|4.09|4.02|3.67|3.94|4.28|3.73|3.78
KARLIN R|01:830:340:07|3.85|4.06|4.17|4.09|4.02|3.67|3.94|4.28|3.73|3.78
MOHLMAN J|01:830:340:08|3.85|4.06|4.17|4.09|4.02|3.67|3.94|4.28|3.73|3.78
MCKENNA S|01:830:346:01|4.26|4.21|4.19|4.41|4.06|3.88|4.00|4.40|3.89|3.93
STROMSWOLD K|01:830:351:01|4.43|4.38|4.10|4.43|4.32|3.96|3.94|3.66|3.93|3.85
WAGNER G|01:830:361:01|4.56|4.59|4.53|4.85|4.68|4.35|4.59|4.06|4.47|4.33
TOMIE A|01:830:364:02|4.69|4.32|4.19|4.38|4.57|4.00|4.21|3.76|4.19|4.06
AIELLO J|01:830:373:01|3.82|3.91|4.02|4.31|4.22|3.67|3.70|3.29|3.67|3.61
AIELLO J|01:830:373:02|3.82|3.91|4.02|4.31|4.22|3.67|3.70|3.29|3.67|3.61
CONTRADA R|01:830:377:01|4.77|4.63|4.29|4.69|4.58|4.12|4.18|4.09|4.29|4.22
MCCARTHY D|01:830:377:02|4.77|4.63|4.29|4.69|4.58|4.12|4.18|4.09|4.29|4.22
WOOLFOLK R|01:830:393:01|4.14|4.29|3.86|4.19|4.33|3.90|4.05|4.10|4.00|3.90
ELIAS M|01:830:394:01|4.28|4.50|4.50|4.63|4.55|4.38|4.00|3.68|4.45|4.38
HUDSON J|01:830:396:02|4.82|4.77|4.73|4.83|4.50|4.76|4.74|4.51|4.58|4.67
HARRISON N|01:830:396:03|4.82|4.77|4.73|4.83|4.50|4.76|4.74|4.51|4.58|4.67
HARRIS S|01:830:396:04|4.82|4.77|4.73|4.83|4.50|4.76|4.74|4.51|4.58|4.67
SELMAN J|01:830:398:01|4.37|4.50|4.48|4.65|4.76|4.36|4.43|4.45|4.38|4.53
SINGH M|01:830:402:01|4.90|4.80|4.00|4.70|4.30|3.60|3.80|3.70|4.40|3.90
KUSNECOV A|01:830:412:01|4.71|4.61|4.45|4.58|4.65|4.39|4.71|4.39|4.58|4.45
RUDMAN L|01:830:422:01|4.95|4.90|4.80|4.95|4.75|4.75|4.70|3.85|4.80|4.80
KARLIN R|01:830:452:01|3.78|4.56|4.78|4.56|4.33|4.22|4.78|3.89|4.11|3.78
NOLAN B|01:830:463:01|4.85|4.90|4.73|4.98|4.93|4.63|4.73|4.39|4.76|4.66
