KUHN                KENNETH|01:470:101:01|4.67|4.77|4.77|4.82|4.77|4.65|4.60|4.09|4.73|4.55|4.48|4.78|4.00|4.22|5.00
KUHN                KENNETH|01:470:101:02|4.67|4.77|4.77|4.82|4.77|4.65|4.60|4.09|4.73|4.55|4.48|4.78|4.00|4.22|5.00
BOGHOSSIAN          ANNELIESE|01:470:101:03|4.67|4.77|4.77|4.82|4.77|4.65|4.60|4.09|4.73|4.55|4.48|4.78|4.00|4.22
PAPPALARDO          SALVATORE|01:470:101:04|4.67|4.77|4.77|4.82|4.77|4.65|4.60|4.09|4.73|4.55|4.48|4.78|4.00|4.22|5.00|5.00
CLARK               C|01:470:101:05|4.67|4.77|4.77|4.82|4.77|4.65|4.60|4.09|4.73|4.55|4.48|4.78|4.00|4.22
BOGHOSSIAN          ANNELIESE|01:470:102:03|5.00|5.00|4.96|5.00|5.00|4.96|4.93|4.86|4.96|4.86|4.85|4.96|4.48|4.63|5.00
GLOWACKI            DORIS|01:470:131:01|4.77|4.85|4.54|5.00|4.92|4.62|4.23|4.33|4.54|4.50|4.55|5.00|3.91|4.00
CLARK               C|01:470:132:02|4.56|4.94|4.89|4.94|4.71|4.61|4.50|4.44|4.83|4.39|4.59|3.76|4.53|4.29|5.00
HELFER              MARTHA|01:470:302:01|5.00|5.00|4.85|5.00|5.00|4.77|4.58|4.50|4.85|4.83|5.00|4.73|4.82|4.55
LEVINE MICHAEL|01:470:304:01|5.00|4.83|4.75|4.92|4.83|4.58|4.92|4.75|4.75|4.83|5.00|4.90|4.80|5.00
CLARK               C|01:470:390:01|4.76|4.88|4.94|4.82|4.75|4.82|4.69|4.40|4.82|4.75|4.73|4.13|4.69|4.60
RENNIE              NICHOLAS|01:470:392:01|5.00|5.00|4.75|4.75|4.50|4.00|4.75|3.75|4.75|4.75
