MIYAMOTO GABRIELLA|01:082:105:01|4.61|4.44|4.32|4.53|4.49|4.10|4.20|3.61|4.19|4.14
KENFIELD JOHN|01:082:105:01|4.61|4.44|4.32|4.53|4.49|4.10|4.20|3.61|4.19|4.14
KENFIELD JOHN|01:082:105:15|4.61|4.44|4.32|4.53|4.49|4.10|4.20|3.61|4.19|4.14
MIYAMOTO GABRIELLA|01:082:105:15|4.61|4.44|4.32|4.53|4.49|4.10|4.20|3.61|4.19|4.14
ESTEVEZ LISANDRA|01:082:105:30|4.61|4.44|4.32|4.53|4.49|4.10|4.20|3.61|4.19|4.14
ESTEVEZ LISANDRA|01:082:105:40|4.61|4.44|4.32|4.53|4.49|4.10|4.20|3.61|4.19|4.14
SHIELDS REBECCA|01:082:105:41|4.61|4.44|4.32|4.53|4.49|4.10|4.20|3.61|4.19|4.14
SHIELDS REBECCA|01:082:106:01|4.75|4.55|4.58|4.53|4.47|4.43|4.43|4.06|4.59|4.42
RAWLINGS KANDICE|01:082:106:03|4.75|4.55|4.58|4.53|4.47|4.43|4.43|4.06|4.59|4.42
WOODHOUSE-BEYER  KATHARINE|01:082:250:01|4.40|4.30|4.10|4.80|5.00|4.40|4.30|3.20|4.10|4.00
ZERVIGON ANDRES|01:082:253:01|4.79|4.76|4.76|4.79|4.35|4.53|4.47|4.29|4.59|4.53
FRANCESCONI FREDERICA|01:082:255:01|3.60|3.80|3.60|4.10|4.20|3.50|3.50|4.00|3.10|3.00
PORTNOY EDWARD|01:082:291:01|4.59|4.59|4.45|4.68|4.18|4.14|4.00|4.00|4.09|4.14|3.71|3.33|4.33|4.29|3.43|4.43
BEHRMANN NICOLA|01:082:292:01|4.83|4.33|4.83|4.67|4.50|4.17|4.67|3.83|4.67|4.50|4.50|4.33|4.50|4.50
MARTER JOAN|01:082:302:01|4.76|4.48|4.72|4.50|4.16|4.28|4.48|4.71|4.24|4.28
MCHAM SARAH|01:082:309:01|4.64|4.57|3.93|4.29|3.86|4.14|4.00|3.29|4.36|4.07
Rawlings Kandice|01:082:309:01|4.64|4.57|3.93|4.29|3.86|4.14|4.00|3.29|4.36|4.07
KAHLAOUI TAREK|01:082:320:01|4.40|4.60|4.20|4.90|4.80|4.20|4.40|3.80|4.30|4.30
HOWARD ANGELA|01:082:326:01|3.67|2.73|3.47|3.07|3.20|3.07|3.13|3.13|3.20|3.20
KENFIELD JOHN|01:082:343:01|4.44|4.57|4.66|4.50|4.41|4.25|4.44|4.31|4.19|4.47
SHEEHAN TANYA|01:082:351:01|4.94|4.87|4.84|4.93|4.81|4.74|4.77|3.94|4.77|4.77
MARDER TOD|01:082:355:01|4.50|4.50|4.58|4.69|4.44|4.46|4.58|4.31|4.42|4.54
PUGLISI CATHERINE|01:082:365:01|4.76|4.62|4.56|4.56|4.26|4.44|4.47|4.41|4.50|4.41
BRETTSMITH SARAH|01:082:371:01|3.83|4.72|4.61|4.89|3.89|3.61|4.39|3.17|3.78|3.67
MILANOVIC LJUBOMIR|01:082:379:01|4.30|4.40|3.70|4.30|4.40|4.10|4.40|3.60|4.10|4.20
QUIDEAU FLORENCE|01:082:387:01|4.61|4.56|4.75|4.62|4.56|4.49|4.68|4.31|4.53|4.47
YANNI CARLA|01:082:391:01|4.65|4.70|4.70|4.70|4.50|4.50|4.50|3.85|4.60|4.45
HARVEY ARCHER ST. CLAIR|01:082:430:01|3.94|4.44|4.31|4.31|4.18|3.81|4.31|4.25|3.81|3.94
KAHLAOUI TAREK|01:082:441:01|4.17|4.50|4.50|4.67|4.67|4.33|4.50|4.50|4.00|4.17
JACOB CYNTHIA|01:082:442:01|5.00|4.56|4.56|4.44|4.33|4.56|4.89|4.44|4.44|4.56
HEWITT MARK|01:082:444:01|4.57|4.57|4.57|4.64|4.43|4.29|4.57|4.21|4.36|4.50
MARDER TOD|01:082:447:01|5.00|5.00|5.00
HOWARD ANGELA|01:082:491:01|4.88|4.76|4.80|4.92|4.67|4.76|4.72|4.64|4.84|4.80
ZERVIGON ANDRES|01:082:491:02|4.88|4.76|4.80|4.92|4.67|4.76|4.72|4.64|4.84|4.80
SIDLAUSKAS SUSAN|01:082:491:03|4.88|4.76|4.80|4.92|4.67|4.76|4.72|4.64|4.84|4.80
ZERVIGON ANDRES|01:082:495:01|4.00|4.50|5.00|4.50|4.00|4.67|4.67|4.50|4.00
