GALUZZO             DARIO|01:560:101:01|4.75|4.72|4.76|4.80|4.73|4.65|4.63|4.27|4.70|4.62
SANTORO             LARA|01:560:101:02|4.75|4.72|4.76|4.80|4.73|4.65|4.63|4.27|4.70|4.62
GALUZZO             DARIO|01:560:101:04|4.75|4.72|4.76|4.80|4.73|4.65|4.63|4.27|4.70|4.62|5.00|5.00|5.00|5.00|5.00|5.00|5.00|5.00|5.00
SISLER              MARY|01:560:101:05|4.75|4.72|4.76|4.80|4.73|4.65|4.63|4.27|4.70|4.62|5.00|5.00|5.00|5.00|5.00|5.00|5.00|5.00|5.00
CRACHIOLO           BRYAN|01:560:101:22|4.75|4.72|4.76|4.80|4.73|4.65|4.63|4.27|4.70|4.62
DEBEVOISE           DAVID|01:560:101:23|4.75|4.72|4.76|4.80|4.73|4.65|4.63|4.27|4.70|4.62
GALATI              CARMELO|01:560:102:02|4.78|4.71|4.71|4.87|4.77|4.66|4.70|4.65|4.68|4.59
PESCE               ROBERTO|01:560:102:03|4.78|4.71|4.71|4.87|4.77|4.66|4.70|4.65|4.68|4.59
BORELLI             ELENA|01:560:102:05|4.78|4.71|4.71|4.87|4.77|4.66|4.70|4.65|4.68|4.59
DEBEVOISE           DAVID|01:560:102:22|4.78|4.71|4.71|4.87|4.77|4.66|4.70|4.65|4.68|4.59
PESCE               ROBERTO|01:560:102:24|4.78|4.71|4.71|4.87|4.77|4.66|4.70|4.65|4.68|4.59
FOGNANI             ARIANNA|01:560:108:01|5.00|5.00|5.00|5.00|5.00|5.00|4.75|5.00|5.00|5.00
GALUZZO             DARIO|01:560:124:01|4.79|4.86|4.71|4.86|4.92|4.79|4.79|4.86|4.79|4.71|5.00|5.00|5.00|5.00|5.00
RUSNAK              MATTHEW|01:560:131:22|4.90|4.90|4.90|4.94|4.87|4.77|4.78|4.74|4.84|4.68
GALATI              CARMELO|01:560:132:01|4.62|4.79|4.93|4.96|4.82|4.63|4.70|4.77|4.61|4.59
MARSH               DAVID|01:560:232:01|4.60|4.44|4.46|4.49|4.49|4.13|4.23|4.24|4.55|4.43|5.00
LEVY                DENA|01:560:306:01|4.17|3.75|4.00|3.83|3.50|3.75|3.55|3.73|3.58|3.73
PASCALE             VINCENZO|01:560:339:01|4.29|3.97|4.11|4.26|4.67|4.09|4.11|4.34|4.14|4.12
LEAKE               ELIZABETH|01:560:352:01|4.45|4.45|4.27|4.45|4.27|4.00|4.73|4.18|4.18|4.64
WHITE               LAURA|01:560:391:01|4.68|4.56|4.55|4.66|4.32|4.43|4.44|4.18|4.65|4.52|5.00
LANG Ariella|01:560:492:02|4.88|4.63|4.50|4.63|4.50|4.25|4.50|4.63|4.63|4.50
