DAVIS               WILLIAM|01:014:103:02|4.53|4.57|4.70|4.67|4.39|4.37|4.50|4.11|4.39|4.41|5.00|5.00|5.00|5.00|5.00
BROWN               ALRICK|01:014:132:01|4.72|4.50|4.70|4.44|4.40|4.52|4.63|3.76|4.66|4.70
JACKSONBREWER       KARLA|01:014:206:01|4.74|4.78|4.87|4.91|4.74|4.78|4.83|4.41|4.83|4.77|5.00|4.00
GARDINER            MURV|01:014:212:01|4.27|4.18|4.36|4.64|4.82|4.50|4.50|3.91|4.27|4.36|5.00|5.00|5.00|5.00
REED                SAMUEL|01:014:230:01|4.42|4.65|4.70|4.65|4.64|4.58|4.48|4.36|4.52|4.59|5.00
RICHMOND            VONDELL|01:014:240:01|4.26|4.30|4.61|4.70|4.26|4.43|4.32|3.68|4.50|4.35
WESTBROOK           RANDALL|01:014:255:01|4.72|4.76|4.72|4.79|4.72|4.72|4.66|4.38|4.89|4.88|5.00|5.00|5.00|5.00|5.00|5.00|5.00|5.00|5.00
WHITNEY             JAMES|01:014:258:01|4.40|4.35|4.35|4.37|4.52|4.24|4.33|4.00|4.47|4.55
NASH                MIKAL|01:014:274:01|3.69|3.88|3.50|3.87|4.00|3.44|3.69|3.13|3.38|3.50|5.00
MONK                JERMAINE|01:014:302:01|4.59|4.68|4.91|4.77|4.48|4.64|4.68|4.20|4.73|4.72
PLUMMER             JOEL|01:014:302:02|4.59|4.68|4.91|4.77|4.48|4.64|4.68|4.20|4.73|4.72
GRIER               APRIL|01:014:304:01|3.43|3.58|4.00|3.51|3.74|3.35|3.53|3.91|3.29|3.42|4.00|4.00|4.00|4.00|4.00|4.00|4.00|4.00|4.00
GRIER               APRIL|01:014:304:02|3.43|3.58|4.00|3.51|3.74|3.35|3.53|3.91|3.29|3.42
KHAN                KAMAL|01:014:347:01|4.71|4.45|4.68|4.48|4.68|4.68|4.68|4.00|4.59|4.47
BETHEA|01:014:349:01|4.60|4.60|4.80|4.73|4.50|4.45|4.55|3.82|4.55|4.22
PAXTON              JOHN|01:014:355:01|4.31|4.38|4.60|4.67|4.50|4.47|4.47|3.93|4.60|4.47|3.00|3.00|3.00|3.00|3.00|3.00|3.00|3.00
NASH                MIKAL|01:014:357:01|4.31|4.44|4.38|4.31|4.38|4.00|4.40|3.81|4.25|4.38|3.00
GARDINER            MURV|01:014:362:01|3.81|4.06|4.47|4.69|4.80|4.21|4.07|4.60|3.86|4.36|5.00|5.00|5.00|5.00|5.00|4.67|4.67|5.00|5.00
CATCHING            C|01:014:363:01|4.38|4.35|4.29|4.60|4.42|4.10|4.05|3.37|4.25|4.15
BETHEL              LEONARD|01:014:369:01|4.69|4.70|4.80|4.93|4.79|4.68|4.52|3.93|4.67|4.63|5.00
BETHEL              LEONARD|01:014:423:01|4.18|4.61|4.59|4.94|4.75|4.07|4.06|4.33|4.06|4.20
BUTLER              KIM|01:014:460:01|5.00|4.75|5.00|4.75|5.00|5.00|4.75|4.25|4.75|4.75
BUTLER              KIM|01:014:490:01|4.83|4.83|4.50|4.83|4.50|4.67|4.50|4.58|4.75|4.50
