MURPHY ANDREW|01:790:101:00|4.61|4.53|4.41|4.58|4.39|4.24|4.23|3.74|4.41|4.29|4.56|4.50|4.33|4.57|4.67|4.60|4.60|4.80|4.60
MURPHY|01:790:101:22|4.61|4.53|4.41|4.58|4.39|4.24|4.23|3.74|4.41|4.29
LICKLIDER ROY|01:790:102:00|4.25|3.96|3.71|4.07|3.52|3.51|3.48|3.78|3.62|3.35|3.62|3.26
BAYKAL OZGENGOKCE|01:790:102:07|4.25|3.96|3.71|4.07|3.52|3.51|3.48|3.78|3.62|3.35
BAYKAL OZGENGOKCE|01:790:102:09|4.25|3.96|3.71|4.07|3.52|3.51|3.48|3.78|3.62|3.35
BAYKAL OZGENGOKCE|01:790:102:10|4.25|3.96|3.71|4.07|3.52|3.51|3.48|3.78|3.62|3.35
BAYKAL OZGENGOKCE|01:790:102:12|4.25|3.96|3.71|4.07|3.52|3.51|3.48|3.78|3.62|3.35|3.62|3.26|5.00|3.00
BLAIR DOUGLAS|01:790:103:00|4.20|4.15|3.61|4.21|4.25|3.55|3.46|3.48|3.84|3.39|3.84|2.72|4.25|3.20|3.77|3.44|3.85|3.42|3.40
BAKER ROSS|01:790:104:00|4.56|4.53|4.44|4.63|4.45|4.26|4.21|3.86|4.34|4.32|3.86|3.00|3.40|2.00|2.00|2.00|2.00|2.00|2.00
HARDEN AIISHA|01:790:104:02|4.56|4.53|4.44|4.63|4.45|4.26|4.21|3.86|4.34|4.32|3.86|3.00|3.40|2.00|2.00|2.00|2.00|2.00|2.00
HARDEN AIISHA|01:790:104:06|4.56|4.53|4.44|4.63|4.45|4.26|4.21|3.86|4.34|4.32|3.86|3.00|3.40
HARDEN AIISHA|01:790:104:08|4.56|4.53|4.44|4.63|4.45|4.26|4.21|3.86|4.34|4.32
MAHONEY ANNA|01:790:104:15|4.56|4.53|4.44|4.63|4.45|4.26|4.21|3.86|4.34|4.32|3.86
LEVINE BERT|01:790:106:00|4.13|4.31|4.15|4.41|4.04|3.84|3.93|3.99|3.95|3.94
ALTIER MARYBETH|01:790:300:01|4.51|4.42|3.81|4.56|4.43|4.03|3.94|2.83|4.14|3.85|5.00|5.00|5.00|5.00|5.00
ANDERSEN DAVID|01:790:301:01|4.91|4.89|4.84|4.86|4.91|4.84|4.91|4.73|4.86|4.93|5.00|5.00|5.00|5.00|5.00|5.00|5.00|5.00|5.00
REDLAWSK DAVID|01:790:303:01|4.36|4.50|4.19|4.54|4.27|4.15|4.15|4.15|4.33|4.19
MAHONEY ANNA|01:790:304:01|4.71|4.58|4.45|4.51|4.50|3.98|4.33|3.92|4.34|4.24|5.00
GLASCOCK JOHN|01:790:305:01|4.00|4.54|4.38|4.63|4.14|3.93|4.02|3.58|4.08|3.97|4.33
LEVINE BERT|01:790:306:01|4.32|4.73|4.58|4.84|4.56|4.17|4.43|4.37|4.36|4.32
ROSSI MICHAEL|01:790:311:01|4.91|4.92|4.81|4.79|4.67|4.60|4.67|4.11|4.64|4.63|5.00|5.00|5.00|5.00|5.00|5.00|5.00|5.00
KAUFMAN R|01:790:312:01|4.76|4.70|4.19|4.56|4.61|4.00|4.46|4.31|4.34|4.33|5.00
MIKHAYLOVA MARINA|01:790:315:01|4.22|4.13|3.79|4.12|4.21|3.44|3.68|3.71|3.69|3.61|4.00
BUZBY AMY|01:790:316:01|4.17|3.72|4.07|3.97|3.80|3.50|3.52|3.90|3.60|3.63|5.00|5.00
JIMENEZ CHRISTIAN|01:790:317:01|2.53|3.13|3.00|2.88|2.82|2.50|2.76|3.89|2.67|2.41
MCKOY MICHAEL|01:790:319:01|4.87|4.69|4.74|4.77|4.69|4.48|4.65|4.47|4.73|4.73|5.00|5.00|5.00|5.00|5.00|5.00|5.00|5.00|5.00
NJOYA WAIRIMU|01:790:333:01|4.11|3.59|3.92|3.67|3.54|3.54|3.65|3.57|3.52|3.47
WOLLENBERG YVONNE|01:790:340:01|4.09|4.45|4.26|4.44|4.15|4.04|3.93|3.94|4.17|4.10|5.00
ROSENTHAL ALAN|01:790:349:01|4.76|4.76|4.76|4.68|4.94|4.69|4.82|4.15|4.65|4.67
DORIA JOSEPH|01:790:349:03|4.76|4.76|4.76|4.68|4.94|4.69|4.82|4.15|4.65|4.67
ABDELJABER|01:790:351:01|4.80|4.68|4.68|4.80|4.56|4.52|4.56|4.40|4.84|4.64
PELEG|01:790:352:01|4.43|4.50|4.70|4.70|4.17|4.43|4.52|4.14|4.35|4.39
FAHMY DALIA|01:790:363:01|4.56|4.30|4.45|4.39|4.09|4.39|4.33|4.18|4.30|4.09
BUZBY|01:790:365:01|4.44|4.41|4.24|4.15|4.15|3.82|3.74|3.18|3.85|3.82
RUBENSTEIN HAROLD|01:790:373:01|4.13|4.57|4.52|4.67|4.20|4.02|4.27|3.97|4.30|4.18|5.00|5.00|5.00|5.00|5.00|5.00|5.00|5.00|5.00
SINKOFF|01:790:389:01|4.55|4.36|4.18|4.18|3.73|3.82|4.27|3.09|4.27|4.00
LEVY JACK|01:790:395:01|4.53|4.61|4.45|4.60|4.38|4.15|4.36|3.68|4.40|4.32|5.00
CORNELL DRUCILLA|01:790:395:05|4.53|4.61|4.45|4.60|4.38|4.15|4.36|3.68|4.40|4.32
THREADCRAFT SHATEMA|01:790:395:12|4.53|4.61|4.45|4.60|4.38|4.15|4.36|3.68|4.40|4.32
SANBONMATSU KIRA|01:790:395:20|4.53|4.61|4.45|4.60|4.38|4.15|4.36|3.68|4.40|4.32
BRAVO JORGE|01:790:395:24|4.53|4.61|4.45|4.60|4.38|4.15|4.36|3.68|4.40|4.32
BRAVO JORGE|01:790:395:26|4.53|4.61|4.45|4.60|4.38|4.15|4.36|3.68|4.40|4.32
KELEMEN ROGER|01:790:395:27|4.53|4.61|4.45|4.60|4.38|4.15|4.36|3.68|4.40|4.32
HEUMANN MILTON|01:790:404:01|4.42|4.79|4.84|4.73|4.65|4.53|4.76|4.22|4.71|4.65|5.00|5.00
WOLLENBERG YVONNE|01:790:409:01|4.55|4.69|4.54|4.82|4.43|4.42|4.45|4.16|4.57|4.47|5.00|5.00|5.00|5.00|5.00|5.00|5.00|5.00|5.00
DANIELS CYNTHIA|01:790:426:01|4.64|4.50|4.62|4.91|4.71|4.85|4.86|4.43|4.92|4.73|5.00
BAKER ROSS|01:790:428:12|5.00|5.00|5.00|5.00|4.78|5.00|5.00|5.00|5.00|5.00|5.00|5.00|5.00
FIELD WILLIAM|01:790:472:01|4.68|4.77|4.72|4.73|4.51|4.51|4.51|4.61|4.70|4.54|5.00
BRONNER STEPHEN|01:790:477:01|4.80|4.87|4.87|4.73|4.67|4.87|4.80|4.50|4.60|4.87
LEVINE BERT|01:790:481:05|4.91|5.00|5.00|5.00|5.00|4.96|4.87|4.86|4.86|4.91
