ISAAC               ALLAN|01:050:101:01|4.67|4.64|4.65|4.64|4.40|4.28|4.25|3.57|4.55|4.39|4.00|4.00|4.00|3.67|4.00|4.00|4.00|4.00|4.00
BARNETT             LOUISE|01:050:227:01|4.48|4.73|4.35|4.69|4.62|4.38|4.19|3.54|4.40|4.40
GONZALEZ C|01:050:240:01|3.75|3.81|3.67|3.81|4.00|3.56|3.44|3.75|3.44|3.38
COLLINS             CORNELIUS|01:050:282:01|4.47|4.22|4.13|4.44|4.31|3.84|3.68|3.00|3.81|3.59
CHADWICK            BRUCE|01:050:300:01|4.81|4.79|4.81|4.83|4.73|4.63|4.68|4.40|4.69|4.55|3.40|4.20|3.40|4.00|4.00|4.00|4.00|4.00|4.00
FISHBEIN            LESLIE|01:050:300:03|4.81|4.79|4.81|4.83|4.73|4.63|4.68|4.40|4.69|4.55|3.40|4.20|3.40
FERGUSON            MATTHEW|01:050:300:80|4.81|4.79|4.81|4.83|4.73|4.63|4.68|4.40|4.69|4.55
ECHOLS              A|01:050:301:01|4.46|4.51|4.50|4.49|4.17|4.02|4.23|4.25|4.15|4.16|3.00|3.00|3.00
NIGRIN              ALBERT|01:050:301:03|4.46|4.51|4.50|4.49|4.17|4.02|4.23|4.25|4.15|4.16|5.00|5.00
SCHUSTER            MARK|01:050:312:01|4.03|4.19|4.43|4.38|4.62|4.38|4.31|4.33|4.14|4.17|5.00
ROCKLAND            MICHAEL|01:050:332:01|4.22|4.56|4.22|4.78|4.67|4.11|4.11|3.38|4.33|4.00
SHANDLER Jeffrey|01:050:337:01|3.33|3.33|3.00|4.00|4.00|3.33|3.67|3.67|3.50|3.50
SIFUENTES B|01:050:342:01|4.64|4.55|4.82|4.88|4.59|4.85|4.88|4.30|4.79|4.76
ISAAC               ALLAN|01:050:377:01|4.85|4.85|4.56|4.77|4.54|4.48|4.46|3.85|4.57|4.43
FISHBEIN            LESLIE|01:050:389:01|4.80|4.80|4.20|4.70|4.60|4.30|4.10|2.60|4.00|4.00|3.90|4.00|4.60
Popper Frank|01:050:444:01|4.69|4.69|4.77|4.38|4.15|4.54|4.38|3.75|4.62|4.54
ROCKLAND            MICHAEL|01:050:487:01|4.58|4.50|4.73|4.75|4.42|4.58|4.58|4.25|4.58|4.67
