GONZALEZ CAROLINA|01:595:101:02|4.63|4.75|4.67|4.75|4.65|4.42|4.48|3.78|4.67|4.64
SUAREZ|01:595:205:01|4.71|4.43|4.29|4.57|4.43|4.00|3.86|3.14|4.00|3.71
Stephens Thomas|01:595:250:01|4.87|4.89|4.91|4.84|4.67|4.80|4.62|4.18|4.75|4.71
GONZALEZ CAROLINA|01:595:266:01|4.89|4.78|4.89|4.78|5.00|4.89|4.89|3.89|4.78|4.78
GONZALEZ CAROLINA|01:595:266:01|5.00|5.00|5.00|5.00|5.00|5.00|5.00|5.00|5.00|5.00
Rodriguez Robyn|01:595:271:01|4.43|4.49|4.42|4.55|4.35|4.25|4.05|3.68|4.20|4.00|4.04
Decena Carlos|01:595:271:01|4.43|4.49|4.42|4.55|4.35|4.25|4.05|3.68|4.20|4.00|4.04
Decena Carlos|01:595:271:02|4.43|4.49|4.42|4.55|4.35|4.25|4.05|3.68|4.20|4.00|4.04
Rodriguez Robyn|01:595:271:02|4.43|4.49|4.42|4.55|4.35|4.25|4.05|3.68|4.20|4.00|4.04
Decena Carlos|01:595:271:03|4.43|4.49|4.42|4.55|4.35|4.25|4.05|3.68|4.20|4.00|4.04
Rodriguez Robyn|01:595:271:03|4.43|4.49|4.42|4.55|4.35|4.25|4.05|3.68|4.20|4.00|4.04
Decena Carlos|01:595:271:04|4.43|4.49|4.42|4.55|4.35|4.25|4.05|3.68|4.20|4.00|4.04
MEUNIER ETIENNE|01:595:271:04|4.17|4.24|4.10|4.37|4.25|3.99|3.84|3.43|4.07|3.94
Rodriguez Robyn|01:595:271:04|4.43|4.49|4.42|4.55|4.35|4.25|4.05|3.68|4.20|4.00|4.04
Decena Carlos|01:595:271:05|4.43|4.49|4.42|4.55|4.35|4.25|4.05|3.68|4.20|4.00|4.04
Rodriguez Robyn|01:595:271:05|4.43|4.49|4.42|4.55|4.35|4.25|4.05|3.68|4.20|4.00|4.04
Decena Carlos|01:595:271:06|4.43|4.49|4.42|4.55|4.35|4.25|4.05|3.68|4.20|4.00|4.04
Rodriguez Robyn|01:595:271:06|4.43|4.49|4.42|4.55|4.35|4.25|4.05|3.68|4.20|4.00|4.04
MEUNIER ETIENNE|01:595:271:07|4.17|4.24|4.10|4.37|4.25|3.99|3.84|3.43|4.07|3.94
Rodriguez Robyn|01:595:271:07|4.43|4.49|4.42|4.55|4.35|4.25|4.05|3.68|4.20|4.00|4.04
Decena Carlos|01:595:271:07|4.43|4.49|4.42|4.55|4.35|4.25|4.05|3.68|4.20|4.00|4.04
Meunier E|01:595:271:08|4.17|4.24|4.10|4.37|4.25|3.99|3.84|3.43|4.07|3.94
ROSENBAUM S|01:595:312:02|4.77|4.62|4.62|4.92|4.83|4.46|4.62|3.54|4.46|4.31
SUROWITZ H|01:595:312:04|4.77|4.62|4.62|4.92|4.83|4.46|4.62|3.54|4.46|4.31
LOPEZ|01:595:390:01|4.20|4.48|4.04|4.40|4.42|3.88|4.12|4.20|3.80|3.84
