AXELROD             DAVID|01:447:302:01|4.61|4.64|4.39|4.78|4.86|4.39|4.40|4.42|4.51|4.57
GORDON DEREK|01:447:302:01|4.61|4.64|4.39|4.78|4.86|4.39|4.40|4.42|4.51|4.57
BRZUSTOWICZMATISE   LINDATARA|01:447:302:01|4.61|4.64|4.39|4.78|4.86|4.39|4.40|4.42|4.51|4.57
RONGO               CHRISTOPHE|01:447:315:00|4.65|4.58|4.49|4.76|4.61|4.46|4.55|4.21|4.51|4.47
NICKELS             BRYCE|01:447:315:02|4.65|4.58|4.49|4.76|4.61|4.46|4.55|4.21|4.51|4.47
PADGETT             RICHARD|01:447:315:02|4.65|4.58|4.49|4.76|4.61|4.46|4.55|4.21|4.51|4.47
MEAD                JANET|01:447:315:02|4.65|4.58|4.49|4.76|4.61|4.46|4.55|4.21|4.51|4.47
DRISCOLL            MONICA|01:447:315:02|4.65|4.58|4.49|4.76|4.61|4.46|4.55|4.21|4.51|4.47
SINHA               NAVIN|01:447:380:00|4.33|4.22|3.99|4.46|4.36|3.97|3.96|3.76|4.12|3.95
KRAMER              LAWRENCE|01:447:380:01|4.33|4.22|3.99|4.46|4.36|3.97|3.96|3.76|4.12|3.95
SIMON               LEE|01:447:380:04|4.33|4.22|3.99|4.46|4.36|3.97|3.96|3.76|4.12|3.95
SIMON               LEE|01:447:380:05|4.33|4.22|3.99|4.46|4.36|3.97|3.96|3.76|4.12|3.95
SIMON               LEE|01:447:380:06|4.33|4.22|3.99|4.46|4.36|3.97|3.96|3.76|4.12|3.95
DANIELLE            SMARSH|01:447:380:07|4.33|4.22|3.99|4.46|4.36|3.97|3.96|3.76|4.12|3.95
SMI                 ANBING|01:447:380:09|4.33|4.22|3.99|4.46|4.36|3.97|3.96|3.76|4.12|3.95
KRAMER              LAWRENCE|01:447:380:10|4.33|4.22|3.99|4.46|4.36|3.97|3.96|3.76|4.12|3.95|4.67|5.00|5.00|5.00
KRAMER              LAWRENCE|01:447:380:11|4.33|4.22|3.99|4.46|4.36|3.97|3.96|3.76|4.12|3.95
DENGRE              ASHLEY|01:447:382:05|4.91|4.78|4.72|4.81|4.72|4.62|4.28|3.94|4.74|4.29
GORDON DEREK|01:447:385:00|4.67|4.64|4.40|4.70|4.60|4.45|4.45|4.45|4.54|4.53
BRENNEMAN MARK|01:447:385:01|4.67|4.64|4.40|4.70|4.60|4.45|4.45|4.45|4.54|4.53
BRENNEMAN MARK|01:447:385:02|4.67|4.64|4.40|4.70|4.60|4.45|4.45|4.45|4.54|4.53
BRENNEMAN MARK|01:447:385:03|4.67|4.64|4.40|4.70|4.60|4.45|4.45|4.45|4.54|4.53
KEATING             ANNE|01:447:390:00|4.59|4.48|4.25|4.40|4.22|4.15|4.38|4.05|4.50|4.34
GORDON DEREK|01:447:404:02|4.68|4.81|4.68|4.93|4.44|4.57|4.17|4.28|4.68|4.58
SINHA               NAVIN|01:447:404:03|4.68|4.81|4.68|4.93|4.44|4.57|4.17|4.28|4.68|4.58
YU                  LEI|01:447:460:01|4.32|4.68|4.52|4.97|3.88|4.52|4.27|4.19|4.50|4.47
MCGUIRE             TERRY|01:447:479:01|4.03|4.23|4.51|4.37|4.03|4.14|4.26|4.18|4.32|4.18
MATISE              TARA|01:447:481:01|4.43|4.44|4.37|4.54|4.32|4.34|4.34|4.50|4.34|4.34
MATISE              TARA|01:447:481:02|4.43|4.44|4.37|4.54|4.32|4.34|4.34|4.50|4.34|4.34|5.00
