JACKSON             MARCUS|01:351:212:01|4.61|4.71|4.68|4.78|4.66|4.57|4.43|4.32|4.63|4.61|4.66|3.41|4.02|3.83|4.45|4.17|4.32
JACKSON             MARCUS|01:351:212:02|4.61|4.71|4.68|4.78|4.66|4.57|4.43|4.32|4.63|4.61|4.66|3.41|4.02|3.83|4.17|4.32
BLANEY              PAUL|01:351:212:03|4.61|4.71|4.68|4.78|4.66|4.57|4.43|4.32|4.63|4.61|4.66|3.41|4.02|3.83|4.45|4.17|4.32|4.50
JAFFE               SARA|01:351:212:04|4.61|4.71|4.68|4.78|4.66|4.57|4.43|4.32|4.63|4.61|4.66|3.41|4.02|3.83|4.17|4.32
HELLER              SARAH|01:351:212:05|4.61|4.71|4.68|4.78|4.66|4.57|4.43|4.32|4.63|4.61|4.66|3.41|4.02|3.83|4.45|4.17|4.32|4.50|4.43
HELLER              SARAH|01:351:212:06|4.61|4.71|4.68|4.78|4.66|4.57|4.43|4.32|4.63|4.61|4.66|3.41|4.02|3.83|4.17|4.32
SVICH               CARIDAD|01:351:212:07|4.61|4.71|4.68|4.78|4.66|4.57|4.43|4.32|4.63|4.61|4.66|3.41|4.02|3.83|4.17|4.32
JAFFE               SARA|01:351:212:08|4.61|4.71|4.68|4.78|4.66|4.57|4.43|4.32|4.63|4.61|4.66|3.41|4.02|3.83|4.45|4.17|4.32
RAMEY               RHEA|01:351:212:09|4.61|4.71|4.68|4.78|4.66|4.57|4.43|4.32|4.63|4.61|4.66|3.41|4.02|3.83|4.45|4.17|4.32
FUHRMAN             JOANNA|01:351:212:11|4.61|4.71|4.68|4.78|4.66|4.57|4.43|4.32|4.63|4.61|4.66|3.41|4.02|3.83|4.45|4.17|4.32|4.50
BETTS               TARA|01:351:212:13|4.61|4.71|4.68|4.78|4.66|4.57|4.43|4.32|4.63|4.61|4.66|3.41|4.02|3.83|4.17|4.32
MURRAY              RICHARD|01:351:212:14|4.61|4.71|4.68|4.78|4.66|4.57|4.43|4.32|4.63|4.61|4.66|3.41|4.02|3.83|4.45|4.17|4.32
SCHWARTZ            JASON|01:351:212:15|4.61|4.71|4.68|4.78|4.66|4.57|4.43|4.32|4.63|4.61|4.66|3.41|4.02|3.83|4.45|4.17|4.32|4.43
SCHWARTZ            JASON|01:351:212:16|4.61|4.71|4.68|4.78|4.66|4.57|4.43|4.32|4.63|4.61|4.66|3.41|4.02|3.83|4.17|4.32|4.50
ELLIS               KATHERINE|01:351:212:17|4.61|4.71|4.68|4.78|4.66|4.57|4.43|4.32|4.63|4.61|4.66|3.41|4.02|3.83|4.17|4.32|4.50
NOVEMBER            JOSHUA|01:351:212:18|4.61|4.71|4.68|4.78|4.66|4.57|4.43|4.32|4.63|4.61|4.66|3.41|4.02|3.83|4.45|4.17|4.32|4.50|4.43
ARNDT               JESS|01:351:212:19|4.61|4.71|4.68|4.78|4.66|4.57|4.43|4.32|4.63|4.61|4.66|3.41|4.02|3.83|4.17|4.32
ARNDT               JESS|01:351:212:23|4.61|4.71|4.68|4.78|4.66|4.57|4.43|4.32|4.63|4.61|4.66|3.41|4.02|3.83|4.45|4.17|4.32|4.50|4.43
MURRAY              RICHARD|01:351:212:25|4.61|4.71|4.68|4.78|4.66|4.57|4.43|4.32|4.63|4.61|4.66|3.41|4.02|3.83|4.45|4.17|4.32|4.50|4.43
KING                ANNIE|01:351:240:01|5.00|5.00|4.97|5.00|4.83|4.90|4.71|4.21|4.97|4.97|5.00|3.62|4.31|4.41|5.00|4.37|4.78|5.00
KUSCH               ROBERT|01:351:241:01|4.78|4.74|4.87|4.83|4.68|4.52|4.65|4.35|4.74|4.61|4.25|3.20|3.89|3.55|5.00|3.90|4.15|5.00|5.00
GLISERMAN Martin|01:351:242:01|5.00|4.95|4.86|4.95|4.95|4.77|4.62|4.33|4.86|4.81|4.86|3.76|4.73|4.41|4.00|4.45
BLANEY              PAUL|01:351:305:01|4.33|4.40|4.60|4.58|4.62|4.35|4.20|4.16|4.37|4.33|4.68|3.88|3.94|4.00|4.50|4.11|4.00|4.00
ELLIS               KATE|01:351:305:02|4.33|4.40|4.60|4.58|4.62|4.35|4.20|4.16|4.37|4.33|4.68|3.88|3.94|4.00|4.50|4.11|4.00
MILLER              SUSAN|01:351:306:01|4.50|4.35|4.48|4.51|4.49|4.20|4.17|4.49|4.29|4.32|4.24|3.24|3.56|4.09|5.00|4.18|4.32|4.50|5.00
SUGARMAN            YERRA|01:351:306:02|4.50|4.35|4.48|4.51|4.49|4.20|4.17|4.49|4.29|4.32|4.24|3.24|3.56|4.09|5.00|4.18|4.32|4.50|5.00
FUHRMAN             JOANNA|01:351:306:03|4.50|4.35|4.48|4.51|4.49|4.20|4.17|4.49|4.29|4.32|4.24|3.24|3.56|4.09|4.18|4.32
SUGARMAN            YERRA|01:351:306:04|4.50|4.35|4.48|4.51|4.49|4.20|4.17|4.49|4.29|4.32|4.24|3.24|3.56|4.09|5.00|4.18|4.32|4.50|5.00
BETTS               TARA|01:351:306:05|4.50|4.35|4.48|4.51|4.49|4.20|4.17|4.49|4.29|4.32|4.24|3.24|3.56|4.09|4.18|4.32
TUPPER              LARA|01:351:307:01|4.69|4.53|4.47|4.46|4.42|4.39|4.23|4.69|4.46|4.47|4.53|3.24|3.71|4.16|4.43|4.17|4.33
TUPPER              LARA|01:351:307:02|4.69|4.53|4.47|4.46|4.42|4.39|4.23|4.69|4.46|4.47|4.53|3.24|3.71|4.16|4.43|4.17|4.33
SHERMAN             RACHEL|01:351:307:03|4.69|4.53|4.47|4.46|4.42|4.39|4.23|4.69|4.46|4.47|4.53|3.24|3.71|4.16|4.43|4.17|4.33
SHERMAN             RACHEL|01:351:307:04|4.69|4.53|4.47|4.46|4.42|4.39|4.23|4.69|4.46|4.47|4.53|3.24|3.71|4.16|4.17|4.33
OSBORN              SUSAN|01:351:307:05|4.69|4.53|4.47|4.46|4.42|4.39|4.23|4.69|4.46|4.47|4.53|3.24|3.71|4.16|4.43|4.17|4.33
SVICH               CARIDAD|01:351:308:01|4.80|4.87|4.67|4.60|4.93|4.67|4.53|4.80|4.67|4.67|4.50|3.43|3.43|4.20|4.50|4.57|1.00
SEIDEL DENA|01:351:312:01|4.61|4.63|4.65|4.76|4.50|4.42|4.38|4.37|4.49|4.50|3.92|3.87|4.21|3.66|3.00|3.96|4.40|4.75
SEIDEL DENA|01:351:312:02|4.61|4.63|4.65|4.76|4.50|4.42|4.38|4.37|4.49|4.50|3.92|3.87|4.21|3.66|3.96|4.40|4.75
COLLINS             CORNELIUS|01:351:312:03|4.61|4.63|4.65|4.76|4.50|4.42|4.38|4.37|4.49|4.50|3.92|3.87|4.21|3.66|3.00|3.96|4.40|4.75
WALKER              STEVEN|01:351:322:01|4.80|4.90|4.80|4.70|4.80|4.70|4.60|3.90|4.70|4.70|4.22|3.44|3.86|4.33|5.00|3.56|4.00|5.00
JACKSON             GREGORY|01:351:342:01|4.97|4.97|5.00|4.97|4.97|4.97|5.00|4.09|4.97|4.97|4.50|3.83|4.72|4.23|5.00|4.50|4.87|5.00|5.00
GLISERMAN Martin|01:351:347:01|4.90|4.97|4.84|4.97|4.94|4.71|4.72|4.65|4.81|4.81|4.97|3.71|4.40|4.42|4.16|4.55
PERERA              S|01:351:359:01|4.78|4.46|4.42|4.37|4.59|4.15|4.13|3.22|4.30|4.19|4.48|2.93|3.16|3.92|4.04|4.41
BUCKLEY Matthew|01:351:385:02|4.64|4.82|4.36|4.91|4.44|4.27|4.36|3.27|4.55|4.55|4.00|3.00|3.44|3.36|3.73|4.64
OSBORN              SUSAN|01:351:406:01|4.80|4.85|4.91|4.97|4.83|4.91|4.85|4.74|4.89|4.91|4.97|4.47|4.75|4.78|4.63|4.48|4.00
MILLER              SUSAN|01:351:406:02|4.80|4.85|4.91|4.97|4.83|4.91|4.85|4.74|4.89|4.91|4.97|4.47|4.75|4.78|5.00|4.63|4.48|4.00
SHOCKLEY EVIE|01:351:406:03|4.80|4.85|4.91|4.97|4.83|4.91|4.85|4.74|4.89|4.91|4.97|4.47|4.75|4.78|4.63|4.48
MILLER              RICHARD|01:351:492:02|4.25|4.25|4.25|4.38|3.83|4.00|4.13|4.13|4.38|4.50|3.71|3.57|3.67|4.00|4.29|4.71
SEIDEL DENA|01:351:494:03|5.00|5.00|5.00|5.00|5.00|4.75|5.00|5.00|5.00|4.75|5.00|4.75|4.75|3.75|4.75|5.00
