KAHLAOUI Tarek|01:685:201:01|4.13|4.50|4.50|4.50|4.38|4.50|4.63|3.88|4.25|4.38
PAVLIN              JAMES|01:685:233:01|4.89|5.00|4.44|5.00|4.67|4.78|4.89|4.78|4.78|5.00
GOLDEN Peter|01:685:301:01|4.72|4.83|4.62|4.93|4.86|4.38|4.72|4.03|4.59|4.69
ZAMANI              AMIR|01:685:326:01|4.33|4.35|4.17|4.33|3.83|3.72|4.11|4.00|3.94|3.94
PAVLIN              JAMES|01:685:326:02|4.33|4.35|4.17|4.33|3.83|3.72|4.11|4.00|3.94|3.94
HAGHANI             F|01:685:330:01|4.54|4.62|4.38|4.54|4.31|4.31|4.58|4.31|4.46|4.31
HAGHANI|01:685:350:01|3.68|3.36|2.64|3.48|3.23|2.41|2.77|4.23|2.50|2.82
FAHMY               DALIA|01:685:357:01|5.00|5.00|4.40|4.60|4.40|4.00|4.60|4.40|4.80|4.75
BASHI Golbarg|01:685:396:01|4.63|4.88|4.88|4.75|4.75|4.50|4.88|4.38|4.50|4.50
HABERL              CHARLES|01:685:396:04|4.50|4.60|4.40|4.60|4.50|4.00|4.20|3.70|4.50|4.30
ABDELJABER          HAMID|01:685:452:01|4.78|4.52|4.52|4.82|4.61|4.55|4.65|4.65|4.65|4.57
AFTAB               ATIYA|01:685:457:01|4.27|4.20|4.00|4.33|4.13|4.13|4.33|4.64|4.13|4.13|3.00|3.00|3.00|3.00|3.00|3.00|4.00|4.00|3.00
BASHI               GOLBARG|01:685:496:01|4.27|4.48|4.42|4.67|4.45|3.98|4.19|4.38|4.35|4.29|5.00|5.00
ABDELJABER          HAMID|01:685:496:02|4.27|4.48|4.42|4.67|4.45|3.98|4.19|4.38|4.35|4.29
ABDELKHALEK         GOUDA|01:685:496:03|4.27|4.48|4.42|4.67|4.45|3.98|4.19|4.38|4.35|4.29
HAGHANI             F|01:685:499:01|4.75|4.69|4.53|4.81|4.38|4.19|4.50|3.88|4.53|4.38|4.00|4.00|4.00|4.00|4.00|4.00|4.00|4.00|4.00
