ISAAC A|01:050:101:01|4.59|4.58|4.53|4.55|4.36|4.33|4.29|3.56|4.44|4.27|5.00|5.00
URBAN J|01:050:101:01|4.59|4.58|4.53|4.55|4.36|4.33|4.29|3.56|4.44|4.27|5.00|5.00
BARNETT L|01:050:227:01|4.77|4.73|4.27|4.82|4.64|4.41|4.45|3.41|4.52|4.48
GILLESPIE A|01:050:228:01|4.77|4.75|4.60|4.79|4.74|4.27|4.56|3.69|4.60|4.46|5.00
GILLESPIE ANGUS|01:050:263:01|4.76|4.62|4.56|4.75|4.81|4.33|4.51|3.52|4.51|4.48
NIGRIN A|01:050:265:01|4.93|4.91|4.93|4.98|4.91|4.85|4.85|4.04|4.82|4.73
Decena Carlos|01:050:271:07|4.16|4.19|4.10|4.32|3.79|3.81|3.66|3.00|3.90|3.68|3.61
Rodriguez Robyn|01:050:271:07|4.16|4.19|4.10|4.32|3.79|3.81|3.66|3.00|3.90|3.68|3.61
MEUNIER ETIENNE|01:050:271:07|4.22|3.88|3.72|4.25|4.34|3.69|3.41|2.84|3.84|3.50
Rodriguez Robyn|01:050:271:08|4.16|4.19|4.10|4.32|3.79|3.81|3.66|3.00|3.90|3.68|3.61
Decena Carlos|01:050:271:08|4.16|4.19|4.10|4.32|3.79|3.81|3.66|3.00|3.90|3.68|3.61
MEUNIER ETIENNE|01:050:271:08|4.22|3.88|3.72|4.25|4.34|3.69|3.41|2.84|3.84|3.50
RINALDI C|01:050:281:01|4.61|4.55|4.30|4.67|4.41|4.00|4.48|3.53|4.24|4.27|5.00|5.00|5.00|5.00|5.00
REEVES E|01:050:282:01|4.46|4.76|4.72|4.80|4.53|4.40|4.52|3.56|4.52|4.48|5.00
KUSHNER|01:050:283:01|4.85|4.91|4.70|4.94|4.64|4.48|4.28|3.24|4.76|4.55
FLEETWOOD N|01:050:300:01|4.48|4.56|4.63|4.71|4.88|4.47|4.30|4.16|4.56|4.42
ROCKLAND M|01:050:300:02|4.48|4.56|4.63|4.71|4.88|4.47|4.30|4.16|4.56|4.42
LEE R|01:050:301:02|4.75|4.75|4.25|4.75|4.75|4.50|4.50|3.25|4.50|4.50|5.00|4.50|5.00|3.25|4.75|4.75
DECKER J|01:050:303:01|4.65|4.52|4.33|4.70|4.61|3.91|4.09|3.32|4.30|4.22
BACKES M|01:050:303:80|4.67|4.83|4.50|4.83|4.67|4.50|4.50|3.83|4.67|4.50
BARNETT L|01:050:305:01|4.92|4.92|4.92|4.92|4.62|4.50|4.69|4.54|4.77|4.62
YANNI CARLA|01:050:309:01|4.65|4.70|4.70|4.70|4.50|4.50|4.50|3.85|4.60|4.45
FERGUSON M|01:050:314:01|4.81|4.78|4.63|4.69|4.43|4.55|4.37|4.09|4.59|4.41|5.00
FERGUSON|01:050:314:80|4.63|4.88|4.75|4.88|4.71|4.86|4.88|4.13|4.75|4.88
ROCKLAND M|01:050:330:01|4.28|4.21|4.20|4.55|4.26|3.86|4.10|3.71|4.29|4.30
Shandler J|01:050:336:01|4.65|4.41|4.29|4.41|4.00|4.29|4.35|3.82|4.29|4.29
FISHBEIN L|01:050:341:01|4.95|4.86|4.71|4.75|4.71|4.14|4.33|3.52|4.38|4.14|3.95|4.81|4.24
SHEEHAN TANYA|01:050:351:01|4.94|4.87|4.84|4.93|4.81|4.74|4.77|3.94|4.77|4.77
FLEETWOOD N|01:050:389:01|4.67|4.18|3.82|3.92|4.75|4.08|3.67|3.64|4.27|4.10|5.00|5.00|5.00|5.00|5.00
SIFUENTES B|01:050:487:01|4.91|4.91|4.73|4.82|4.90|4.82|4.64|3.91|4.82|4.64
