LEVY Lily|01:563:102:01|5.00|4.75|5.00|4.88|4.75|4.75|4.75|4.38|4.88|4.75
PORTNOY Eddy|01:563:104:01|4.00|5.00|5.00|5.00|5.00|4.75|4.75|4.50|4.00|4.75
Moshenberg Orly|01:563:121:01|4.88|4.88|4.88|5.00|4.50|4.88|4.63|4.25|5.00|4.88
BRYNNOIMAN Edna|01:563:131:01|4.60|4.50|4.50|4.50|3.70|4.00|4.40|4.40|4.20|4.30
RENDSBURG Gary|01:563:142:01|4.50|5.00|4.75|5.00|4.50|4.25|4.75|4.75|5.00|5.00
WASSERMAN           EMMA|01:563:223:03|4.50|5.00|4.00|5.00|5.00|4.00|5.00|3.00|4.00|4.00
SHANDLER Jeffrey|01:563:260:01|4.62|4.10|4.10|4.40|3.57|3.43|3.86|3.86|3.67|3.48
PELEG Samuel|01:563:300:01|4.46|4.51|4.50|4.47|4.18|4.10|4.32|4.24|4.17|4.18
JONES TOBY|01:563:300:03|4.46|4.51|4.50|4.47|4.18|4.10|4.32|4.24|4.17|4.18
ROCKLAND            MICHAE L|01:563:332:01|3.67|4.00|4.00|4.33|4.50|3.67|4.00|4.33|4.00|4.00
FISHBEIN            LESLIE|01:563:359:01|4.50|3.50|3.50|3.50|4.50|3.00|3.50|5.00|3.50|3.00|3.50|4.00|3.50
SCHWAB|01:563:395:01|4.33|4.67|3.67|4.67|3.50|4.00|3.67|5.00|4.00|3.33|3.00|4.00|3.00|2.00
PELEG Samuel|01:563:397:01|3.75|3.50|3.75|3.75|3.50|3.75|3.50|3.75|3.25|3.75
