WALKER JANET|01:195:101:01|4.50|4.42|4.09|4.46|4.41|4.09|3.99|3.68|4.02|4.04
MANGOLD MATTHEW|01:195:101:01|4.50|4.42|4.09|4.46|4.41|4.09|3.99|3.68|4.02|4.04
LVOVSKAYA KATRINA|01:195:101:04|4.50|4.42|4.09|4.46|4.41|4.09|3.99|3.68|4.02|4.04
WALKER JANET|NONE|4.50|4.42|4.09|4.46|4.41|4.09|3.99|3.68|4.02|4.04
POPOVICOVA IVA|01:195:135:01|4.78|4.80|4.70|4.89|4.67|4.61|4.57|4.24|4.65|4.63
MCBRYAN JENNIFER|01:195:135:03|4.78|4.80|4.70|4.89|4.67|4.61|4.57|4.24|4.65|4.63
UHLIROVA ROMANA|01:195:150:01|4.51|4.48|4.57|4.70|4.70|4.38|4.44|3.95|4.42|4.42
LVOVSKAYA KATRINA|01:195:150:02|4.51|4.48|4.57|4.70|4.70|4.38|4.44|3.95|4.42|4.42
HSIEH YU-I|01:195:150:03|4.51|4.48|4.57|4.70|4.70|4.38|4.44|3.95|4.42|4.42
TOYMENTSEV SERGEY|01:195:150:04|4.51|4.48|4.57|4.70|4.70|4.38|4.44|3.95|4.42|4.42
TOYMENTSEV SERGEY|01:195:150:06|4.51|4.48|4.57|4.70|4.70|4.38|4.44|3.95|4.42|4.42
WALKER STEVEN|01:195:243:01|4.41|4.47|4.53|4.59|4.24|4.41|4.47|4.13|4.24|4.24
NERLEKAR ANJALI|01:195:249:01|3.78|3.67|3.67|4.00|3.44|3.78|3.67|3.67|3.78|3.78
EISENZWEIG URI|01:195:301:01|3.74|3.95|3.84|4.32|4.32|3.79|3.63|3.82|3.79|3.32
PARKER ANDREW|01:195:304:01|4.47|4.60|4.60|4.67|4.47|4.40|4.33|3.93|4.67|4.60
NERLAKAR ANJALI|01:195:307:01|4.75|5.00|4.75|5.00|5.00|4.50|4.50|4.50|4.75|4.75
POPOVICOVA IVA|01:195:308:01|4.40|4.40|4.80|4.60|4.40|4.20|4.40|3.40|4.00|3.80
ERBER PEDRO|01:195:329:01|4.75|4.75|4.00|4.75|5.00|4.50|4.25|4.00|4.50|4.25
WALKER STEVEN|01:195:346:01|4.75|4.77|4.77|4.92|4.92|4.23|4.54|4.15|4.54|4.46|4.00|3.67|4.33|4.25|4.50|5.00
ALIDOU OUSSEINA|01:195:363:01|4.18|4.36|4.45|5.00|4.60|4.45|4.36|3.73|4.73|4.64
FLITTERMAN-LEWIS SANDRA|01:195:377:01|4.00|4.20|4.40|4.18|4.64|4.09|4.27|4.45|3.73|4.00|3.25|2.75|3.33|3.75|4.25|4.25
CIKLAMINI MARLENE|01:195:395:01|3.07|3.92|4.00|4.79|4.64|3.29|3.71|3.79|3.36|3.43
BEHRMANN NICOLA|01:195:396:01|4.92|4.62|4.69|4.77|4.46|4.46|4.54|4.00|4.69|4.38|4.50|4.33|4.50|4.50
AVINS CAROL|01:195:396:02|4.92|4.62|4.69|4.77|4.46|4.46|4.54|4.00|4.69|4.38
PORTNOY EDWARD|01:195:397:01|4.58|4.45|4.43|4.60|4.25|4.23|4.15|4.05|4.10|4.20|3.71|3.33|4.33|4.29|3.43|4.43
VANBUSKIRK EMILY|01:195:397:02|4.58|4.45|4.43|4.60|4.25|4.23|4.15|4.05|4.10|4.20
RENNIE NICHOLAS|01:195:398:01|4.86|4.86|4.83|4.86|4.66|4.69|4.62|4.55|4.76|4.68
BOJANOWSKA EDYTA|01:195:398:02|4.86|4.86|4.83|4.86|4.66|4.69|4.62|4.55|4.76|4.68
MARTINEZ SAN-MIGUEL YOLANDA|01:195:480:01|4.89|4.89|5.00|4.89|4.89|5.00|5.00|4.22|4.89|4.89|5.00|3.00|5.00|4.00|4.00
BOJANOWSKA EDYTA|01:195:480:02|4.89|4.89|5.00|4.89|4.89|5.00|5.00|4.22|4.89|4.89
