STEINBERG           LOUIS|01:198:107:00|3.74|3.63|3.33|3.68|3.48|3.08|3.02|2.84|2.95|2.91
BELOWICH            ALAN|01:198:110:00|4.62|4.53|4.19|4.57|4.53|4.16|4.09|2.91|4.37|4.04|4.33|5.00|5.00|5.00|5.00|5.00|5.00|5.00|5.00
CHIRCO              JT|01:198:110:00|4.62|4.53|4.19|4.57|4.53|4.16|4.09|2.91|4.37|4.04
BELOWICH            ALAN|01:198:110:00|4.62|4.53|4.19|4.57|4.53|4.16|4.09|2.91|4.37|4.04
RAJAGOPALAN         SANGEETHA|01:198:110:09|4.62|4.53|4.19|4.57|4.53|4.16|4.09|2.91|4.37|4.04|4.33
RAJAGOPALAN         SANGEETHA|01:198:110:10|4.62|4.53|4.19|4.57|4.53|4.16|4.09|2.91|4.37|4.04
SAIKRISHNAN         KRITHIKA|01:198:110:21|4.62|4.53|4.19|4.57|4.53|4.16|4.09|2.91|4.37|4.04
SAIKRISHNAN         KRITHIKA|01:198:110:22|4.62|4.53|4.19|4.57|4.53|4.16|4.09|2.91|4.37|4.04
BANSAL              SOMIL|01:198:110:24|4.62|4.53|4.19|4.57|4.53|4.16|4.09|2.91|4.37|4.04
BALAKRISHNAN        SUBHASHNI|01:198:110:25|4.62|4.53|4.19|4.57|4.53|4.16|4.09|2.91|4.37|4.04
BALAKRISHNAN        SUBHASHNI|01:198:110:30|4.62|4.53|4.19|4.57|4.53|4.16|4.09|2.91|4.37|4.04
BANSAL              SOMIL|01:198:110:31|4.62|4.53|4.19|4.57|4.53|4.16|4.09|2.91|4.37|4.04
HARI                PRADIP|01:198:111:00|4.57|4.45|4.15|4.52|3.74|3.99|4.16|3.84|4.33|3.86|4.50|4.33|4.33|5.00|4.33|4.33|4.33|4.33|4.33
VENUGOPAL           SESH|01:198:111:00|4.57|4.45|4.15|4.52|3.74|3.99|4.16|3.84|4.33|3.86|4.50|4.33|4.33|5.00|4.33|4.33|4.33|4.33|4.33
VENUGOPAL           SESH|01:198:112:00|4.57|4.39|4.11|4.52|4.40|4.12|4.23|4.47|4.23|4.14
VENUGOPAL           SESH|01:198:112:00|4.57|4.39|4.11|4.52|4.40|4.12|4.23|4.47|4.23|4.14|3.00|3.00|3.00|3.00|3.00|3.00|3.00|3.00|3.00
VZUNBAS             MUSTAFA|01:198:112:13|4.57|4.39|4.11|4.52|4.40|4.12|4.23|4.47|4.23|4.14
STOUT               KRISTIAN|01:198:170:00|4.53|4.47|4.27|4.59|4.58|4.26|4.35|3.49|4.41|4.35|4.84|4.67|4.71|4.67|4.82|4.91|4.88|5.00|5.00
JAIN                POOJA|01:198:170:01|4.53|4.47|4.27|4.59|4.58|4.26|4.35|3.49|4.41|4.35|4.84|4.67|4.71|4.67|4.82|4.91|4.88|5.00|5.00
JAIN                POOJA|01:198:170:02|4.53|4.47|4.27|4.59|4.58|4.26|4.35|3.49|4.41|4.35|4.84|4.67|4.71|4.67|4.82|4.91
PAMARTHI            VINAYKUMAR|01:198:170:03|4.53|4.47|4.27|4.59|4.58|4.26|4.35|3.49|4.41|4.35|4.84|4.67|4.71|4.67|4.82|4.91|4.88
CIRUPATI            S|01:198:170:04|4.53|4.47|4.27|4.59|4.58|4.26|4.35|3.49|4.41|4.35|4.84
CIRUPATI            S|01:198:170:05|4.53|4.47|4.27|4.59|4.58|4.26|4.35|3.49|4.41|4.35
INDUKURI            ROHIT|01:198:170:06|4.53|4.47|4.27|4.59|4.58|4.26|4.35|3.49|4.41|4.35|4.84|4.67|4.71|4.67
INDUKURI            ROHIT|01:198:170:07|4.53|4.47|4.27|4.59|4.58|4.26|4.35|3.49|4.41|4.35|4.84|4.67|4.71|4.67|4.82|4.91|4.88|5.00|5.00
YI                  LUYING|01:198:170:12|4.53|4.47|4.27|4.59|4.58|4.26|4.35|3.49|4.41|4.35
YI                  LUYING|01:198:170:13|4.53|4.47|4.27|4.59|4.58|4.26|4.35|3.49|4.41|4.35|4.84|4.67|4.71|4.67|4.82|4.91|4.88|5.00
PAMARTHI            VINAYKUMAR|01:198:170:15|4.53|4.47|4.27|4.59|4.58|4.26|4.35|3.49|4.41|4.35
KUNCHAKARRA         SRIVATSAV|01:198:170:16|4.53|4.47|4.27|4.59|4.58|4.26|4.35|3.49|4.41|4.35|4.84
KUNCHAKARRA         SRIVATSAV|01:198:170:17|4.53|4.47|4.27|4.59|4.58|4.26|4.35|3.49|4.41|4.35
STOUT               KRISTIAN|01:198:170:18|4.53|4.47|4.27|4.59|4.58|4.26|4.35|3.49|4.41|4.35
LITTMAN             MICHAEL|01:198:195:01|4.92|5.00|4.67|5.00|5.00|4.67|4.33|4.33|4.75|4.67
KIVRANSWAINE        TERENCE|01:198:205:00|3.45|3.35|3.03|3.86|3.15|2.99|3.12|3.35|2.80|2.86|1.00|1.00|1.00|1.00|1.00|1.00|1.00|1.00|1.00
MINSKY              NAFTALY|01:198:205:01|3.45|3.35|3.03|3.86|3.15|2.99|3.12|3.35|2.80|2.86
SZEMEREDI           ENDRE|01:198:206:00|4.07|3.78|3.76|4.20|3.89|3.55|3.43|2.89|3.67|3.35
KUKSA               PAVEL|01:198:206:03|4.07|3.78|3.76|4.20|3.89|3.55|3.43|2.89|3.67|3.35
NGUYEN              T|01:198:211:00|4.43|4.49|4.31|4.78|4.10|4.23|4.58|4.31|4.32|4.17
HARI                PRADIP|01:198:214:00|4.78|4.63|4.54|4.68|4.36|4.49|4.55|4.41|4.63|4.20
STEINBERG           LOUIS|01:198:314:00|4.56|4.54|4.17|4.68|4.40|4.08|4.12|4.00|4.20|4.12|4.75|4.67|4.67|5.00|5.00|5.00|5.00|5.00|5.00
GERASOULIS          APOSTOLOS|01:198:323:01|3.79|3.87|3.87|3.91|3.75|3.54|3.46|2.83|3.63|3.38
BORGIDA             ALEX|01:198:336:01|3.54|3.72|3.38|4.08|3.44|3.10|3.66|3.72|3.28|3.30
KALANTARI           BAHMAN|01:198:344:00|3.86|3.39|2.96|3.63|3.44|3.04|3.16|3.38|3.17|3.19|5.00
KALANTARI           BAHMAN|01:198:344:02|3.86|3.39|2.96|3.63|3.44|3.04|3.16|3.38|3.17|3.19
RUSSELL             BRIAN|01:198:352:00|4.35|4.50|4.60|4.75|4.20|4.35|4.35|4.20|4.53|4.40
KULIKOWSKI          CASIMIR|01:198:405:01|4.50|4.38|4.57|4.63|4.38|4.50|4.25|4.13|4.13|4.13
KREMER              ULRICH|01:198:415:01|4.90|4.70|4.30|4.60|4.40|4.30|4.40|3.44|4.60|4.30
BIANCHINI           RICARDO|01:198:416:00|4.47|4.35|3.82|4.18|3.54|3.90|4.25|3.92|4.18|3.96
BIANCHINI           RICARDO|01:198:416:01|4.47|4.35|3.82|4.18|3.54|3.90|4.25|3.92|4.18|3.96|5.00
GANAPATHY           VINOD|01:198:419:01|4.88|4.82|4.59|4.88|4.24|4.50|4.75|4.35|4.65|4.65
STEIGER             WILLIAM|01:198:443:01|4.91|4.80|4.82|4.90|4.67|4.80|4.60|4.70|4.91|4.80|2.71|3.00|2.29|4.57
