ZHU LI HUI|01:165:101:01|4.81|4.65|4.66|4.81|4.74|4.49|4.76|4.45|4.68|4.61
ZHU LI HUI|01:165:101:02|4.81|4.65|4.66|4.81|4.74|4.49|4.76|4.45|4.68|4.61
JENH YEN FANG|01:165:101:03|4.81|4.65|4.66|4.81|4.74|4.49|4.76|4.45|4.68|4.61
XU YINGCHUN|01:165:101:04|4.81|4.65|4.66|4.81|4.74|4.49|4.76|4.45|4.68|4.61
WU JIQING|01:165:101:70|4.67|4.11|4.11|4.67|4.67|4.22|4.56|3.89|4.22|4.22
WEI XILING|01:165:107:01|4.56|4.33|4.56|4.33|4.67|4.50|4.56|4.67|4.44|4.50
HSIEH YU I|01:165:111:01|4.77|4.80|4.85|4.75|4.67|4.56|4.65|4.39|4.70|4.70|5.00
HSIEH YU I|01:165:111:02|4.77|4.80|4.85|4.75|4.67|4.56|4.65|4.39|4.70|4.70|5.00|5.00
SHEN GLORIA|01:165:121:01|3.94|4.10|3.58|4.23|4.32|3.73|4.16|4.29|3.81|3.93
SHEN GLORIA|01:165:125:01|3.39|3.39|3.61|4.00|3.62|2.83|3.35|3.83|2.95|3.30|4.00|3.00|3.00|3.00|3.00|3.00|3.00|3.00|3.00
NING JING|01:165:201:01|4.90|4.65|4.60|4.82|4.68|4.44|4.57|4.77|4.68|4.59
WU JI QING|01:165:201:02|4.90|4.65|4.60|4.82|4.68|4.44|4.57|4.77|4.68|4.59
SIMMONS RICHARD|01:165:210:01|4.45|4.39|4.21|4.55|4.27|3.64|4.33|3.72|4.09|4.15|4.50|4.00|4.00|4.00
NING XIN|01:165:241:01|4.62|4.54|4.38|4.69|5.00|4.15|4.23|3.46|4.46|4.38|5.00|5.00|5.00|5.00|5.00
TSCHANZ DIETRICH|01:165:264:01|4.60|4.60|4.52|4.52|4.60|4.08|4.32|3.60|4.40|4.36|3.00|3.00|3.00|3.00|3.00|3.00|3.00|3.00|3.00
ZHANG YU|01:165:301:01|4.82|4.78|4.65|4.77|4.61|4.51|4.61|4.83|4.60|4.65
NING JING|01:165:301:02|4.82|4.78|4.65|4.77|4.61|4.51|4.61|4.83|4.60|4.65|5.00|5.00|5.00|5.00|5.00|5.00|5.00|5.00|5.00
SONG WEIJIE|01:165:310:01|4.69|4.63|4.69|4.75|4.75|4.63|4.56|4.13|5.00|4.86
SIMMONS RICHARD|01:165:321:01|4.63|4.44|3.84|4.28|4.06|3.94|4.13|3.61|4.25|3.84
WEI XILING|01:165:361:01|4.62|4.81|4.43|4.76|4.76|4.33|4.43|4.57|4.67|4.52|5.00|5.00|5.00|5.00|5.00|5.00|5.00|5.00|5.00
NING XIN|01:165:412:01|4.66|4.58|4.51|4.51|4.58|4.21|4.42|4.53|4.39|4.39|5.00|5.00|5.00|5.00
SHEN G|01:165:412:01|4.66|4.58|4.51|4.51|4.58|4.21|4.42|4.53|4.39|4.39
TU C|01:165:412:01|4.66|4.58|4.51|4.51|4.58|4.21|4.42|4.53|4.39|4.39|5.00|5.00|5.00|5.00
SONG|01:165:451:01|4.88|4.94|4.69|4.94|4.88|4.69|4.50|4.53|4.75|4.75|5.00|5.00|5.00|5.00|5.00|5.00|5.00|5.00|5.00
