Zamani Amir|01:840:101:01|4.14|3.76|3.57|3.76|3.71|3.19|3.52|3.71|3.38|3.48
BISHOP KATHLEEN|01:840:112:01|3.37|3.39|3.54|3.88|3.65|3.11|3.40|3.69|3.20|3.27|4.67|5.00|5.00|4.50|5.00|5.00|4.00|5.00|5.00
WALLACE|01:840:201:01|4.58|4.42|4.23|4.53|4.36|4.10|4.11|4.02|4.24|4.14
WALLACE|01:840:201:02|4.58|4.42|4.23|4.53|4.36|4.10|4.11|4.02|4.24|4.14
WIGGINS S|01:840:201:03|4.58|4.42|4.23|4.53|4.36|4.10|4.11|4.02|4.24|4.14
KOLBABA T|01:840:202:01|4.80|4.74|4.61|4.76|4.48|4.59|4.63|4.24|4.59|4.58
DARDEN L|01:840:202:02|4.80|4.74|4.61|4.76|4.48|4.59|4.63|4.24|4.59|4.58
WASSERMAN EMMA|01:840:202:03|4.79|4.63|4.58|4.84|4.74|3.89|4.17|4.21|4.37|4.21|5.00|5.00|5.00|5.00|5.00|5.00|5.00
MYLADIL THOMAS|01:840:211:01|4.57|4.45|4.43|4.71|4.50|4.24|4.42|4.10|4.41|4.37
MYLADIL THOMAS|01:840:211:02|4.57|4.45|4.43|4.71|4.50|4.24|4.42|4.10|4.41|4.37|5.00|5.00|5.00
SELOVER THOMAS|01:840:211:03|4.57|4.45|4.43|4.71|4.50|4.24|4.42|4.10|4.41|4.37
PAVLIN JAMES|01:840:212:02|4.78|4.78|4.59|4.81|4.39|4.36|4.59|4.10|4.55|4.54
MCGINLEY DUGAN|01:840:212:03|4.78|4.78|4.59|4.81|4.39|4.36|4.59|4.10|4.55|4.54|5.00
JONES JAMESW|01:840:222:01|4.54|4.38|4.15|4.62|4.50|4.08|3.92|3.15|4.23|4.00
MCGINLEY DUGAN|01:840:317:01|4.83|4.74|4.79|4.83|4.74|4.67|4.74|4.29|4.65|4.56|5.00|5.00|5.00
WILLIAMS JOSEPH|01:840:319:01|4.71|4.86|4.43|4.86|5.00|4.43|5.00|4.00|4.71|4.71
SHERBOW PAUL|01:840:322:01|4.32|4.40|4.50|4.68|4.60|4.11|4.45|4.58|4.53|4.29
PAVLIN J|01:840:325:01|4.64|4.68|4.54|4.61|4.00|4.29|4.57|4.46|4.50|4.52
MOJADDEDI JAWID|01:840:326:01|3.84|3.82|3.70|3.88|4.18|3.33|3.81|4.52|3.61|3.67
ZAMANI|01:840:326:02|4.08|3.85|3.62|3.85|3.33|3.31|4.00|4.54|3.46|3.38
JONES JAMES|01:840:341:01|4.59|4.27|4.23|4.38|3.93|3.90|4.37|4.27|4.13|4.11
JOHNSON JAMES|01:840:346:01|4.42|4.30|3.74|4.10|4.15|3.45|3.95|3.55|3.85|3.79
JOHNSON JAMES|01:840:347:01|4.81|4.76|4.50|4.74|4.50|4.45|4.50|4.15|4.50|4.40
MOJADDEDI JAWID|01:840:356:01|3.79|3.75|3.79|3.83|3.92|3.56|3.84|3.79|3.73|3.80|5.00
BRYANT EDWIN|01:840:357:01|4.76|4.82|4.89|4.85|4.71|4.83|4.82|4.59|4.91|4.94
JIANG TAO|01:840:367:01|5.00|4.93|5.00|4.93|4.86|4.86|4.93|4.21|5.00|4.93
TULL|01:840:368:01|4.30|4.61|4.70|4.78|4.62|4.30|4.65|4.43|4.57|4.48
SELOVER THOMAS|01:840:394:01|4.75|4.50|4.75|5.00|4.75|5.00|5.00|3.50|4.50|4.50
KOLBABA T|01:840:426:01|4.50|4.40|4.20|4.60|3.89|4.30|4.50|4.60|4.40|4.50
BRYANT EDWIN|01:840:427:01|4.64|4.92|4.91|5.00|4.73|4.45|4.92|4.58|4.83|4.58|5.00|5.00
