VANDERBILT D|01:750:106:00|4.62|4.23|4.04|4.29|3.76|3.93|3.91|3.43|4.07|3.93|4.80|4.24|3.83|4.06|4.62|3.68
KEETON C|01:750:109:01|4.85|4.79|4.64|4.82|4.71|4.62|4.48|3.75|4.68|4.46|4.95|4.57|4.35|4.36|4.67|3.88
WILLIAMS T|01:750:110:01|4.61|4.35|4.15|4.35|4.59|3.95|4.08|3.77|4.09|4.05|4.52|3.95|3.96|4.23|4.23|3.54
PIATEK S|01:750:110:02|4.61|4.35|4.15|4.35|4.59|3.95|4.08|3.77|4.09|4.05|4.52|3.95|3.96|4.23|4.23|3.54
BRAHMIA S|01:750:116:00|4.78|4.75|4.72|4.79|4.63|4.65|4.60|4.40|4.62|4.55|4.91|3.72|4.10|3.87|4.71|3.76
MATILSKY TERRY|01:750:120:00|4.67|4.57|4.71|4.71|4.86|4.29|4.57|3.71|4.57|4.29|5.00|5.00|4.71|4.86|5.00|4.17
GILMAN R|01:750:124:00|3.71|3.28|3.28|3.36|3.50|2.94|3.19|3.54|2.87|3.06|4.51|3.78|3.65|3.85|3.91|3.47
GILMAN R|01:750:124:00|3.71|3.28|3.28|3.36|3.50|2.94|3.19|3.54|2.87|3.06|4.51|3.78|3.65|3.85|3.91|3.47
GERSHENSON M|01:750:124:01|4.15|3.99|3.72|3.95|4.11|3.68|3.64|3.56|3.69|3.51|4.13|3.40
CIZEWSKI J|01:750:124:02|4.15|3.99|3.72|3.95|4.11|3.68|3.64|3.56|3.69|3.51|4.13|3.40
CIZEWSKI J|01:750:124:03|4.15|3.99|3.72|3.95|4.11|3.68|3.64|3.56|3.69|3.51|4.13|3.40
CIZEWSKI J|01:750:124:05|4.15|3.99|3.72|3.95|4.11|3.68|3.64|3.56|3.69|3.51|4.13|3.40
KOJIMA H|01:750:124:13|4.15|3.99|3.72|3.95|4.11|3.68|3.64|3.56|3.69|3.51|4.13|3.40
KOJIMA H|01:750:124:14|4.15|3.99|3.72|3.95|4.11|3.68|3.64|3.56|3.69|3.51|4.13|3.40
KOJIMA H|01:750:124:16|4.15|3.99|3.72|3.95|4.11|3.68|3.64|3.56|3.69|3.51|4.13|3.40
LATH A|01:750:140:01|4.31|4.09|4.34|4.11|4.43|3.89|3.88|3.26|4.00|4.09|4.71|3.21|3.69|4.20|3.76|3.51
GENTILE M|01:750:194:00|4.61|4.74|4.52|4.75|4.50|4.42|4.29|3.15|4.40|4.14|4.93|3.73|3.87|4.20|4.04|3.51
GENTILE M|01:750:194:01|4.40|4.27|4.13|4.56|3.96|4.04|3.91|3.02|4.05|3.89|4.89|3.63
TRINH M|01:750:194:03|4.40|4.27|4.13|4.56|3.96|4.04|3.91|3.02|4.05|3.89|4.89|3.63
SEGEN L|01:750:194:04|4.40|4.27|4.13|4.56|3.96|4.04|3.91|3.02|4.05|3.89|4.89|3.63
BRIGGS H|01:750:194:05|4.40|4.27|4.13|4.56|3.96|4.04|3.91|3.02|4.05|3.89|4.89|3.63
PARKER A|01:750:194:06|4.40|4.27|4.13|4.56|3.96|4.04|3.91|3.02|4.05|3.89|4.89|3.63
SEGEN L|01:750:194:07|4.40|4.27|4.13|4.56|3.96|4.04|3.91|3.02|4.05|3.89|4.89|3.63
SIERZEGA D|01:750:194:08|4.40|4.27|4.13|4.56|3.96|4.04|3.91|3.02|4.05|3.89|4.89|3.63
VANNUCCI M|01:750:194:09|4.40|4.27|4.13|4.56|3.96|4.04|3.91|3.02|4.05|3.89|4.89|3.63
GENTILE M|01:750:194:20|4.40|4.38|4.35|4.61|4.38|4.26|4.07|3.23|4.30|4.03|4.92|3.90|3.86|3.59|2.65|3.64|3.55
SIERZEGA D|01:750:194:22|4.40|4.38|4.35|4.61|4.38|4.26|4.07|3.23|4.30|4.03|4.92|3.90|3.86|3.59|2.65|3.64|3.55
VANNUCCI M|01:750:194:23|4.40|4.38|4.35|4.61|4.38|4.26|4.07|3.23|4.30|4.03|4.92|3.90|3.86|3.59|2.65|3.64|3.55
BRIGGS H|01:750:194:24|4.40|4.38|4.35|4.61|4.38|4.26|4.07|3.23|4.30|4.03|4.92|3.90|3.86|3.59|2.65|3.64|3.55
SIU T|01:750:194:26|4.40|4.38|4.35|4.61|4.38|4.26|4.07|3.23|4.30|4.03|4.92|3.90|3.86|3.59|2.65|3.64|3.55
TRINH M|01:750:194:27|4.40|4.38|4.35|4.61|4.38|4.26|4.07|3.23|4.30|4.03|4.92|3.90|3.86|3.59|2.65|3.64|3.55
PARKER A|01:750:194:28|4.40|4.38|4.35|4.61|4.38|4.26|4.07|3.23|4.30|4.03|4.92|3.90|3.86|3.59|2.65|3.64|3.55
PATEL S|01:750:194:29|4.40|4.38|4.35|4.61|4.38|4.26|4.07|3.23|4.30|4.03|4.92|3.90|3.86|3.59|2.65|3.64|3.55
BRAHMIA A|01:750:201:00|4.93|4.88|4.83|4.90|4.70|4.78|4.73|3.65|4.83|4.65|4.80|4.05|4.51|4.57|4.87|4.33
KALE A|NONE|4.69|4.71|4.51|4.79|4.64|4.45|4.48|3.85|4.45|4.48|4.79|4.09
CROFT M|01:750:203:00|3.94|4.14|4.14|4.38|4.36|3.81|3.77|3.34|3.69|3.67|4.78|4.30|4.23|4.38|4.38|3.69
OH S|01:750:203:01|4.25|4.17|3.95|4.28|4.25|3.93|3.96|3.45|3.98|3.93|4.20
OH S|01:750:203:02|4.25|4.17|3.95|4.28|4.25|3.93|3.96|3.45|3.98|3.93|4.20
BARTYNSKI R|01:750:203:03|4.25|4.17|3.95|4.28|4.25|3.93|3.96|3.45|3.98|3.93|4.20
OH S|01:750:203:05|4.25|4.17|3.95|4.28|4.25|3.93|3.96|3.45|3.98|3.93|4.20
OH S|01:750:203:12|4.25|4.17|3.95|4.28|4.25|3.93|3.96|3.45|3.98|3.93|4.20
BRAHMIA A|01:750:204:00|4.90|4.82|4.80|4.84|4.69|4.73|4.69|3.87|4.77|4.63|4.82|4.08|4.40|4.57|4.69|4.02
BRAHMIA A|01:750:204:00|4.90|4.82|4.80|4.84|4.69|4.73|4.69|3.87|4.77|4.63|4.82|4.08|4.40|4.57|4.69|4.02
KIRYUKHIN VALERY|01:750:204:02|4.09|3.91|3.74|4.18|4.25|3.76|3.80|3.55|3.75|3.86|4.16
KIRYUKHIN VALERY|01:750:204:04|4.09|3.91|3.74|4.18|4.25|3.76|3.80|3.55|3.75|3.86|4.16
KIRYUKHIN VALERY|01:750:204:06|4.09|3.91|3.74|4.18|4.25|3.76|3.80|3.55|3.75|3.86|4.16
KIRYUKHIN VALERY|01:750:204:08|4.09|3.91|3.74|4.18|4.25|3.76|3.80|3.55|3.75|3.86|4.16
GULIANI A|01:750:205:01|4.45|4.44|4.22|4.57|4.40|4.26|4.13|3.47|4.22|4.14|4.06|4.28|4.23|4.01|2.43|3.16|3.52
GULIANI A|01:750:205:02|4.45|4.44|4.22|4.57|4.40|4.26|4.13|3.47|4.22|4.14|4.06|4.28|4.23|4.01|2.43|3.16|3.52
REVO A|01:750:205:03|4.45|4.44|4.22|4.57|4.40|4.26|4.13|3.47|4.22|4.14|4.06|4.28|4.23|4.01|2.43|3.16|3.52
KALE A|01:750:205:04|4.45|4.44|4.22|4.57|4.40|4.26|4.13|3.47|4.22|4.14|4.06|4.28|4.23|4.01|2.43|3.16|3.52
GULIANI A|01:750:205:05|4.45|4.44|4.22|4.57|4.40|4.26|4.13|3.47|4.22|4.14|4.06|4.28|4.23|4.01|2.43|3.16|3.52
KALE A|01:750:205:06|4.45|4.44|4.22|4.57|4.40|4.26|4.13|3.47|4.22|4.14|4.06|4.28|4.23|4.01|2.43|3.16|3.52
KALE A|01:750:205:07|4.45|4.44|4.22|4.57|4.40|4.26|4.13|3.47|4.22|4.14|4.06|4.28|4.23|4.01|2.43|3.16|3.52
REYES S|01:750:205:08|4.45|4.44|4.22|4.57|4.40|4.26|4.13|3.47|4.22|4.14|4.06|4.28|4.23|4.01|2.43|3.16|3.52
REYES S|01:750:205:09|4.45|4.44|4.22|4.57|4.40|4.26|4.13|3.47|4.22|4.14|4.06|4.28|4.23|4.01|2.43|3.16|3.52
DAI W|01:750:205:10|4.45|4.44|4.22|4.57|4.40|4.26|4.13|3.47|4.22|4.14|4.06|4.28|4.23|4.01|2.43|3.16|3.52
DAI W|01:750:205:13|4.45|4.44|4.22|4.57|4.40|4.26|4.13|3.47|4.22|4.14|4.06|4.28|4.23|4.01|2.43|3.16|3.52
RADHAKRISHNAN R|01:750:206:01|4.46|4.48|4.14|4.55|4.45|4.21|3.98|3.61|4.15|4.00|3.94|3.99|3.97|3.65|2.43|3.16|3.58
GULIANI A|01:750:206:05|4.46|4.48|4.14|4.55|4.45|4.21|3.98|3.61|4.15|4.00|3.94|3.99|3.97|3.65|2.43|3.16|3.58
RADHAKRISHNAN R|01:750:206:08|4.46|4.48|4.14|4.55|4.45|4.21|3.98|3.61|4.15|4.00|3.94|3.99|3.97|3.65|2.43|3.16|3.58
MULTANI A|01:750:206:10|4.46|4.48|4.14|4.55|4.45|4.21|3.98|3.61|4.15|4.00|3.94|3.99|3.97|3.65|2.43|3.16|3.58
MULTANI A|01:750:206:13|4.46|4.48|4.14|4.55|4.45|4.21|3.98|3.61|4.15|4.00|3.94|3.99|3.97|3.65|2.43|3.16|3.58
ALBA G|01:750:206:18|4.46|4.48|4.14|4.55|4.45|4.21|3.98|3.61|4.15|4.00|3.94|3.99|3.97|3.65|2.43|3.16|3.58
RABE K|01:750:228:00|4.18|4.02|3.74|4.34|4.23|3.65|3.88|3.88|3.65|3.84|4.62|4.19|4.16|3.74|3.92|3.74
RABE K|01:750:228:00|4.18|4.02|3.74|4.34|4.23|3.65|3.88|3.88|3.65|3.84|4.62|4.19|4.16|3.74|3.92|3.74
COLEMAN P|01:750:228:02|4.49|4.57|4.33|4.59|4.60|4.25|4.30|3.89|4.32|4.17|4.84
MULTANI A|01:750:230:18|3.78|3.78|3.35|3.93|4.10|3.42|3.28|3.46|3.46|3.32|3.65|3.39|3.57|3.30|2.46|3.10|2.93
KALELKAR M|01:750:272:00|4.96|4.74|4.65|4.84|4.72|4.56|4.49|4.13|4.70|4.54|4.74|3.88|4.33|3.61|4.68|3.68
KOLLER N|01:750:276:01|3.71|3.84|3.62|4.36|4.20|3.71|3.36|3.49|3.69|3.49|3.84|3.44|3.93|2.87|2.53|3.33|3.29
KOLLER N|01:750:276:02|3.71|3.84|3.62|4.36|4.20|3.71|3.36|3.49|3.69|3.49|3.84|3.44|3.93|2.87|2.53|3.33|3.29
ZIMMERMANN F|01:750:301:01|4.88|4.88|4.63|4.88|4.63|4.25|4.50|4.38|4.25|4.38|4.88|2.50|4.75|4.25|3.75
MEKJIAN A|01:750:324:00|3.72|3.81|3.58|3.78|4.12|3.95|3.52|3.77|3.83|3.52|4.35|3.04|3.23|3.42|3.00|3.68
PODZOROV V|01:750:327:00|4.73|4.47|4.13|4.60|4.53|4.10|4.07|3.97|4.27|3.93|4.80|3.50|3.64|3.83|3.94|3.57
PODZOROV V|01:750:327:03|4.13|4.19|3.91|4.59|4.16|3.94|4.06|3.66|4.13|3.72|4.19|3.47|2.69|2.47|3.06|3.78|3.38
JHA S|01:750:342:01|4.88|4.88|4.65|4.88|4.65|4.38|4.65|4.62|4.56|4.48|4.97|3.77|4.68|4.73|3.91
PRYOR C|01:750:343:01|4.50|4.80|4.60|4.90|4.50|4.30|5.00|4.40|4.70|4.80|5.00|3.00|4.88|4.25|3.90
PRYOR C|01:750:343:01|4.50|4.80|4.60|4.90|4.50|4.30|5.00|4.40|4.70|4.80|5.00|4.88|4.25|3.90
WU W|01:750:351:01|4.31|3.77|3.38|4.06|4.19|3.25|3.84|4.06|3.25|3.44|2.88|3.66|3.72|4.31|4.00
LATH A|01:750:382:01|4.25|4.25|4.75|4.50|4.90|4.65|4.63|4.35|4.45|4.45|4.95|4.65|4.65|4.70|3.63
YUZBASHYAN E|01:750:386:01|4.26|4.05|3.68|4.16|4.21|3.74|4.00|4.11|3.84|3.53|4.42|4.16|4.00|4.18|3.22
ANDREI E|01:750:389:01|3.63|3.42|2.83|3.33|4.23|3.50|3.38|3.54|3.09|3.08|4.77|3.83|2.85|2.85|3.31|3.85|2.92
CHANDRA P|01:750:397:01|4.54|4.33|4.00|4.58|4.46|3.63|3.79|4.46|3.88|3.88|4.83|3.38|4.04|4.27|3.42
BLUMBERG G|01:750:406:01|3.50|3.33|3.67|3.50|3.40|3.33|3.83|4.33|3.33|3.50|4.17|3.17|2.80|2.17|3.83
GERSHTEIN Y|01:750:418:01|2.50|3.08|2.83|3.83|3.67|3.00|2.75|4.33|2.58|2.50|4.67|2.25|3.08|3.75|3.83
HUGHES JOHN|01:750:441:01|4.63|4.25|4.38|4.25|4.13|4.13|4.75|4.25|4.50|4.13|4.75|3.50|4.13|3.38|4.50
SENGUPTA A|01:750:488:01|4.75|4.75|4.75|4.75|4.75|4.50|4.75|4.00|4.75|4.75|4.75|4.33|4.50|4.50|4.75
BHANOT G|01:750:488:01|4.75|4.75|4.75|4.75|4.75|4.50|4.75|4.00|4.75|4.75|4.75|4.33|4.50|4.50|4.75
