SZEJNER ROBERT|01:202:201:01|4.54|4.50|4.38|4.57|4.55|4.10|4.26|4.19|4.36|4.43|5.00|5.00|4.00|5.00
PAITAKES JOHN|01:202:201:02|4.54|4.50|4.38|4.57|4.55|4.10|4.26|4.19|4.36|4.43|5.00|5.00|4.00|5.00|5.00|5.00|5.00|5.00|5.00
LOSACCO FRANK|01:202:201:03|4.54|4.50|4.38|4.57|4.55|4.10|4.26|4.19|4.36|4.43
KOHL JAMES|01:202:202:01|4.43|4.45|4.38|4.34|4.08|3.93|4.03|3.92|4.05|4.05|5.00|5.00|5.00|5.00|5.00
SZEJNER ROBERT|01:202:203:01|4.65|4.58|4.45|4.52|4.34|4.17|4.37|4.23|4.29|4.25|5.00
ZGOBA KRISTEN|01:202:203:02|4.65|4.58|4.45|4.52|4.34|4.17|4.37|4.23|4.29|4.25|5.00
REISNER RONALD|01:202:205:01|4.73|4.80|4.79|4.68|4.68|4.61|4.68|4.27|4.76|4.68
HINDS LENNOX|01:202:309:01|4.83|4.83|4.88|4.78|4.61|4.67|4.83|4.61|4.78|4.78
MCCANN ELLEN|01:202:310:01|4.68|4.82|4.71|4.85|4.76|4.69|4.64|4.33|4.76|4.71|5.00|5.00|5.00|5.00|5.00
HINDS LENNOX|01:202:311:01|4.83|4.61|4.48|4.74|4.70|4.45|4.52|3.45|4.70|4.45|5.00
SHERIDAN MATTHEW|01:202:322:01|4.71|4.76|4.64|4.71|4.71|4.50|4.48|4.36|4.63|4.55|5.00|5.00|5.00|5.00|5.00
DESIRE MARK|01:202:327:01|4.68|4.51|4.54|4.55|4.63|4.51|4.57|4.46|4.73|4.74|5.00
ZGOBA KRISTEN|01:202:327:80|4.68|4.51|4.54|4.55|4.63|4.51|4.57|4.46|4.73|4.74
DESIRE MARK|01:202:405:01|4.75|4.71|4.84|4.76|4.66|4.56|4.69|4.42|4.70|4.67|5.00|5.00|5.00
KRIVO LAUREN|01:202:496:01|4.83|4.85|4.80|4.84|4.78|4.51|4.69|4.31|4.65|4.71
SZEJNER ROBERT|01:202:496:02|4.83|4.85|4.80|4.84|4.78|4.51|4.69|4.31|4.65|4.71
CARR PATRICK|01:202:496:03|4.83|4.85|4.80|4.84|4.78|4.51|4.69|4.31|4.65|4.71
MCCANN ELLEN|01:202:496:80|4.83|4.85|4.80|4.84|4.78|4.51|4.69|4.31|4.65|4.71
