KAPLOWITZ           SUSAN|01:377:140:00|4.59|4.58|4.59|4.50|4.38|4.42|4.32|4.45|4.42|4.38|4.00
KAPLOWITZ           SUSAN|01:377:140:02|4.59|4.58|4.59|4.50|4.38|4.42|4.32|4.45|4.42|4.38
HUNT                JOANNE|01:377:140:03|4.59|4.58|4.59|4.50|4.38|4.42|4.32|4.45|4.42|4.38
HUNT                JOANNE|01:377:140:04|4.59|4.58|4.59|4.50|4.38|4.42|4.32|4.45|4.42|4.38
DIFABIO             DAVID|01:377:170:01|4.85|4.85|4.78|4.81|4.74|4.81|4.78|4.67|4.74|4.74
GLADIS              KATHLEEN|01:377:180:01|4.87|4.94|4.87|4.94|4.88|4.80|4.74|4.50|4.77|4.83
GLADIS              KATHLEEN|01:377:191:01|4.82|4.77|4.78|4.82|4.72|4.74|4.64|4.37|4.80|4.72|5.00|5.00|5.00|5.00
GLADIS              KATHLEEN|01:377:191:02|4.82|4.77|4.78|4.82|4.72|4.74|4.64|4.37|4.80|4.72|5.00
LENTINE             MAT|01:377:213:00|4.77|4.84|4.64|4.84|4.78|4.58|4.78|4.70|4.66|4.71|5.00|5.00|5.00
DIVINE              ADAM|01:377:213:01|4.77|4.84|4.64|4.84|4.78|4.58|4.78|4.70|4.66|4.71
DIVINE              ADAM|01:377:213:02|4.77|4.84|4.64|4.84|4.78|4.58|4.78|4.70|4.66|4.71
LENTINE             MATHIEU|01:377:213:03|4.77|4.84|4.64|4.84|4.78|4.58|4.78|4.70|4.66|4.71
LENTINE             MATHIEU|01:377:213:04|4.77|4.84|4.64|4.84|4.78|4.58|4.78|4.70|4.66|4.71
HERBSTRITT          JENNIFER|01:377:213:05|4.77|4.84|4.64|4.84|4.78|4.58|4.78|4.70|4.66|4.71
DIVINE              ADAM|01:377:213:06|4.77|4.84|4.64|4.84|4.78|4.58|4.78|4.70|4.66|4.71
DIVINE              ADAM|01:377:213:07|4.77|4.84|4.64|4.84|4.78|4.58|4.78|4.70|4.66|4.71
LENTINE             MATHIEU|01:377:213:08|4.77|4.84|4.64|4.84|4.78|4.58|4.78|4.70|4.66|4.71
JAOUHARI            CYNTHIA|01:377:225:01|4.92|4.92|4.96|4.96|4.80|4.88|4.80|4.12|4.84|4.88
AMAYA- FERNANDEZ Elizabeth|01:377:252:01|4.12|4.24|4.32|4.40|4.16|4.00|3.84|4.04|3.96|3.79
LAWRENCE            SHEILA|01:377:275:01|4.50|4.50|3.44|4.53|4.31|3.75|3.63|2.78|4.00|3.81|4.00
DOEMLAND            JULIA|01:377:301:01|4.61|4.56|4.58|4.63|4.36|4.54|4.63|3.93|4.56|4.54|5.00|5.00|5.00|5.00|5.00|5.00
DANDREA             CHRISTOPHE|01:377:303:01|4.56|4.57|4.36|4.79|4.64|4.26|4.26|4.36|4.43|4.24
KAPLOWITZ           SUSAN|01:377:304:01|4.23|4.20|3.92|4.08|3.77|3.80|3.96|3.69|3.85|3.69
DOEMLAND            JULIA|01:377:305:01|4.58|4.33|4.33|4.28|4.35|4.23|4.28|3.98|4.33|4.33
DOEMLAND            JULIA|01:377:305:02|4.58|4.33|4.33|4.28|4.35|4.23|4.28|3.98|4.33|4.33|5.00
COLLINCINI          GERALD|01:377:306:01|4.27|4.36|4.09|4.38|4.41|3.82|4.09|3.32|4.05|3.81
KAPLOWITZ           SUSAN|01:377:310:01|3.88|3.69|3.45|3.80|3.67|3.30|3.60|3.70|3.30|3.25|2.00
KAPLOWITZ           SUSAN|01:377:310:02|3.88|3.69|3.45|3.80|3.67|3.30|3.60|3.70|3.30|3.25
FINKELSTEIN         MYRON|01:377:311:01|4.73|4.87|4.73|4.90|4.83|4.57|4.61|4.38|4.72|4.77
SHARKEY             LINDA|01:377:312:01|4.95|4.81|4.29|4.81|4.60|4.24|4.19|3.81|4.62|4.52
ROSENWASSER         MARIAN|01:377:317:01|4.98|5.00|4.90|5.00|4.96|4.92|4.78|4.43|4.94|4.94
ROSENWASSER         MARIAN|01:377:317:02|4.98|5.00|4.90|5.00|4.96|4.92|4.78|4.43|4.94|4.94|5.00|5.00
DOUGHERTY           NEIL|01:377:320:01|4.81|4.54|4.20|4.37|4.20|4.12|4.19|3.47|4.33|4.18
DOUGHERTY           NEIL|01:377:320:02|4.81|4.54|4.20|4.37|4.20|4.12|4.19|3.47|4.33|4.18
DOUGHERTY           NEIL|01:377:323:01|4.67|4.30|4.29|4.02|3.70|3.96|4.21|3.55|4.05|4.14
DOUGHERTY           NEIL|01:377:323:02|4.67|4.30|4.29|4.02|3.70|3.96|4.21|3.55|4.05|4.14
SHARKEY             LINDA|01:377:324:01|4.57|4.68|4.60|4.55|4.59|4.38|4.35|3.83|4.47|4.36
SHARKEY             LINDA|01:377:324:02|4.57|4.68|4.60|4.55|4.59|4.38|4.35|3.83|4.47|4.36
SHARKEY             LINDA|01:377:327:01|3.33|5.00|4.67|4.67|3.00|3.75|4.50|4.50|4.25|4.50
ROSENWASSER         MARIAN|01:377:331:01|4.98|5.00|4.88|4.98|4.98|4.85|4.79|4.24|4.94|4.85
ROSENWASSER         MARIAN|01:377:331:02|4.98|5.00|4.88|4.98|4.98|4.85|4.79|4.24|4.94|4.85
LENTINE             MATHIEU|01:377:343:01|5.00|5.00|5.00|5.00|5.00|5.00|5.00|5.00|5.00|5.00
JAOUHARI            CYNTHIA|01:377:346:01|4.42|4.58|4.58|4.83|4.25|4.42|4.73|4.83|4.50|4.58
MANFREDONIA         EMIL|01:377:350:01|4.79|4.88|4.42|4.79|4.88|4.50|4.79|4.63|4.61|4.61
ARENT               SHAWN|01:377:370:01|4.92|4.82|4.88|4.88|4.82|4.81|4.83|4.68|4.83|4.82|5.00|5.00
GOLEM               DEVON|01:377:371:01|4.52|4.57|4.61|4.67|4.18|4.48|4.67|4.59|4.49|4.51
GOLEM               DEVON|01:377:371:02|4.52|4.57|4.61|4.67|4.18|4.48|4.67|4.59|4.49|4.51
GOLEM               DEVON|01:377:371:04|4.52|4.57|4.61|4.67|4.18|4.48|4.67|4.59|4.49|4.51
JAOUHARI            CYNTHIA|01:377:371:05|4.52|4.57|4.61|4.67|4.18|4.48|4.67|4.59|4.49|4.51
RAJAEI              JHINOOJ|01:377:371:06|4.52|4.57|4.61|4.67|4.18|4.48|4.67|4.59|4.49|4.51
FINKELSTEIN         MYRON|01:377:406:02|4.62|4.63|4.42|4.72|4.76|4.18|4.18|3.69|4.38|4.29|5.00
COLLINCINI          GERALD|01:377:406:03|4.62|4.63|4.42|4.72|4.76|4.18|4.18|3.69|4.38|4.29|5.00
FINKELSTEIN         MYRON|01:377:412:01|4.86|5.00|5.00|5.00|5.00|5.00|4.86|5.00|5.00|5.00
ALDERMAN            BRANDON|01:377:480:01|4.64|4.91|5.00|4.91|4.73|4.91|4.64|4.45|4.90|4.90
SADLEY              CAROL|01:377:496:01|4.79|4.79|4.74|4.79|4.79|4.63|4.74|4.26|4.95|4.89
