WILLIAMS Carolyn|01:350:219:00|4.73|4.67|4.48|4.80|4.54|4.45|4.26|3.97|4.48|4.31|4.47|3.55|4.08|4.06|3.78|4.36
COIRO               ANN|01:350:219:24|4.73|4.70|4.43|4.75|4.51|4.38|4.30|3.68|4.41|4.31|4.47|3.11|3.76|3.93|3.90|4.28
KUSCH               ROBERT|01:350:219:25|4.73|4.70|4.43|4.75|4.51|4.38|4.30|3.68|4.41|4.31|4.47|3.11|3.76|3.93|3.90|4.28|4.50
MCCLURE             JOHN|01:350:220:00|4.66|4.53|4.35|4.65|4.29|4.18|4.11|3.93|4.27|4.14|4.20|3.18|3.55|3.98|4.00|3.96|4.38
KURNICK             DAVID|01:350:220:00|4.66|4.53|4.35|4.65|4.29|4.18|4.11|3.93|4.27|4.14|4.20|3.18|3.55|3.98|4.00|3.96|4.38
PAUSTIAN            MEGAN|01:350:220:02|4.66|4.53|4.35|4.65|4.29|4.18|4.11|3.93|4.27|4.14|4.20|3.18|3.55|3.98|3.96|4.38
PAUSTIAN            MEGAN|01:350:220:04|4.66|4.53|4.35|4.65|4.29|4.18|4.11|3.93|4.27|4.14|4.20|3.18|3.55|3.98|3.96|4.38
FULTON Thomas|01:350:221:01|4.38|4.44|4.54|4.71|4.45|4.16|4.05|4.07|4.31|4.17|4.41|2.86|4.03|3.96|3.78|4.24
EVANS               BRAD|01:350:228:01|4.34|4.33|3.95|4.49|4.12|3.73|3.80|3.70|4.04|3.91|4.29|3.12|3.69|3.66|3.33|3.90|4.23|5.00|5.00
ALAO                FOLASHADE|01:350:251:01|4.61|4.59|4.58|4.62|4.54|4.28|4.37|3.41|4.39|4.30|4.57|3.26|3.59|3.89|3.77|4.26
THORSSON            COURTNEY|01:350:251:02|4.61|4.59|4.58|4.62|4.54|4.28|4.37|3.41|4.39|4.30|4.57|3.26|3.59|3.89|3.77|4.26
SCANLON             LAWRENCE|01:350:302:01|4.19|4.45|4.24|4.38|4.56|4.28|4.21|3.07|4.29|3.93|3.96|2.71|3.58|3.43|5.00|3.43|4.22
FESTA Lynn|01:350:306:01|4.52|4.71|4.57|4.70|4.52|4.38|4.48|3.67|4.65|4.43|4.71|4.07|4.08|4.14|4.10|4.45
GALPERIN            WILLIAM|01:350:308:01|4.38|4.50|4.43|4.38|4.45|3.95|3.95|3.32|4.39|4.05|3.05|2.45|3.11|3.55|4.00|3.27|4.32|4.50
SIEGEL Jonah|01:350:310:01|4.63|4.30|4.00|4.33|4.33|3.77|4.20|4.03|4.07|4.17|4.27|3.43|3.75|4.03|4.40|4.73
LEVAO Ron|01:350:323:01|4.91|4.64|4.84|4.84|4.52|4.55|4.68|4.26|4.71|4.65|4.23|3.26|4.20|4.13|3.99|4.43
BUCKLEY Matthew|01:350:344:01|4.74|4.96|4.83|4.91|4.91|4.78|4.52|3.57|4.87|4.70|4.77|3.88|4.42|4.09|3.96|4.35
IAN                 MARCIA|01:350:355:01|4.10|3.46|3.21|3.62|3.52|2.79|3.04|3.57|3.17|3.15|3.76|2.43|3.09|3.72|3.67|3.59|4.30|3.75|3.00
VESTERMAN           WILLIAM|01:350:356:01|4.17|3.33|3.86|3.10|3.30|3.03|3.20|4.38|3.27|3.41|3.97|2.92|3.43|3.89|4.13|4.54|4.00
KERNAN              RYAN|01:350:363:01|4.53|4.69|4.47|4.75|4.75|4.35|4.06|3.60|4.19|4.18|4.79|4.12|4.53|3.65|3.82|4.24
WALL CHERYL|01:350:364:01|4.61|4.63|4.61|4.67|4.52|4.43|4.41|3.91|4.76|4.73|4.56|3.29|3.64|4.07|3.83|4.24|3.00
WONG Edlie|01:350:367:01|4.66|4.72|4.66|4.79|4.72|4.59|4.55|3.62|4.55|4.52|4.69|3.58|3.90|4.14|4.14|4.41
ROBOLIN             STEPHANE|01:350:372:01|5.00|5.00|4.91|5.00|4.82|4.82|5.00|4.09|4.91|4.90|4.80|4.50|5.00|3.80|4.22|4.10|5.00
ROBOLIN             STEPHANE|01:350:376:03|4.88|4.88|4.75|4.88|4.75|4.75|4.63|3.00|4.75|4.63|4.75|4.00|4.44|4.38|4.13|4.13
KERNAN              RYAN|01:350:378:01|4.60|4.72|4.12|4.80|4.96|4.28|4.04|3.24|4.32|4.12|4.83|4.27|4.74|4.13|5.00|3.77|4.19|5.00
Coiro A|01:350:381:01|4.56|4.44|4.59|4.70|3.81|4.19|4.19|3.33|4.37|4.26
FULTON Thomas|01:350:390:01|4.56|4.81|4.75|4.94|4.81|4.38|4.50|3.69|4.56|4.38|4.81|2.92|3.75|3.94|4.20|4.38
ROSENFELD           COLLEN|01:350:390:02|4.58|4.42|4.17|4.33|3.91|3.75|3.50|2.83|3.92|3.82|4.27|3.45|4.00|3.73|3.73|4.18
KRAMNICK JONATHAN|01:350:391:01|4.47|4.55|4.55|4.64|4.67|4.45|4.48|4.00|4.42|4.31|3.42|2.86|3.43|4.03|5.00|3.90|4.16|3.50
GALPERIN            WILLIAM|01:350:392:01|4.79|4.65|4.87|4.72|4.64|4.72|4.80|4.42|4.81|4.78|4.54|3.88|4.45|4.25|4.00|4.56|4.54
JACKSON             GREGORY|01:350:392:02|4.79|4.65|4.87|4.72|4.64|4.72|4.80|4.42|4.81|4.78|4.54|3.88|4.45|4.25|4.00|4.56|4.54|5.00|5.00
PERERA              SONALI|01:350:393:01|4.60|4.71|4.63|4.77|4.80|4.32|4.32|3.65|4.63|4.42|4.78|2.77|3.42|4.16|5.00|3.89|4.36|3.00
KLEIN               STACY|01:350:412:01|4.53|4.71|4.71|4.73|4.64|4.40|4.57|3.57|4.62|4.54|3.92|3.31|3.25|3.93|3.93|3.93
SCANLON             LAWRENCE|01:350:415:01|3.62|4.33|4.50|4.63|4.33|4.00|4.37|4.26|4.21|4.30|4.00|2.95|3.19|3.83|3.63|4.05
LEVAO Ron|01:350:427:01|5.00|4.85|4.92|4.92|4.88|4.92|4.85|4.62|4.88|4.92|4.77|4.00|4.43|4.36|4.40|4.38
BARTELS Emily|01:350:427:02|5.00|4.85|4.92|4.92|4.88|4.92|4.85|4.62|4.88|4.92|4.77|4.00|4.43|4.36|4.40|4.38
MCKEON              MICHAEL|01:350:435:01|4.80|4.84|4.35|4.69|4.71|4.35|4.50|3.76|4.56|4.40|4.77|3.64|4.25|4.44|4.13|4.36
KRAMNICK JONATHAN|01:350:435:02|4.80|4.84|4.35|4.69|4.71|4.35|4.50|3.76|4.56|4.40|4.77|3.64|4.25|4.44|5.00|4.13|4.36
QUALLS Barrie|01:350:436:01|4.79|4.95|4.89|4.95|4.68|4.68|4.74|4.84|4.84|4.74|4.84|4.89|4.95|4.47|4.26|4.53
EVANS               BRAD|01:350:436:02|4.83|4.83|4.58|5.00|4.83|4.67|4.92|4.00|4.83|4.75|4.92|3.92|4.58|4.75|4.10|4.90
VESTERMAN           WILLIAM|01:350:437:01|4.58|4.83|4.92|4.83|4.83|4.67|4.83|4.36|4.83|4.83|4.80|3.67|4.00|4.90|4.70|4.50
WONG Edlie|01:350:446:01|5.00|4.93|4.80|5.00|4.93|4.93|4.73|3.87|4.80|4.87|4.93|3.89|4.67|4.47|4.60|4.67
IAN                 MARCIA|01:350:446:02|4.92|4.85|4.85|4.77|4.69|4.54|4.69|3.77|4.77|4.77|4.92|3.73|3.67|4.46|4.00|4.55
SHOCKLEY EVIE|01:350:446:03|4.92|4.85|4.85|4.77|4.69|4.54|4.69|3.77|4.77|4.77|4.92|3.73|3.67|4.46|5.00|4.00|4.55
