PRYOR C|01:750:109:01|4.01|4.09|3.78|4.13|4.30|3.60|3.59|3.37|3.61|3.65|4.29|3.93|3.86|3.75|4.24|3.44
PIATEK S|01:750:109:02|4.01|4.09|3.78|4.13|4.30|3.60|3.59|3.37|3.61|3.65|4.29|3.93|3.86|3.75|4.24|3.44
GAWISER E|01:750:110:01|4.94|4.90|4.73|4.81|4.68|4.60|4.50|4.05|4.70|4.60|4.97|4.65|4.46|4.58|4.82|3.70
BRAHMIA S|01:750:115:00|4.59|4.54|4.56|4.55|4.26|4.43|4.27|3.99|4.45|4.39|4.87|3.72|3.98|3.74|4.57|3.75
BRAHMIA S|01:750:115:00|4.59|4.54|4.56|4.55|4.26|4.43|4.27|3.99|4.45|4.39|4.87|3.72|3.98|3.74|4.57|3.75
BRAHMIA S|01:750:115:00|4.59|4.54|4.56|4.55|4.26|4.43|4.27|3.99|4.45|4.39|4.87|3.72|3.98|3.74|4.57|3.75
BRAHMIA S|01:750:115:00|4.59|4.54|4.56|4.55|4.26|4.43|4.27|3.99|4.45|4.39|4.87|3.72|3.98|3.74|4.57|3.75
BRAHMIA S|01:750:115:00|4.59|4.54|4.56|4.55|4.26|4.43|4.27|3.99|4.45|4.39|4.87|3.72|3.98|3.74|4.57|3.75
BRAHMIA S|01:750:115:00|4.59|4.54|4.56|4.55|4.26|4.43|4.27|3.99|4.45|4.39|4.87|3.72|3.98|3.74|4.57|3.75
BRAHMIA S|01:750:115:00|4.59|4.54|4.56|4.55|4.26|4.43|4.27|3.99|4.45|4.39|4.87|3.72|3.98|3.74|4.57|3.75
BRAHMIA S|01:750:115:00|4.59|4.54|4.56|4.55|4.26|4.43|4.27|3.99|4.45|4.39|4.87|3.72|3.98|3.74|4.57|3.75
BARTYNSKI R|01:750:123:00|4.66|4.34|4.62|4.59|4.41|4.38|3.97|3.95|4.32|4.15|4.88|3.77|4.13|3.99|4.66|3.81
BARTYNSKI R|01:750:123:00|4.66|4.34|4.62|4.59|4.41|4.38|3.97|3.95|4.32|4.15|4.88|3.77|4.13|3.99|4.66|3.81
BARTYNSKI R|01:750:123:00|4.66|4.34|4.62|4.59|4.41|4.38|3.97|3.95|4.32|4.15|4.88|3.77|4.13|3.99|4.66|3.81
BARTYNSKI R|01:750:123:00|4.66|4.34|4.62|4.59|4.41|4.38|3.97|3.95|4.32|4.15|4.88|3.77|4.13|3.99|4.66|3.81
BARTYNSKI R|01:750:123:00|4.66|4.34|4.62|4.59|4.41|4.38|3.97|3.95|4.32|4.15|4.88|3.77|4.13|3.99|4.66|3.81
BARTYNSKI R|01:750:123:00|4.66|4.34|4.62|4.59|4.41|4.38|3.97|3.95|4.32|4.15|4.88|3.77|4.13|3.99|4.66|3.81
BARTYNSKI R|01:750:123:00|4.66|4.34|4.62|4.59|4.41|4.38|3.97|3.95|4.32|4.15|4.88|3.77|4.13|3.99|4.66|3.81
BARTYNSKI R|01:750:123:00|4.66|4.34|4.62|4.59|4.41|4.38|3.97|3.95|4.32|4.15|4.88|3.77|4.13|3.99|4.66|3.81
BARTYNSKI R|01:750:123:00|4.66|4.34|4.62|4.59|4.41|4.38|3.97|3.95|4.32|4.15|4.88|3.77|4.13|3.99|4.66|3.81
BARTYNSKI R|01:750:123:00|4.66|4.34|4.62|4.59|4.41|4.38|3.97|3.95|4.32|4.15|4.88|3.77|4.13|3.99|4.66|3.81
BARTYNSKI R|01:750:123:00|4.66|4.34|4.62|4.59|4.41|4.38|3.97|3.95|4.32|4.15|4.88|3.77|4.13|3.99|4.66|3.81
BARTYNSKI R|01:750:123:00|4.66|4.34|4.62|4.59|4.41|4.38|3.97|3.95|4.32|4.15|4.88|3.77|4.13|3.99|4.66|3.81
BARTYNSKI R|01:750:123:00|4.66|4.34|4.62|4.59|4.41|4.38|3.97|3.95|4.32|4.15|4.88|3.77|4.13|3.99|4.66|3.81
BARTYNSKI R|01:750:123:00|4.66|4.34|4.62|4.59|4.41|4.38|3.97|3.95|4.32|4.15|4.88|3.77|4.13|3.99|4.66|3.81
BARTYNSKI R|01:750:123:00|4.66|4.34|4.62|4.59|4.41|4.38|3.97|3.95|4.32|4.15|4.88|3.77|4.13|3.99|4.66|3.81
BARTYNSKI R|01:750:123:00|4.66|4.34|4.62|4.59|4.41|4.38|3.97|3.95|4.32|4.15|4.88|3.77|4.13|3.99|4.66|3.81
BARTYNSKI R|01:750:123:00|4.66|4.34|4.62|4.59|4.41|4.38|3.97|3.95|4.32|4.15|4.88|3.77|4.13|3.99|4.66|3.81
BARTYNSKI R|01:750:123:00|4.66|4.34|4.62|4.59|4.41|4.38|3.97|3.95|4.32|4.15|4.88|3.77|4.13|3.99|4.66|3.81
BARTYNSKI R|01:750:123:00|4.66|4.34|4.62|4.59|4.41|4.38|3.97|3.95|4.32|4.15|4.88|3.77|4.13|3.99|4.66|3.81
BARTYNSKI R|01:750:123:00|4.66|4.34|4.62|4.59|4.41|4.38|3.97|3.95|4.32|4.15|4.88|3.77|4.13|3.99|4.66|3.81
BARTYNSKI R|01:750:123:00|4.66|4.34|4.62|4.59|4.41|4.38|3.97|3.95|4.32|4.15|4.88|3.77|4.13|3.99|4.66|3.81
TAHERINEJAD M|01:750:123:03|3.91|3.86|3.83|4.04|4.28|3.70|3.46|3.74|3.73|3.80|4.39|3.72
TAHERINEJAD M|01:750:123:04|3.91|3.86|3.83|4.04|4.28|3.70|3.46|3.74|3.73|3.80|4.39|3.72
TAHERINEJAD M|01:750:123:05|3.91|3.86|3.83|4.04|4.28|3.70|3.46|3.74|3.73|3.80|4.39|3.72
KOJIMA H|01:750:123:10|3.91|3.86|3.83|4.04|4.28|3.70|3.46|3.74|3.73|3.80|4.39|3.72
TAHERINEJAD M|01:750:123:16|3.91|3.86|3.83|4.04|4.28|3.70|3.46|3.74|3.73|3.80|4.39|3.72
ZAMICK L|01:750:123:17|3.91|3.86|3.83|4.04|4.28|3.70|3.46|3.74|3.73|3.80|4.39|3.72
ZAMICK L|01:750:123:18|3.91|3.86|3.83|4.04|4.28|3.70|3.46|3.74|3.73|3.80|4.39|3.72
ZAMICK L|01:750:123:26|3.91|3.86|3.83|4.04|4.28|3.70|3.46|3.74|3.73|3.80|4.39|3.72
LEATH P|01:750:161:00|4.29|4.21|3.66|4.24|4.21|3.76|3.40|2.74|3.62|3.46|4.67|3.64|3.82|4.05|4.29|3.67
LEATH P|01:750:161:00|4.29|4.21|3.66|4.24|4.21|3.76|3.40|2.74|3.62|3.46|4.67|3.64|3.82|4.05|4.29|3.67
LEATH P|01:750:161:00|4.29|4.21|3.66|4.24|4.21|3.76|3.40|2.74|3.62|3.46|4.67|3.64|3.82|4.05|4.29|3.67
LEATH P|01:750:161:00|4.29|4.21|3.66|4.24|4.21|3.76|3.40|2.74|3.62|3.46|4.67|3.64|3.82|4.05|4.29|3.67
LEATH P|01:750:161:00|4.29|4.21|3.66|4.24|4.21|3.76|3.40|2.74|3.62|3.46|4.67|3.64|3.82|4.05|4.29|3.67
LEATH P|01:750:161:00|4.29|4.21|3.66|4.24|4.21|3.76|3.40|2.74|3.62|3.46|4.67|3.64|3.82|4.05|4.29|3.67
LEATH P|01:750:161:00|4.29|4.21|3.66|4.24|4.21|3.76|3.40|2.74|3.62|3.46|4.67|3.64|3.82|4.05|4.29|3.67
LEATH P|01:750:161:00|4.29|4.21|3.66|4.24|4.21|3.76|3.40|2.74|3.62|3.46|4.67|3.64|3.82|4.05|4.29|3.67
KLOET W|01:750:161:01|4.36|4.40|4.03|4.50|4.61|4.21|3.75|2.82|4.17|3.75|4.08|3.61
KALE  A|01:750:161:04|4.36|4.40|4.03|4.50|4.61|4.21|3.75|2.82|4.17|3.75|4.08|3.61
KALE A|01:750:161:06|4.36|4.40|4.03|4.50|4.61|4.21|3.75|2.82|4.17|3.75|4.08|3.61
KALE A|01:750:161:09|4.36|4.40|4.03|4.50|4.61|4.21|3.75|2.82|4.17|3.75|4.08|3.61
GENTILE M|01:750:193:00|4.57|4.54|4.16|4.65|4.33|3.71|3.67|2.86|3.98|3.57|4.93|2.57|3.11|3.59|3.42|3.58
GENTILE M|01:750:193:00|4.57|4.54|4.16|4.65|4.33|3.71|3.67|2.86|3.98|3.57|4.93|2.57|3.11|3.59|3.42|3.58
GENTILE M|01:750:193:00|4.57|4.54|4.16|4.65|4.33|3.71|3.67|2.86|3.98|3.57|4.93|2.57|3.11|3.59|3.42|3.58
GENTILE M|01:750:193:00|4.57|4.54|4.16|4.65|4.33|3.71|3.67|2.86|3.98|3.57|4.93|2.57|3.11|3.59|3.42|3.58
GENTILE M|01:750:193:00|4.57|4.54|4.16|4.65|4.33|3.71|3.67|2.86|3.98|3.57|4.93|2.57|3.11|3.59|3.42|3.58
GENTILE M|01:750:193:00|4.57|4.54|4.16|4.65|4.33|3.71|3.67|2.86|3.98|3.57|4.93|2.57|3.11|3.59|3.42|3.58
GENTILE M|01:750:193:00|4.57|4.54|4.16|4.65|4.33|3.71|3.67|2.86|3.98|3.57|4.93|2.57|3.11|3.59|3.42|3.58
GENTILE M|01:750:193:00|4.57|4.54|4.16|4.65|4.33|3.71|3.67|2.86|3.98|3.57|4.93|2.57|3.11|3.59|3.42|3.58
GENTILE M|01:750:193:01|4.19|3.90|3.69|4.23|4.01|3.55|3.35|2.68|3.76|3.34|4.82|2.98
PELLEGRINO S|01:750:193:02|4.19|3.90|3.69|4.23|4.01|3.55|3.35|2.68|3.76|3.34|4.82|2.98
CHEN H|01:750:193:03|4.19|3.90|3.69|4.23|4.01|3.55|3.35|2.68|3.76|3.34|4.82|2.98
BUCHAN D|01:750:193:04|4.19|3.90|3.69|4.23|4.01|3.55|3.35|2.68|3.76|3.34|4.82|2.98
SPERO T|01:750:193:08|4.19|3.90|3.69|4.23|4.01|3.55|3.35|2.68|3.76|3.34|4.82|2.98
GENTILE M|01:750:193:20|4.25|3.93|3.87|4.33|4.07|3.85|3.58|2.78|4.03|3.48|4.91|3.59|3.47|3.28|3.04|3.55|3.54
MAYES J|01:750:193:22|4.25|3.93|3.87|4.33|4.07|3.85|3.58|2.78|4.03|3.48|4.91|3.59|3.47|3.28|3.04|3.55|3.54
MOGILSKI B|01:750:193:23|4.25|3.93|3.87|4.33|4.07|3.85|3.58|2.78|4.03|3.48|4.91|3.59|3.47|3.28|3.04|3.55|3.54
SPERO T|01:750:193:24|4.25|3.93|3.87|4.33|4.07|3.85|3.58|2.78|4.03|3.48|4.91|3.59|3.47|3.28|3.04|3.55|3.54
BUCHAN D|01:750:193:26|4.25|3.93|3.87|4.33|4.07|3.85|3.58|2.78|4.03|3.48|4.91|3.59|3.47|3.28|3.04|3.55|3.54
COOPER J|01:750:193:27|4.25|3.93|3.87|4.33|4.07|3.85|3.58|2.78|4.03|3.48|4.91|3.59|3.47|3.28|3.04|3.55|3.54
PELLEGRINO S|01:750:193:28|4.25|3.93|3.87|4.33|4.07|3.85|3.58|2.78|4.03|3.48|4.91|3.59|3.47|3.28|3.04|3.55|3.54
LEVI O|01:750:193:30|4.25|3.93|3.87|4.33|4.07|3.85|3.58|2.78|4.03|3.48|4.91|3.59|3.47|3.28|3.04|3.55|3.54
BRAHMIA A|01:750:202:00|4.87|4.87|4.86|4.87|4.67|4.79|4.71|3.82|4.92|4.68|4.79|3.89|4.49|4.68|4.76|3.90
BRAHMIA A|01:750:202:00|4.87|4.87|4.86|4.87|4.67|4.79|4.71|3.82|4.92|4.68|4.79|3.89|4.49|4.68|4.76|3.90
BRAHMIA A|01:750:202:00|4.87|4.87|4.86|4.87|4.67|4.79|4.71|3.82|4.92|4.68|4.79|3.89|4.49|4.68|4.76|3.90
BRAHMIA A|01:750:202:00|4.87|4.87|4.86|4.87|4.67|4.79|4.71|3.82|4.92|4.68|4.79|3.89|4.49|4.68|4.76|3.90
BRAHMIA A|01:750:202:00|4.87|4.87|4.86|4.87|4.67|4.79|4.71|3.82|4.92|4.68|4.79|3.89|4.49|4.68|4.76|3.90
BRAHMIA A|01:750:202:00|4.87|4.87|4.86|4.87|4.67|4.79|4.71|3.82|4.92|4.68|4.79|3.89|4.49|4.68|4.76|3.90
BRAHMIA A|01:750:202:00|4.87|4.87|4.86|4.87|4.67|4.79|4.71|3.82|4.92|4.68|4.79|3.89|4.49|4.68|4.76|3.90
BRAHMIA A|01:750:203:00|4.87|4.81|4.80|4.83|4.57|4.71|4.62|3.86|4.78|4.57|4.81|3.87|4.30|4.47|4.78|3.98
BRAHMIA A|01:750:203:00|4.87|4.81|4.80|4.83|4.57|4.71|4.62|3.86|4.78|4.57|4.81|3.87|4.30|4.47|4.78|3.98
BRAHMIA A|01:750:203:00|4.87|4.81|4.80|4.83|4.57|4.71|4.62|3.86|4.78|4.57|4.81|3.87|4.30|4.47|4.78|3.98
BRAHMIA A|01:750:203:00|4.87|4.81|4.80|4.83|4.57|4.71|4.62|3.86|4.78|4.57|4.81|3.87|4.30|4.47|4.78|3.98
BRAHMIA A|01:750:203:00|4.87|4.81|4.80|4.83|4.57|4.71|4.62|3.86|4.78|4.57|4.81|3.87|4.30|4.47|4.78|3.98
BRAHMIA A|01:750:203:00|4.87|4.81|4.80|4.83|4.57|4.71|4.62|3.86|4.78|4.57|4.81|3.87|4.30|4.47|4.78|3.98
BRAHMIA A|01:750:203:00|4.87|4.81|4.80|4.83|4.57|4.71|4.62|3.86|4.78|4.57|4.81|3.87|4.30|4.47|4.78|3.98
BRAHMIA A|01:750:203:00|4.87|4.81|4.80|4.83|4.57|4.71|4.62|3.86|4.78|4.57|4.81|3.87|4.30|4.47|4.78|3.98
BRAHMIA A|01:750:203:00|4.87|4.81|4.80|4.83|4.57|4.71|4.62|3.86|4.78|4.57|4.81|3.87|4.30|4.47|4.78|3.98
BRAHMIA A|01:750:203:00|4.87|4.81|4.80|4.83|4.57|4.71|4.62|3.86|4.78|4.57|4.81|3.87|4.30|4.47|4.78|3.98
BRAHMIA A|01:750:203:00|4.87|4.81|4.80|4.83|4.57|4.71|4.62|3.86|4.78|4.57|4.81|3.87|4.30|4.47|4.78|3.98
BRAHMIA A|01:750:203:00|4.87|4.81|4.80|4.83|4.57|4.71|4.62|3.86|4.78|4.57|4.81|3.87|4.30|4.47|4.78|3.98
BRAHMIA A|01:750:203:00|4.87|4.81|4.80|4.83|4.57|4.71|4.62|3.86|4.78|4.57|4.81|3.87|4.30|4.47|4.78|3.98
BRAHMIA A|01:750:203:00|4.87|4.81|4.80|4.83|4.57|4.71|4.62|3.86|4.78|4.57|4.81|3.87|4.30|4.47|4.78|3.98
BRAHMIA A|01:750:203:00|4.87|4.81|4.80|4.83|4.57|4.71|4.62|3.86|4.78|4.57|4.81|3.87|4.30|4.47|4.78|3.98
BRAHMIA A|01:750:203:00|4.87|4.81|4.80|4.83|4.57|4.71|4.62|3.86|4.78|4.57|4.81|3.87|4.30|4.47|4.78|3.98
BRAHMIA A|01:750:203:00|4.87|4.81|4.80|4.83|4.57|4.71|4.62|3.86|4.78|4.57|4.81|3.87|4.30|4.47|4.78|3.98
BRAHMIA A|01:750:203:00|4.87|4.81|4.80|4.83|4.57|4.71|4.62|3.86|4.78|4.57|4.81|3.87|4.30|4.47|4.78|3.98
WU W|01:750:203:03|4.27|4.13|3.92|4.30|4.18|3.93|3.99|3.66|3.93|3.99|4.34
WU W|01:750:203:06|4.27|4.13|3.92|4.30|4.18|3.93|3.99|3.66|3.93|3.99|4.34
WU W|01:750:203:09|4.27|4.13|3.92|4.30|4.18|3.93|3.99|3.66|3.93|3.99|4.34
WU W|01:750:203:12|4.27|4.13|3.92|4.30|4.18|3.93|3.99|3.66|3.93|3.99|4.34
FRIEDAN D|01:750:203:16|4.27|4.13|3.92|4.30|4.18|3.93|3.99|3.66|3.93|3.99|4.34
FRIEDAN D|01:750:203:17|4.27|4.13|3.92|4.30|4.18|3.93|3.99|3.66|3.93|3.99|4.34
FRIEDAN D|01:750:203:18|4.27|4.13|3.92|4.30|4.18|3.93|3.99|3.66|3.93|3.99|4.34
CROFT M|01:750:204:00|3.68|4.21|3.94|4.37|4.24|3.65|3.58|3.11|3.54|3.53|4.76|4.12|4.11|4.43|4.18|3.69
CROFT M|01:750:204:00|3.68|4.21|3.94|4.37|4.24|3.65|3.58|3.11|3.54|3.53|4.76|4.12|4.11|4.43|4.18|3.69
CROFT M|01:750:204:00|3.68|4.21|3.94|4.37|4.24|3.65|3.58|3.11|3.54|3.53|4.76|4.12|4.11|4.43|4.18|3.69
CROFT M|01:750:204:00|3.68|4.21|3.94|4.37|4.24|3.65|3.58|3.11|3.54|3.53|4.76|4.12|4.11|4.43|4.18|3.69
CROFT M|01:750:204:00|3.68|4.21|3.94|4.37|4.24|3.65|3.58|3.11|3.54|3.53|4.76|4.12|4.11|4.43|4.18|3.69
CROFT M|01:750:204:00|3.68|4.21|3.94|4.37|4.24|3.65|3.58|3.11|3.54|3.53|4.76|4.12|4.11|4.43|4.18|3.69
CROFT M|01:750:204:00|3.68|4.21|3.94|4.37|4.24|3.65|3.58|3.11|3.54|3.53|4.76|4.12|4.11|4.43|4.18|3.69
CROFT M|01:750:204:00|3.68|4.21|3.94|4.37|4.24|3.65|3.58|3.11|3.54|3.53|4.76|4.12|4.11|4.43|4.18|3.69
KAPLAN S|01:750:204:04|4.04|3.67|3.38|4.02|4.29|3.53|3.40|3.19|3.53|3.56|3.42
GHADGE M|01:750:205:01|4.21|4.22|4.03|4.36|4.37|4.02|3.90|3.60|4.05|3.99|4.07|3.96|4.05|3.76|2.61|3.22|3.51
MULTANI A|01:750:205:02|4.21|4.22|4.03|4.36|4.37|4.02|3.90|3.60|4.05|3.99|4.07|3.96|4.05|3.76|2.61|3.22|3.51
REVO A|01:750:205:03|4.21|4.22|4.03|4.36|4.37|4.02|3.90|3.60|4.05|3.99|4.07|3.96|4.05|3.76|2.61|3.22|3.51
ALBA G|01:750:205:06|4.21|4.22|4.03|4.36|4.37|4.02|3.90|3.60|4.05|3.99|4.07|3.96|4.05|3.76|2.61|3.22|3.51
KALE A|01:750:205:07|4.21|4.22|4.03|4.36|4.37|4.02|3.90|3.60|4.05|3.99|4.07|3.96|4.05|3.76|2.61|3.22|3.51
PAMARTHI V|01:750:205:09|4.21|4.22|4.03|4.36|4.37|4.02|3.90|3.60|4.05|3.99|4.07|3.96|4.05|3.76|2.61|3.22|3.51
MULTANI A|01:750:205:10|4.21|4.22|4.03|4.36|4.37|4.02|3.90|3.60|4.05|3.99|4.07|3.96|4.05|3.76|2.61|3.22|3.51
GHADGE M|01:750:205:13|4.21|4.22|4.03|4.36|4.37|4.02|3.90|3.60|4.05|3.99|4.07|3.96|4.05|3.76|2.61|3.22|3.51
MULTANI A|01:750:205:14|4.21|4.22|4.03|4.36|4.37|4.02|3.90|3.60|4.05|3.99|4.07|3.96|4.05|3.76|2.61|3.22|3.51
ZUCKERMAN R|01:750:205:15|4.21|4.22|4.03|4.36|4.37|4.02|3.90|3.60|4.05|3.99|4.07|3.96|4.05|3.76|2.61|3.22|3.51
PAMARTHI V|01:750:205:18|4.21|4.22|4.03|4.36|4.37|4.02|3.90|3.60|4.05|3.99|4.07|3.96|4.05|3.76|2.61|3.22|3.51
CHENNURI J|01:750:205:20|4.21|4.22|4.03|4.36|4.37|4.02|3.90|3.60|4.05|3.99|4.07|3.96|4.05|3.76|2.61|3.22|3.51
AUDUNOORI S|01:750:205:21|4.21|4.22|4.03|4.36|4.37|4.02|3.90|3.60|4.05|3.99|4.07|3.96|4.05|3.76|2.61|3.22|3.51
AUDUNOORI S|01:750:205:22|4.21|4.22|4.03|4.36|4.37|4.02|3.90|3.60|4.05|3.99|4.07|3.96|4.05|3.76|2.61|3.22|3.51
AUDUNOORI S|01:750:205:23|4.21|4.22|4.03|4.36|4.37|4.02|3.90|3.60|4.05|3.99|4.07|3.96|4.05|3.76|2.61|3.22|3.51
REVO A|01:750:205:25|4.21|4.22|4.03|4.36|4.37|4.02|3.90|3.60|4.05|3.99|4.07|3.96|4.05|3.76|2.61|3.22|3.51
MULTANI A|01:750:205:27|4.21|4.22|4.03|4.36|4.37|4.02|3.90|3.60|4.05|3.99|4.07|3.96|4.05|3.76|2.61|3.22|3.51
GADLING A|01:750:206:01|4.29|4.28|3.84|4.36|4.06|3.93|3.63|3.22|3.99|3.76|4.34|3.93|3.68|3.65|2.72|3.33|3.35
GADLING A|01:750:206:02|4.29|4.28|3.84|4.36|4.06|3.93|3.63|3.22|3.99|3.76|4.34|3.93|3.68|3.65|2.72|3.33|3.35
DABHOLKAR J|01:750:206:03|4.29|4.28|3.84|4.36|4.06|3.93|3.63|3.22|3.99|3.76|4.34|3.93|3.68|3.65|2.72|3.33|3.35
JAIN S|01:750:206:04|4.29|4.28|3.84|4.36|4.06|3.93|3.63|3.22|3.99|3.76|4.34|3.93|3.68|3.65|2.72|3.33|3.35
RADHAKRISHNAN R|01:750:206:05|4.29|4.28|3.84|4.36|4.06|3.93|3.63|3.22|3.99|3.76|4.34|3.93|3.68|3.65|2.72|3.33|3.35
RAJASEKARAN R|01:750:206:06|4.29|4.28|3.84|4.36|4.06|3.93|3.63|3.22|3.99|3.76|4.34|3.93|3.68|3.65|2.72|3.33|3.35
PAWAR P|01:750:206:08|4.29|4.28|3.84|4.36|4.06|3.93|3.63|3.22|3.99|3.76|4.34|3.93|3.68|3.65|2.72|3.33|3.35
RADHAKRISHNAN R|01:750:206:09|4.29|4.28|3.84|4.36|4.06|3.93|3.63|3.22|3.99|3.76|4.34|3.93|3.68|3.65|2.72|3.33|3.35
RADHAKRISHNAN R|01:750:206:11|4.29|4.28|3.84|4.36|4.06|3.93|3.63|3.22|3.99|3.76|4.34|3.93|3.68|3.65|2.72|3.33|3.35
RABE K|01:750:227:00|3.90|3.57|3.40|3.85|3.82|3.28|3.31|3.33|3.15|3.28|4.58|3.94|3.58|3.43|3.80|3.66
RABE K|01:750:227:00|3.90|3.57|3.40|3.85|3.82|3.28|3.31|3.33|3.15|3.28|4.58|3.94|3.58|3.43|3.80|3.66
RABE K|01:750:227:00|3.90|3.57|3.40|3.85|3.82|3.28|3.31|3.33|3.15|3.28|4.58|3.94|3.58|3.43|3.80|3.66
RABE K|01:750:227:00|3.90|3.57|3.40|3.85|3.82|3.28|3.31|3.33|3.15|3.28|4.58|3.94|3.58|3.43|3.80|3.66
RABE K|01:750:227:00|3.90|3.57|3.40|3.85|3.82|3.28|3.31|3.33|3.15|3.28|4.58|3.94|3.58|3.43|3.80|3.66
RABE K|01:750:227:00|3.90|3.57|3.40|3.85|3.82|3.28|3.31|3.33|3.15|3.28|4.58|3.94|3.58|3.43|3.80|3.66
RABE K|01:750:227:00|3.90|3.57|3.40|3.85|3.82|3.28|3.31|3.33|3.15|3.28|4.58|3.94|3.58|3.43|3.80|3.66
RABE K|01:750:227:00|3.90|3.57|3.40|3.85|3.82|3.28|3.31|3.33|3.15|3.28|4.58|3.94|3.58|3.43|3.80|3.66
RABE K|01:750:227:00|3.90|3.57|3.40|3.85|3.82|3.28|3.31|3.33|3.15|3.28|4.58|3.94|3.58|3.43|3.80|3.66
RABE K|01:750:227:00|3.90|3.57|3.40|3.85|3.82|3.28|3.31|3.33|3.15|3.28|4.58|3.94|3.58|3.43|3.80|3.66
RABE K|01:750:227:00|3.90|3.57|3.40|3.85|3.82|3.28|3.31|3.33|3.15|3.28|4.58|3.94|3.58|3.43|3.80|3.66
RABE K|01:750:227:00|3.90|3.57|3.40|3.85|3.82|3.28|3.31|3.33|3.15|3.28|4.58|3.94|3.58|3.43|3.80|3.66
RABE K|01:750:227:00|3.90|3.57|3.40|3.85|3.82|3.28|3.31|3.33|3.15|3.28|4.58|3.94|3.58|3.43|3.80|3.66
RABE K|01:750:227:00|3.90|3.57|3.40|3.85|3.82|3.28|3.31|3.33|3.15|3.28|4.58|3.94|3.58|3.43|3.80|3.66
GILMAN R|01:750:227:01|4.28|4.20|4.02|4.33|4.30|3.96|3.88|3.54|4.03|3.78|4.57
CHANDRA P|01:750:227:05|4.28|4.20|4.02|4.33|4.30|3.96|3.88|3.54|4.03|3.78|4.57
CHANDRA P|01:750:227:06|4.28|4.20|4.02|4.33|4.30|3.96|3.88|3.54|4.03|3.78|4.57
CHANDRA P|01:750:227:12|4.28|4.20|4.02|4.33|4.30|3.96|3.88|3.54|4.03|3.78|4.57
CHANDRA P|01:750:227:17|4.28|4.20|4.02|4.33|4.30|3.96|3.88|3.54|4.03|3.78|4.57
MULTANI A|01:750:229:01|4.09|4.07|3.82|4.22|4.14|3.78|3.57|3.40|3.82|3.54|3.52|3.61|3.87|3.45|2.59|3.43|3.20
AITHAL S|01:750:229:05|4.09|4.07|3.82|4.22|4.14|3.78|3.57|3.40|3.82|3.54|3.52|3.61|3.87|3.45|2.59|3.43|3.20
REYES LILLO S|01:750:229:09|4.09|4.07|3.82|4.22|4.14|3.78|3.57|3.40|3.82|3.54|3.52|3.61|3.87|3.45|2.59|3.43|3.20
RAMIRES A|01:750:229:13|4.09|4.07|3.82|4.22|4.14|3.78|3.57|3.40|3.82|3.54|3.52|3.61|3.87|3.45|2.59|3.43|3.20
TORRES D|01:750:229:15|4.09|4.07|3.82|4.22|4.14|3.78|3.57|3.40|3.82|3.54|3.52|3.61|3.87|3.45|2.59|3.43|3.20
|01:750:229:16|4.09|4.07|3.82|4.22|4.14|3.78|3.57|3.40|3.82|3.54|3.52|3.61|3.87|3.45|2.59|3.43|3.20
AITHAL S|01:750:229:19|4.09|4.07|3.82|4.22|4.14|3.78|3.57|3.40|3.82|3.54|3.52|3.61|3.87|3.45|2.59|3.43|3.20
RAMIRES A|01:750:229:21|4.09|4.07|3.82|4.22|4.14|3.78|3.57|3.40|3.82|3.54|3.52|3.61|3.87|3.45|2.59|3.43|3.20
PHOPHALIA A|01:750:229:22|4.09|4.07|3.82|4.22|4.14|3.78|3.57|3.40|3.82|3.54|3.52|3.61|3.87|3.45|2.59|3.43|3.20
REYES LILLO S|01:750:229:25|4.09|4.07|3.82|4.22|4.14|3.78|3.57|3.40|3.82|3.54|3.52|3.61|3.87|3.45|2.59|3.43|3.20
GERSHTEIN Y|01:750:271:00|4.19|4.12|4.19|4.33|4.03|3.85|3.90|3.88|3.78|3.90|4.32|4.11|4.11|3.38|4.35|4.01
GERSHTEIN Y|01:750:271:00|4.19|4.12|4.19|4.33|4.03|3.85|3.90|3.88|3.78|3.90|4.32|4.11|4.11|3.38|4.35|4.01
GERSHTEIN Y|01:750:271:00|4.19|4.12|4.19|4.33|4.03|3.85|3.90|3.88|3.78|3.90|4.32|4.11|4.11|3.38|4.35|4.01
GERSHTEIN Y|01:750:271:00|4.19|4.12|4.19|4.33|4.03|3.85|3.90|3.88|3.78|3.90|4.32|4.11|4.11|3.38|4.35|4.01
KALELKAR M|01:750:273:00|4.98|4.82|4.89|4.91|4.95|4.79|4.79|4.45|4.89|4.79|4.89|3.67|4.63|3.96|4.34|3.91
KALELKAR M|01:750:273:00|4.98|4.82|4.89|4.91|4.95|4.79|4.79|4.45|4.89|4.79|4.89|3.67|4.63|3.96|4.34|3.91
KALELKAR M|01:750:273:00|4.98|4.82|4.89|4.91|4.95|4.79|4.79|4.45|4.89|4.79|4.89|3.67|4.63|3.96|4.34|3.91
BLUMBERG GIRSH|01:750:275:01|4.32|4.22|3.93|4.39|4.36|4.32|4.12|3.80|4.11|4.06|3.52|4.02|4.17|3.98|2.68|3.48|3.45
BLUMBERG GIRSH|01:750:275:02|4.32|4.22|3.93|4.39|4.36|4.32|4.12|3.80|4.11|4.06|3.52|4.02|4.17|3.98|2.68|3.48|3.45
ZIMMERMANN F|01:750:305:01|4.33|4.25|3.50|4.17|4.08|3.67|4.27|4.25|3.92|3.92|4.75|3.83|4.17|4.42|4.00
GERSHENSON M|01:750:313:01|4.75|4.50|4.19|4.81|4.75|4.38|4.31|4.56|4.31|4.38|4.13|4.06|4.13|4.19|3.73
MEKJIAN A|01:750:323:01|4.00|3.79|3.50|3.86|4.19|3.59|3.57|4.21|3.68|3.29|4.43|3.00|3.94|3.87|3.88
MEKJIAN A|01:750:323:02|4.00|3.79|3.50|3.86|4.19|3.59|3.57|4.21|3.68|3.29|4.43|3.00|3.94|3.87|3.88
PODZOROV V|01:750:326:00|4.70|4.56|4.29|4.71|4.79|4.43|4.11|4.04|4.43|4.11|4.46|3.48|3.59|3.46|4.21|4.04
PODZOROV V|01:750:326:00|4.70|4.56|4.29|4.71|4.79|4.43|4.11|4.04|4.43|4.11|4.46|3.48|3.59|3.46|4.21|4.04
PODZOROV V|01:750:326:00|4.70|4.56|4.29|4.71|4.79|4.43|4.11|4.04|4.43|4.11|4.46|3.48|3.59|3.46|4.21|4.04
PODZOROV V|01:750:326:03|4.20|4.50|4.37|4.57|4.77|4.20|4.24|4.07|4.27|3.97|4.73|3.54|4.00|4.14|3.63
JHA S|01:750:341:01|4.78|4.53|4.19|4.67|4.31|3.94|4.11|4.50|4.27|4.24|4.89|3.16|4.22|4.75|3.58
WILLIAMS T|01:750:344:01|4.40|4.30|4.10|4.30|4.10|4.10|4.10|4.40|3.90|3.90|5.00|3.00|4.11|4.22|3.10
HALKIADAKIS E|01:750:361:01|4.60|4.05|4.26|4.90|4.60|4.40|4.60|4.75|4.05|4.15|4.95|4.45|4.75|5.00|4.00
KIRYUKHIN V|01:750:381:01|4.47|4.32|4.16|4.16|4.19|4.06|4.31|4.25|4.03|3.94|4.48|4.38|4.09|4.53|3.91
SOMALWAR S|01:750:385:01|4.80|4.83|4.73|4.87|4.77|4.63|4.63|4.57|4.70|4.63|4.90|4.67|4.70|4.77|4.13
ANDREI E|01:750:387:01|4.17|4.41|4.00|4.18|4.33|4.18|4.24|4.12|4.00|4.06|4.75|4.24|3.47|2.59|2.94|3.47|3.76
MATILSKY T|01:750:444:01|4.50|3.67|3.83|4.17|3.50|3.83|3.83|4.33|3.67|3.33|5.00|3.83|3.83|4.50|4.00
MILLER J|01:750:451:01|4.56|4.19|4.25|4.38|4.06|4.00|4.50|4.50|4.13|4.31|5.00|4.56|4.31|4.56|3.71
HAIDVOGEL D|01:750:451:01|4.56|4.19|4.25|4.38|4.06|4.00|4.50|4.50|4.13|4.31|5.00|4.56|4.31|4.56|3.71
NEUBERGER H|01:750:464:01|4.57|4.14|4.14|4.14|4.86|3.71|4.00|4.57|3.86|3.86|4.57|2.71|3.86|4.57|4.57
