NARASAKI MARIKO|01:565:101:01|4.86|4.79|4.86|4.83|4.73|4.73|4.82|4.67|4.81|4.76|4.88|5.00|5.00|5.00|5.00|5.00|4.75|5.00|5.00
MATSUMOTO MAYUMI|01:565:101:02|4.86|4.79|4.86|4.83|4.73|4.73|4.82|4.67|4.81|4.76|4.88
MATSUMOTO MAYUMI|01:565:101:03|4.86|4.79|4.86|4.83|4.73|4.73|4.82|4.67|4.81|4.76|4.88
NARASAKI MARIKO|01:565:101:04|4.86|4.79|4.86|4.83|4.73|4.73|4.82|4.67|4.81|4.76|4.88|5.00|5.00|5.00|5.00|5.00|4.75|5.00|5.00
HARASAKI JIRO|01:565:101:05|4.86|4.79|4.86|4.83|4.73|4.73|4.82|4.67|4.81|4.76
MADIHIAN ROSHANAK|01:565:101:06|4.86|4.79|4.86|4.83|4.73|4.73|4.82|4.67|4.81|4.76|4.88|5.00|5.00|5.00|5.00|5.00|4.75|5.00|5.00
HAWALKA YASUKO|01:565:101:07|4.86|4.79|4.86|4.83|4.73|4.73|4.82|4.67|4.81|4.76
MADIHIAN ROSHANAK|01:565:201:01|4.91|4.91|4.94|4.98|4.83|4.88|4.91|4.89|4.91|4.89
HARASAKI JIRO|01:565:201:02|4.91|4.91|4.94|4.98|4.83|4.88|4.91|4.89|4.91|4.89
HARASAKI JIRO|01:565:201:03|4.91|4.91|4.94|4.98|4.83|4.88|4.91|4.89|4.91|4.89
BAXER HARUMI|01:565:301:01|4.38|4.00|4.15|4.38|4.33|3.76|4.13|4.69|3.95|4.03
HAWALKA YASUKO|01:565:301:02|4.38|4.00|4.15|4.38|4.33|3.76|4.13|4.69|3.95|4.03
SAITO SATORU|01:565:350:01|4.89|4.84|4.84|5.00|4.58|4.63|4.84|4.71|4.63|4.68|5.00
SAITO SATORU|01:565:361:01|4.76|4.88|4.96|5.00|5.00|4.69|4.65|4.73|4.85|4.88
ERBER PEDRO|01:565:395:01|4.60|4.40|4.60|5.00|4.75|4.40|4.80|4.40|4.40|4.50
GOTO SEIKO|01:565:420:01|4.89|4.89|5.00|4.89|4.89|5.00|4.89|4.56|4.75|4.88|5.00|5.00|5.00|5.00|5.00|5.00|5.00|5.00|5.00
