RUBIN J|01:220:102:01|4.42|4.22|3.70|4.13|4.10|3.58|3.81|3.41|3.74|3.74
PERRY               MARTIN|01:220:102:03|4.47|4.33|4.09|4.48|4.42|3.88|3.89|3.27|4.19|4.02|4.25|4.50|4.00|4.00|4.00|4.50|4.00|3.75|4.50
LEE JIYON|01:220:102:06|4.42|4.22|3.70|4.13|4.10|3.58|3.81|3.41|3.74|3.74
SHEFLIN N|01:220:103:01|4.19|3.97|3.95|4.01|3.84|3.63|3.73|3.41|3.65|3.62
CLARE GREGORY|01:220:103:02|4.53|4.38|3.96|4.14|4.12|3.72|4.04|3.48|4.05|3.99|5.00|4.00|3.00|2.00|1.00|2.00|3.00|4.00|5.00
GIGLIOTTI GARY|01:220:103:03|4.19|3.97|3.95|4.01|3.84|3.63|3.73|3.41|3.65|3.62
SHEFLIN N|01:220:103:04|4.19|3.97|3.95|4.01|3.84|3.63|3.73|3.41|3.65|3.62
TOMBLER Y|01:220:103:10|4.19|3.97|3.95|4.01|3.84|3.63|3.73|3.41|3.65|3.62
SHEFLIN N|NONE|4.19|3.97|3.95|4.01|3.84|3.63|3.73|3.41|3.65|3.62
CLARE GREGORY|01:220:200:01|4.55|4.35|3.86|4.22|4.39|3.76|3.89|2.59|4.12|3.70|5.00
PRUSA T|01:220:300:02|4.13|3.99|3.92|4.08|4.13|3.70|3.86|3.69|3.93|3.88
CHAUDHURI B|01:220:300:03|4.13|3.99|3.92|4.08|4.13|3.70|3.86|3.69|3.93|3.88
TOMBLER Y|01:220:300:08|4.13|3.99|3.92|4.08|4.13|3.70|3.86|3.69|3.93|3.88
STONE R|01:220:301:06|4.53|4.38|4.21|4.45|4.39|4.08|4.13|3.92|4.18|4.17
SANI M|01:220:301:07|4.53|4.38|4.21|4.45|4.39|4.08|4.13|3.92|4.18|4.17
PALACIOS            LUIS|01:220:301:10|4.31|3.79|3.43|4.57|4.64|3.43|3.50|3.93|3.57|3.64
ROCKOFF H|01:220:305:01|4.38|4.35|4.24|4.49|4.25|3.92|4.08|3.89|4.08|4.05
BORDO M|01:220:307:01|4.44|4.32|4.08|4.32|4.32|4.04|4.20|3.72|3.96|4.00
WARMINGHAM          DALE|01:220:308:02|4.60|4.41|4.51|4.32|4.46|4.22|4.26|4.00|4.31|4.30|4.33|4.00
WARMINGHAM          DALE|01:220:308:05|4.60|4.41|4.51|4.32|4.46|4.22|4.26|4.00|4.31|4.30|4.33|4.00|3.00|3.00|3.00|3.00|3.00|3.00|4.00
DELIA D|01:220:316:01|4.79|4.47|4.29|4.79|4.34|4.21|4.11|3.82|4.28|4.18
HUGHES JOSEPH|01:220:320:03|4.22|4.30|4.41|4.68|4.57|4.14|4.27|4.05|4.14|4.24|5.00|5.00|5.00|5.00|5.00|5.00|5.00|5.00|5.00
BLAIR D|01:220:320:04|4.39|4.42|4.14|4.56|4.46|4.15|4.23|4.01|4.15|4.11
PAUL M|01:220:320:08|4.39|4.42|4.14|4.56|4.46|4.15|4.23|4.01|4.15|4.11
DASTAN I|01:220:320:12|4.39|4.42|4.14|4.56|4.46|4.15|4.23|4.01|4.15|4.11
LEE JAEWON|01:220:321:01|4.02|3.78|3.49|4.00|4.07|3.39|3.46|3.71|3.44|3.43
MIZRACH             BRUCE|01:220:321:02|4.72|3.91|4.38|4.05|4.36|4.02|4.02|3.98|3.98|4.05|5.00|5.00|5.00
HASSAN M|01:220:321:04|4.02|3.78|3.49|4.00|4.07|3.39|3.46|3.71|3.44|3.43
HASSAN M|01:220:321:09|4.02|3.78|3.49|4.00|4.07|3.39|3.46|3.71|3.44|3.43
AKRAM K|01:220:322:02|4.07|3.94|3.56|3.94|3.72|3.54|3.62|3.30|3.59|3.44
PACZKOWSKI W|01:220:322:03|4.07|3.94|3.56|3.94|3.72|3.54|3.62|3.30|3.59|3.44
PACZKOWSKI W|01:220:322:04|4.07|3.94|3.56|3.94|3.72|3.54|3.62|3.30|3.59|3.44
AKRAM K|01:220:322:13|4.07|3.94|3.56|3.94|3.72|3.54|3.62|3.30|3.59|3.44
SIGMAN H|01:220:332:01|4.24|4.09|3.74|4.09|3.79|3.35|3.44|3.39|3.65|3.50
CLARE GREGORY|01:220:335:01|4.59|4.14|4.27|4.32|4.00|3.65|4.00|4.04|3.91|4.00|5.00
FERNANDEZ A|01:220:336:01|4.12|4.05|3.75|4.14|3.98|3.63|3.80|3.55|3.73|3.66
HASSAN M|01:220:336:02|4.12|4.05|3.75|4.14|3.98|3.63|3.80|3.55|3.73|3.66
DUTTA M|01:220:337:01|3.62|3.08|3.69|3.54|3.62|3.38|3.77|3.77|3.31|3.08
GANG IRA|01:220:339:01|4.31|4.46|4.15|4.31|4.44|4.00|4.03|3.89|3.91|3.94
BIRCHBY J|01:220:341:02|4.40|4.58|4.40|4.60|4.32|4.24|4.28|4.12|4.48|4.24
WHITE E|01:220:344:01|4.74|4.45|4.35|4.23|3.61|3.77|4.23|3.94|4.03|4.03
DUTTA M|01:220:350:01|2.91|2.32|3.64|2.86|2.90|2.45|3.32|3.59|2.59|2.73
TSURUMI H|01:220:358:01|2.64|3.00|3.00|3.45|2.27|2.55|2.45|3.55|2.55|2.36
CHAUDHURI B|01:220:362:01|3.88|4.06|3.87|4.38|4.22|3.72|3.69|3.58|3.69|3.69
PACZKOWSKI W|01:220:370:01|4.14|3.79|3.79|3.36|3.14|3.07|3.36|3.69|2.93|2.86
BIRCHBY J|01:220:393:03|4.06|3.92|3.72|4.32|4.06|3.45|3.66|3.89|3.53|3.56
MIZRACH             BRUCE|01:220:394:01|4.72|4.48|4.60|4.47|4.52|4.45|4.55|4.43|4.41|4.50
PERRY               MARTIN|01:220:396:01|4.59|4.62|4.52|4.63|4.50|4.38|4.46|3.99|4.54|4.39|5.00|5.00|5.00|5.00|5.00
HUGHES JOSEPH|01:220:397:01|5.00|5.00|5.00|5.00|5.00|5.00|5.00|5.00|5.00|5.00
HUGHES JOSEPH|01:220:408:01|4.83|4.75|4.50|4.67|4.58|4.58|4.75|4.00|4.75|4.73
LANDONLANE J|01:220:421:01|4.56|4.19|4.03|4.42|4.29|4.00|4.06|4.00|4.08|4.00
