Sivkoff Simona|01:470:101:01|4.50|4.62|4.60|4.76|4.48|4.50|4.62|4.40|4.44|4.27|4.50|4.83|4.21|3.87
Kuhn Ken|01:470:101:02|4.50|4.62|4.60|4.76|4.48|4.50|4.62|4.40|4.44|4.27|4.50|4.83|4.21|3.87
Boghossian Anneliese|01:470:102:01|4.92|4.83|4.83|5.00|4.91|4.83|4.83|4.67|5.00|4.75|5.00|4.92|4.25|4.09
Boghossian Anneliese|01:470:102:02|4.92|4.83|4.83|5.00|4.91|4.83|4.83|4.67|5.00|4.75|5.00|4.92|4.25|4.09
Dine Ute|01:470:105:01|5.00|4.67|4.67|5.00|5.00|5.00|4.67|4.67|4.67|4.67|5.00|4.67|4.67|4.67
Liamkina Olga|01:470:121:01|5.00|4.75|5.00|4.75|4.75|5.00|4.75|4.75|4.75|4.75|4.50|5.00|5.00|4.50
O'Neal Devin|01:470:131:02|4.59|4.86|4.73|4.86|4.86|4.62|4.23|4.82|4.32|4.32|4.59|4.91|4.64|4.48
Glowacki Doris|01:470:132:01|5.00|5.00|5.00|5.00|5.00|5.00|4.75|4.88|5.00|4.75|4.75|4.88|4.75|4.88
Ciklamini Marlene|01:470:231:01|3.42|4.58|4.08|5.00|4.92|3.83|3.75|4.58|3.58|3.58|4.33|3.83|4.75|4.08
O'Neal Devin|01:470:299:01|4.81|4.81|4.40|4.81|4.94|4.63|4.00|4.33|4.63|4.19|4.69|4.81|4.81|4.69
Navqi Fatima|01:470:301:01|4.92|4.75|4.67|4.92|4.25|4.67|4.67|4.33|4.75|4.75|4.83|4.42|4.92|4.83
Craig Charlotte|01:470:313:01|4.67|3.00|3.33|3.67|3.67|3.00|3.33|5.00|3.33|3.33|4.33|4.67|4.67|4.00
RENNIE Nicholas|01:470:323:01|4.71|4.57|4.29|4.71|4.71|4.43|4.14|4.14|4.57|4.29|4.57|4.43|4.71|4.43
CIKLAMINI Marlene|01:470:383:01|3.07|3.92|4.00|4.79|4.64|3.29|3.71|3.79|3.36|3.43
BEHRMANN Nicola|01:470:388:01|4.83|4.33|4.83|4.67|4.50|4.17|4.67|3.83|4.67|4.50|4.50|4.33|4.50|4.50
BEHRMANN Nicola|01:470:389:01|4.75|5.00|4.75|5.00|5.00|5.00|5.00|4.50|4.75|4.75|5.00|5.00|5.00|5.00
RENNIE Nicholas|01:470:390:01|4.78|4.76|4.72|4.78|4.50|4.50|4.44|4.44|4.61|4.53
