ISSA                HALA|01:013:141:01|4.28|4.24|4.43|4.37|4.30|4.27|4.37|4.72|4.28|4.23|5.00|4.67|4.67
ALSIADI             MOHAMMED|01:013:141:02|4.28|4.24|4.43|4.37|4.30|4.27|4.37|4.72|4.28|4.23|4.67|4.67|4.00|3.50
GADDECHE            FATMA|01:013:141:03|4.28|4.24|4.43|4.37|4.30|4.27|4.37|4.72|4.28|4.23|5.00|4.67|4.67|4.00|3.50|5.00|5.00|5.00|4.00
GADDECHE            FATMA|01:013:141:04|4.28|4.24|4.43|4.37|4.30|4.27|4.37|4.72|4.28|4.23
MOSHENBERG|01:013:152:01|4.65|4.30|4.65|4.15|4.40|4.35|4.60|4.45|4.25|4.20
LEVY Lily|01:013:152:02|4.65|4.30|4.65|4.15|4.40|4.35|4.60|4.45|4.25|4.20
RATHOR              SUSHMA|01:013:161:01|4.31|4.35|4.54|4.46|4.54|4.19|4.58|4.88|4.48|4.35
KUMARBHATT          SONIL|01:013:161:02|4.31|4.35|4.54|4.46|4.54|4.19|4.58|4.88|4.48|4.35
SPRACHMAN           PAUL|01:013:177:01|4.80|5.00|5.00|5.00|5.00|4.90|5.00|4.70|4.90|5.00
BUCHTA              DAVID|01:013:181:01|4.57|4.86|5.00|5.00|5.00|4.71|5.00|4.71|4.71|5.00
TUNAGUR             FERHAN|01:013:191:01|5.00|4.89|5.00|5.00|5.00|5.00|5.00|4.78|5.00|5.00
MABAYOJE            MOSES|01:013:195:01|4.71|4.40|4.57|4.67|4.40|4.67|4.83|4.33|4.50|4.60
ALIDOU              OUSSEINA|01:013:201:01|4.31|4.31|4.63|4.63|4.88|4.44|4.50|3.38|4.38|4.33
ALSIADI|01:013:241:01|4.24|4.35|4.30|4.21|4.48|4.06|4.15|4.53|4.24|4.03|5.00|5.00|5.00|5.00|5.00|5.00|5.00|5.00
ELSAYED             HANAN|01:013:241:02|4.24|4.35|4.30|4.21|4.48|4.06|4.15|4.53|4.24|4.03
HABERL              CHARLES|01:013:243:01|4.56|4.56|4.56|4.56|4.56|4.50|4.50|4.11|4.56|4.56
BRYNNOIMAN Edna|01:013:253:01|3.88|3.50|4.00|3.50|3.25|3.38|3.63|4.63|3.25|3.38
RATHOR              SUSHMA|01:013:261:01|4.54|4.69|4.77|4.77|4.77|4.54|4.62|4.69|4.50|4.67
SPRACHMAN           PAUL|01:013:277:01|5.00|5.00|5.00|5.00|5.00|5.00|5.00|5.00|5.00|5.00
TUNAGUR             FERHAN|01:013:291:01|5.00|5.00|5.00|5.00|5.00|5.00|5.00|4.86|5.00|4.86
MABAYOJE|01:013:295:01|4.13|4.86|4.63|5.00|4.43|4.25|4.11|4.75|4.44|4.25
SPRACHMAN           PAUL|01:013:301:02|4.59|4.69|4.91|4.72|4.75|4.59|4.78|4.69|4.61|4.73
KUMARBHATT          SUNIL|01:013:301:03|4.59|4.69|4.91|4.72|4.75|4.59|4.78|4.69|4.61|4.73
QUAYSON             LYDIA|01:013:301:04|4.59|4.69|4.91|4.72|4.75|4.59|4.78|4.69|4.61|4.73|5.00|5.00|5.00|5.00|5.00
KUMARBHATT          SUNIL|01:013:301:05|4.59|4.69|4.91|4.72|4.75|4.59|4.78|4.69|4.61|4.73
HABERL              CHARLES|01:013:322:01|4.67|4.67|4.67|4.67|4.67|4.33|4.00|4.00|4.33|4.33
GADDECHE            FATMA|01:013:341:01|3.63|4.00|3.75|4.63|4.00|3.63|3.63|4.75|3.88|3.50
SELIM S|01:013:342:01|5.00|5.00|5.00|5.00|5.00|5.00|5.00|4.29|5.00|5.00
MOSHENBERG Orly|01:013:355:01|5.00|5.00|5.00|5.00|5.00|5.00|5.00|5.00|5.00|5.00
BUCHTA              DAVID|01:013:402:02|4.20|4.70|4.80|4.90|4.90|4.50|4.60|4.50|4.50|4.60
