JACKSONBREWER|01:014:103:01|4.26|4.63|4.74|4.54|4.57|4.49|4.41|3.41|4.29|4.24
GARDINER M|01:014:212:01|3.90|3.90|4.60|4.40|4.78|4.30|4.20|3.67|4.10|4.38
GODONOO|01:014:213:01|4.26|4.17|4.41|4.28|4.17|4.20|4.17|3.77|4.35|4.31|4.00|4.00|3.75|3.67|3.25|3.33|3.33|3.33|3.00
REED|01:014:230:01|4.44|4.70|4.75|4.83|4.79|4.68|4.43|3.96|4.54|4.62
BONADIE D|01:014:233:01|4.71|4.86|4.29|4.57|4.71|4.21|4.38|3.86|4.64|4.33
RICHMOND V|01:014:240:01|3.45|3.93|4.24|4.34|3.39|3.89|3.82|3.28|4.00|3.83|5.00|5.00|5.00|5.00|5.00
WESTBROOK R|01:014:255:01|4.62|4.64|4.62|4.85|4.78|4.50|4.31|4.27|4.35|4.52
WESTBROOK R|01:014:258:01|4.59|4.73|4.85|4.78|4.81|4.52|4.73|3.85|4.52|4.48|5.00|5.00|5.00|5.00|5.00|5.00|5.00|5.00|5.00
BETHEL L|01:014:269:01|4.50|4.53|4.55|4.58|4.61|4.55|4.35|3.79|4.47|4.58|4.50|5.00|5.00|5.00|5.00|5.00|5.00|5.00|5.00
NASH M|01:014:274:01|4.20|5.00|5.00|5.00|4.80|4.80|4.80|3.60|4.40|4.80|4.00
MONK J|01:014:301:01|4.21|4.25|4.54|4.26|4.13|4.37|4.39|3.96|4.18|4.31|3.00|3.00|3.00
PLUMMER J|01:014:301:02|4.21|4.25|4.54|4.26|4.13|4.37|4.39|3.96|4.18|4.31
RICHMOND V|01:014:301:03|4.21|4.25|4.54|4.26|4.13|4.37|4.39|3.96|4.18|4.31
GRIER A|01:014:304:01|3.89|4.27|4.42|4.29|4.42|4.03|4.08|3.97|4.00|4.00|5.00
GRIER A|01:014:304:02|3.89|4.27|4.42|4.29|4.42|4.03|4.08|3.97|4.00|4.00
TATE G|01:014:306:01|4.74|4.79|4.78|4.74|4.68|4.58|4.83|4.41|4.84|4.78
BETHEL L|01:014:323:01|4.25|4.13|4.00|4.63|4.88|4.00|3.50|3.71|3.86|4.00
JOHNSON W|01:014:330:01|4.55|4.55|5.00|4.73|4.09|4.09|4.45|3.11|4.45|4.40
KHAN K|01:014:347:01|4.44|3.84|4.35|4.15|4.31|4.23|4.40|4.23|4.40|4.38|3.00
PAXTON J|01:014:355:01|4.86|5.00|5.00|5.00|5.00|5.00|4.90|4.64|4.95|4.89|5.00|5.00|5.00|5.00
NASH M|01:014:357:01|4.83|4.60|4.83|4.80|5.00|4.60|5.00|4.40|4.83|4.80
GARDINER M|01:014:362:01|4.27|4.36|4.73|4.73|4.55|3.91|4.10|4.00|4.27|4.45
CATCHING C|01:014:363:01|4.53|4.65|4.85|4.70|4.63|4.37|4.61|4.42|4.44|4.50
BONADIE D|01:014:376:01|5.00|5.00|4.80|5.00|5.00|5.00|5.00|4.80|5.00|5.00|5.00|5.00|5.00|5.00|5.00|5.00
BUTLER K|01:014:410:01|4.42|4.50|4.50|4.50|4.42|4.42|4.42|4.00|4.75|4.50
BUTLER K|01:014:490:02|4.35|4.00|4.25|4.32|3.85|3.80|4.11|3.68|4.00|3.79|5.00
