VERSHON ANDREW|01:694:215:71|4.72|4.55|4.45|4.52|4.43|4.41|4.59|4.12|4.62|4.44|4.67|4.67|4.67|4.67|4.00|3.33|5.00|4.50|4.33
PARENT JANET|01:694:215:71|4.72|4.55|4.45|4.52|4.43|4.41|4.59|4.12|4.62|4.44
DEIS FRANK|01:694:301:01|4.03|4.19|4.30|4.27|4.41|3.94|4.14|3.22|4.07|4.03|4.30|4.20|4.49|3.48|5.00|5.00|5.00|5.00|5.00
DEIS FRANK|01:694:301:02|4.03|4.19|4.30|4.27|4.41|3.94|4.14|3.22|4.07|4.03|4.30|4.20|4.49|3.48
NIEDERMAN R|01:694:407:01|4.08|3.81|3.60|3.87|4.13|3.56|3.86|3.75|3.64|3.75|3.97|4.00|3.51
SEVERINON KONSTANTIN|01:694:407:01|4.08|3.81|3.60|3.87|4.13|3.56|3.86|3.75|3.64|3.75|3.97|4.00|3.51
DEIS F|01:694:407:01|4.08|3.81|3.60|3.87|4.13|3.56|3.86|3.75|3.64|3.75|3.97|4.00|3.51
MATSUMURA F|01:694:411:01|4.74|4.79|4.64|4.85|4.76|4.63|4.73|4.73|4.69|4.56
ANDERSON STEVE|01:694:411:01|4.74|4.79|4.64|4.85|4.76|4.63|4.73|4.73|4.69|4.56
GABRIEL A|01:694:411:01|4.74|4.79|4.64|4.85|4.76|4.63|4.73|4.73|4.69|4.56
DIMOVA D|01:694:413:01|4.80|4.90|4.80|5.00|4.86|4.70|4.50|4.56|4.90|4.20
Bhanot Gyan|01:694:420:01|5.00|5.00|5.00|5.00|5.00|4.80|4.80|4.40|5.00|5.00
DRISCOLL M|01:694:483:01|4.89|4.85|4.70|4.76|4.68|4.73|4.50|4.66|4.73|4.42|5.00
GUNDERSON S|01:694:483:01|4.89|4.85|4.70|4.76|4.68|4.73|4.50|4.66|4.73|4.42
GUNDERSON SAMUEL|01:694:483:01|4.89|4.85|4.70|4.76|4.68|4.73|4.50|4.66|4.73|4.42
