KAZAKOVA Natalia|01:860:101:01|4.64|4.18|4.55|4.36|4.55|4.27|4.73|4.64|4.55|4.45
PIROG Gerald|01:860:102:01|5.00|4.80|5.00|4.80|4.60|5.00|5.00|4.80|5.00|4.80
MCCOY-RUSANOVA Svetlana|01:860:103:01|4.11|4.67|4.22|4.78|4.25|4.56|3.44|4.67|4.44|3.78
MEDVEDEVA Natalia|01:860:107:01|4.81|4.75|4.63|4.88|4.63|4.44|4.69|4.56|4.75|4.69
MEDVEDEVA Natalia|01:860:107:02|4.81|4.75|4.63|4.88|4.63|4.44|4.69|4.56|4.75|4.69
KAZAKOVA Natalia|01:860:201:01|4.67|4.83|5.00|5.00|5.00|5.00|5.00|4.83|5.00|5.00
MCCOY-RUSANOVA Svetlana|01:860:203:01|4.14|4.29|4.29|4.43|4.43|4.14|3.71|4.14|4.86|4.71
MCCOY-RUSANOVA Svetlana|01:860:207:01|4.50|4.67|4.83|4.67|4.33|4.50|4.67|5.00|4.67|4.50
AVINS Carol|01:860:320:01|5.00|4.86|4.57|4.86|4.43|4.71|4.43|4.14|4.71|4.29
VANBUSKIRK Emily|01:860:322:01|4.56|4.28|4.39|4.50|4.33|4.33|4.33|4.11|4.11|4.28
BOJANOWSKA Edyta|01:860:327:01|5.00|5.00|5.00|5.00|4.91|5.00|4.91|4.73|5.00|4.91
MCCOY-RUSANOVA Svetlana|01:860:351:01|4.14|4.14|4.29|4.29|4.71|4.00|4.00|3.71|4.29|4.00
BOGOMOLNY Svetlana|01:860:401:01|5.00|5.00|5.00|5.00|5.00|5.00|4.50|5.00|5.00|5.00
BOJANOWSKA Edyta|01:860:486:01|4.88|4.88|5.00|4.88|4.88|5.00|5.00|4.38|4.88|4.88
PIROG|01:860:493:01|5.00|5.00|5.00|5.00|5.00|5.00|5.00|4.00|5.00|5.00
