Vedovi Lucia|01:560:101:02|4.54|4.50|4.70|4.69|4.61|4.50|4.52|4.35|4.46|4.41
Fallon Loryn|01:560:101:03|4.54|4.50|4.70|4.69|4.61|4.50|4.52|4.35|4.46|4.41
Marinzoli Ida|01:560:101:04|4.54|4.50|4.70|4.69|4.61|4.50|4.52|4.35|4.46|4.41
Ferraro Cristiana|01:560:101:07|4.54|4.50|4.70|4.69|4.61|4.50|4.52|4.35|4.46|4.41
Rusnak Matthew|01:560:101:21|4.54|4.50|4.70|4.69|4.61|4.50|4.52|4.35|4.46|4.41
De Bevoise David|01:560:101:22|4.54|4.50|4.70|4.69|4.61|4.50|4.52|4.35|4.46|4.41
Metallo Claudine|01:560:101:23|4.54|4.50|4.70|4.69|4.61|4.50|4.52|4.35|4.46|4.41
Pascale Vincenzo|01:560:102:01|3.63|3.31|3.49|3.54|3.37|3.40|3.80|4.51|3.37|3.46
Fognani Airanna|01:560:102:02|3.63|3.31|3.49|3.54|3.37|3.40|3.80|4.51|3.37|3.46
Gerace Rosamaria|01:560:102:21|3.63|3.31|3.49|3.54|3.37|3.40|3.80|4.51|3.37|3.46
Fognani Arianna|01:560:107:01|4.18|4.55|4.45|4.64|4.40|4.45|4.36|4.36|4.45|4.27
De Feo Daniele|01:560:121:01|4.80|4.80|4.65|4.90|4.65|4.65|4.35|3.90|4.60|4.45
Rusnak Matthew|01:560:123:01|4.50|4.63|4.63|4.88|4.63|4.63|4.63|4.88|4.50|4.25
Nicosia Roberto|01:560:131:02|4.02|4.08|4.29|4.48|4.32|3.98|4.04|4.60|3.98|4.06
DeBevoise David|01:560:131:21|4.02|4.08|4.29|4.48|4.32|3.98|4.04|4.60|3.98|4.06
Mastrolia Maryann|01:560:132:01|3.23|3.64|3.50|3.82|4.68|2.91|3.32|4.77|3.14|3.41
MARSH David|01:560:231:01|4.45|4.52|4.64|4.55|4.59|4.45|4.32|4.36|4.36|4.19
Pascale Vincenzo|01:560:250:01|4.57|4.50|4.71|4.64|4.71|4.00|4.14|4.79|4.36|4.36
Nicosia Roberto|01:560:305:01|4.25|4.22|4.22|4.44|4.00|4.00|4.33|4.22|4.00|4.00
Gambarota Paola|01:560:316:01|4.78|4.89|5.00|4.78|4.89|4.89|4.89|4.67|4.89|4.89
Pascale Vincenzo|01:560:340:01|3.95|3.84|4.37|4.05|4.37|4.00|4.00|4.37|4.00|4.21
Gambarota Paola|01:560:345:02|4.68|4.75|4.69|4.83|4.70|4.44|4.60|4.54|4.52|4.52
Gambarota Paola|01:560:345:02|4.68|4.75|4.69|4.83|4.70|4.44|4.60|4.54|4.52|4.52
Borelli Elena|01:560:410:01|4.56|4.44|4.11|4.44|4.44|4.22|4.33|4.33|4.67|4.78
