BROWNING            JAMES|01:460:100:03|4.64|4.53|4.37|4.54|4.46|4.18|4.12|3.04|4.41|4.20|4.25
SUGARMAN            PETER|01:460:100:06|4.64|4.53|4.37|4.54|4.46|4.18|4.12|3.04|4.41|4.20|4.25
MONTEVERDE          DONALD|01:460:100:09|4.64|4.53|4.37|4.54|4.46|4.18|4.12|3.04|4.41|4.20|4.25|4.67|4.67
MONTEVERDE          DONALD|01:460:100:10|4.64|4.53|4.37|4.54|4.46|4.18|4.12|3.04|4.41|4.20|4.25|4.67|4.67|4.50|4.50|4.00|4.67|5.00|4.67
SWISHER             CARL|01:460:101:01|4.70|4.68|4.60|4.82|4.77|4.55|4.53|3.93|4.60|4.52|4.50
WRIGHT              J|01:460:102:01|4.76|4.75|4.75|4.81|4.95|4.68|4.86|4.32|4.90|4.81
SEVERMANN           SILKE|01:460:120:01|4.73|4.54|4.31|4.55|4.23|4.08|4.07|3.43|4.27|4.15|4.75|4.67|4.33|4.33|4.00|3.33|3.33|4.67|4.00
BIDLE KAY|01:460:120:02|4.73|4.54|4.31|4.55|4.23|4.08|4.07|3.43|4.27|4.15|4.75|4.67|4.33|4.33|4.00|3.33|3.33|4.67
YEE                 NATHAN|01:460:202:02|4.90|4.87|4.93|4.90|4.90|4.83|4.80|3.57|4.87|4.86|5.00
ROSENTHAL           YAIR|01:460:204:01|4.27|3.95|3.69|4.16|3.92|3.43|3.34|2.90|3.64|3.48|4.00|4.00|4.00|4.00|4.00|4.00|4.00|4.00|4.00
MCGHEE              GEORGE|01:460:206:01|4.85|4.38|4.26|4.68|4.71|4.17|4.35|3.85|4.51|4.32
DELANEY             JEREMY|01:460:224:01|4.24|4.32|4.07|4.43|4.20|3.59|3.64|3.21|3.68|3.64
WITHJACK            MARTHA|01:460:307:01|4.51|4.56|4.23|4.60|3.79|4.38|4.50|3.98|4.45|4.40
SCHLISCHE           ROY|01:460:307:01|4.51|4.56|4.23|4.60|3.79|4.38|4.50|3.98|4.45|4.40
MILLER              KENNETH|01:460:341:01|4.70|4.70|4.40|4.80|4.90|4.60|4.40|3.90|4.44|4.44
REINFELDER YINGFAN|01:460:414:01|5.00|5.00|4.60|4.80|5.00|4.80|4.60|4.00|4.80|4.80
