ZHU                 LIHUI|01:165:102:01|4.77|4.57|4.70|4.86|4.77|4.60|4.71|4.67|4.61|4.55
ZHU                 LIHUI|01:165:102:02|4.77|4.57|4.70|4.86|4.77|4.60|4.71|4.67|4.61|4.55|5.00
JENH                YEHFANG|01:165:102:03|4.77|4.57|4.70|4.86|4.77|4.60|4.71|4.67|4.61|4.55
XU                  YINGCHUN|01:165:102:04|4.77|4.57|4.70|4.86|4.77|4.60|4.71|4.67|4.61|4.55
WU                  JIQING|01:165:102:70|4.77|4.57|4.70|4.86|4.77|4.60|4.71|4.67|4.61|4.55
WEI                 XILING|01:165:108:01|4.63|4.50|4.50|4.75|4.50|4.00|4.50|4.00|4.38|4.13
WU                  YURU|01:165:111:01|4.47|4.16|4.41|4.25|4.37|4.24|4.38|4.04|4.18|4.18|3.00|3.00|3.00|3.00|3.00|3.00|3.00|3.00|3.00
TSLHANZ             DIETRICH|01:165:202:01|4.84|4.75|4.66|4.88|4.78|4.59|4.66|4.77|4.71|4.78
WU                  YURU|01:165:202:02|4.84|4.75|4.66|4.88|4.78|4.59|4.66|4.77|4.71|4.78
SHEN                GLORIA|01:165:220:01|3.52|3.77|3.52|3.95|4.25|3.33|3.36|3.61|3.37|3.38|5.00|5.00|5.00|5.00|5.00|5.00|5.00|5.00|5.00
NING                JING|01:165:222:01|4.71|4.76|4.48|4.76|4.76|4.48|4.62|4.38|4.62|4.43|5.00|5.00|5.00|5.00|5.00|5.00|5.00|5.00|5.00
NING                XIN|01:165:242:01|4.57|4.57|4.36|4.57|4.50|4.21|4.29|4.07|4.29|4.36
SONG                WEIJIE|01:165:262:01|4.66|4.66|4.62|4.74|4.24|4.38|4.45|4.17|4.49|4.49
WU                  YURU|01:165:302:01|4.83|4.78|4.68|4.74|4.85|4.66|4.62|4.72|4.70|4.70
NING                JING|01:165:302:02|4.83|4.78|4.68|4.74|4.85|4.66|4.62|4.72|4.70|4.70|4.50|4.50|4.50|4.50|4.50|4.50|4.50|4.50|4.50
WU                  YURU|01:165:322:01|5.00|5.00|5.00|5.00|4.92|4.92|4.85|3.85|5.00|4.85
WEI                 XILING|01:165:362:01|4.69|4.69|4.77|4.85|4.62|4.85|4.77|4.62|4.83|4.58
WEI                 XILING|01:165:371:01|4.40|4.40|4.00|4.10|4.09|3.82|4.18|4.18|4.11|4.11
NING                XIN|01:165:402:01|4.71|4.76|4.76|4.76|4.67|4.55|4.71|4.71|4.76|4.76
NING                XIN|01:165:419:01|4.82|4.82|4.91|4.82|4.73|4.55|4.55|4.55|4.64|4.70|5.00|5.00|5.00|5.00|5.00
HUANG               XIAODONG|01:165:425:01|4.64|4.64|4.64|4.79|4.80|4.50|4.57|4.64|4.43|4.46
SONG                WEIJIE|01:165:452:01|4.94|4.91|4.84|4.91|4.84|4.69|4.69|4.59|4.84|4.77|5.00
