Pairol Lesley|01:090:120:62|4.31|4.69|4.81|4.75|4.63|4.25|4.06|3.25|4.13|4.25
LEE EUNSUNG|01:090:233:01|4.75|4.83|4.92|4.92|4.83|4.83|4.83|4.67|4.82|4.73
GARROTE VALERIA|01:090:237:01|4.58|4.77|4.77|4.46|4.55|4.00|4.08|4.00|4.08|4.00
DOONAN CHRISTINA|01:090:241:01|4.54|4.71|4.53|4.33|4.14|4.29|4.43|4.36|4.29|4.29|5.00
MILLS ADRIENNE|01:090:243:01|4.80|4.82|4.64|4.82|4.73|4.67|4.00|4.00|4.55|4.09
BAYKAL OZGEN|01:090:245:01|3.43|3.75|3.88|3.57|4.57|3.44|3.22|3.63|3.33|3.38
REED JAMES|01:090:250:01|4.63|4.75|4.56|4.94|4.88|4.50|4.67|3.56|4.44|4.69
HEWITT NANCY|01:090:252:01|5.00|5.00|4.63|5.00|5.00|4.75|5.00|4.43|5.00|4.75
FABIAN ANN|01:090:253:01|4.73|5.00|4.82|5.00|4.82|4.82|4.55|4.36|4.82|4.82
FIGUEIRA THOMAS|01:090:255:01|4.75|5.00|4.00|5.00|4.00|4.29|4.25|4.00|4.63|4.00
WASSERMAN EMMA|01:090:256:01|4.64|4.60|4.18|4.64|4.30|4.18|4.55|3.64|4.20|3.89
SAFIR KEN|01:090:258:01|4.20|4.40|4.10|4.70|5.00|3.70|4.60|3.89|4.11|3.67
SALIME ZAKIA|01:090:259:01|4.23|4.38|4.38|4.62|4.23|4.54|4.46|4.08|4.23|4.00
VITELLO STANLEY|01:090:260:01|2.90|3.50|3.40|3.90|3.67|3.00|3.70|4.50|2.90|3.20
QUINCY RONALD|01:090:261:01|5.00|4.91|5.00|5.00|5.00|4.82|4.91|4.45|5.00|5.00
POPPER F|01:090:263:01|3.50|3.75|4.00|4.25|4.50|4.00|3.88|3.50|3.75|3.75
CHEN KUANGYU|01:090:264:01|3.63|3.11|3.56|3.89|3.67|3.00|3.89|3.89|3.33|3.56
KALANTARI B|01:090:265:01|3.60|4.40|4.40|4.40|5.00|4.20|4.40|3.80|4.20|4.00
SELLWOOD JEREMY|01:090:266:01|4.50|4.20|4.20|4.56|3.80|3.80|4.10|4.20|4.10|4.10
JI SUNGCHUL|01:090:267:01|4.60|4.80|4.20|5.00|5.00|4.00|4.80|3.00|4.00|3.50
COSANDEY FREDERIC|01:090:268:01|4.42|4.58|4.08|4.73|4.67|4.08|4.08|3.75|4.00|3.83
CODE ALAN|01:090:269:01|4.27|4.55|3.82|4.55|4.20|3.91|4.09|4.18|3.55|3.64
BOLDEN GALINA|01:090:270:01|4.93|4.57|4.14|4.57|4.57|4.00|4.29|3.60|4.43|4.00
HEFFNER R|01:090:271:01|4.67|4.00|4.17|3.67|4.80|4.67|4.33|4.33|4.33|4.50
BROOKS A|01:090:305:01|4.85|4.92|4.92|4.92|4.90|4.77|4.92|5.00|4.85|4.77|5.00|5.00|5.00|5.00|5.00|5.00
KRUEGER|01:090:320:01|4.87|4.76|4.43|4.74|4.72|4.60|4.06|4.23|4.55|4.40|4.21|3.15|4.38|4.63|4.79|4.77|4.92|4.58|4.67
BAILY SARAH|01:090:320:02|4.87|4.76|4.43|4.74|4.72|4.60|4.06|4.23|4.55|4.40|4.21|3.15|4.38|4.63|4.79|4.77|4.92|4.58|4.67
KRUEGER LYN|01:090:320:03|4.87|4.76|4.43|4.74|4.72|4.60|4.06|4.23|4.55|4.40|4.21|3.15|4.38|4.63|4.79|4.77|4.92|4.58|4.67
LEVINE JUSTINE|01:090:391:01|4.74|4.79|4.61|4.84|4.93|4.68|4.61|4.16|4.68|4.63
BLANEY PAUL|01:090:391:02|4.74|4.79|4.61|4.84|4.93|4.68|4.61|4.16|4.68|4.63
BLANEY PAUL|01:090:491:01|4.38|4.88|4.43|5.00|4.00|4.50|3.88|4.00|4.75|4.63
