POPOVICOVA I|01:195:101:01|4.57|4.52|4.44|4.57|4.22|4.00|4.11|3.68|4.22|4.12
POPOVICOVA I|01:195:101:02|4.57|4.52|4.44|4.57|4.22|4.00|4.11|3.68|4.22|4.12
BRUNAZZI-WEYHE E|01:195:101:04|4.57|4.52|4.44|4.57|4.22|4.00|4.11|3.68|4.22|4.12
BRUNAZZI-WEYHE E|01:195:135:03|3.64|3.69|3.77|3.84|3.81|3.47|3.21|3.64|3.49|3.42
TROIANO R|01:195:135:04|3.64|3.69|3.77|3.84|3.81|3.47|3.21|3.64|3.49|3.42
EISENZWEIG          URI|01:195:135:05|4.47|4.47|4.47|4.68|3.79|4.21|3.95|2.59|4.39|4.44
UHLIROVA R|01:195:150:02|4.69|4.71|4.68|4.75|4.76|4.60|4.60|4.15|4.58|4.50
UHLIROVA R|01:195:150:03|4.69|4.71|4.68|4.75|4.76|4.60|4.60|4.15|4.58|4.50
PISCHNER N|01:195:150:05|4.69|4.71|4.68|4.75|4.76|4.60|4.60|4.15|4.58|4.50
PISCHNER N|01:195:150:06|4.69|4.71|4.68|4.75|4.76|4.60|4.60|4.15|4.58|4.50
SCHALOW P|01:195:201:00|4.49|4.44|4.28|4.46|4.39|4.18|3.93|3.74|4.05|3.95
KAGER M|01:195:201:03|4.49|4.44|4.28|4.46|4.39|4.18|3.93|3.74|4.05|3.95
SCHALOW P|NONE|4.49|4.44|4.28|4.46|4.39|4.18|3.93|3.74|4.05|3.95
SWENSON J|01:195:203:01|4.42|4.42|4.17|4.42|4.25|3.92|4.08|3.92|4.33|4.25
WALKER              STEVEN|01:195:318:01|4.86|4.86|5.00|5.00|5.00|4.71|4.14|3.86|4.57|4.29
PARKER A|01:195:395:02|4.80|4.75|4.63|4.90|4.90|4.70|4.60|4.15|4.75|4.75
BOJANOWSKA          EDYTA|01:195:396:02|4.59|4.76|4.53|4.47|4.47|4.29|4.29|4.29|4.29|4.18
FLITTERMANLEWIS     SANDY|01:195:396:03|4.59|4.76|4.53|4.47|4.47|4.29|4.29|4.29|4.29|4.18|3.67|2.33|3.00|3.67|4.33|4.00
VANBUSKIRK          EMILY|01:195:397:01|4.57|4.57|4.57|4.71|4.57|4.57|4.86|4.14|4.57|4.57
RENNIE              NICHOLAS|01:195:398:01|4.69|4.62|4.54|4.69|4.38|4.46|4.54|4.38|4.62|4.62
SCHWAB              GABRIELE|01:195:398:02|4.69|4.62|4.54|4.69|4.38|4.46|4.54|4.38|4.62|4.62|5.00|5.00|3.00|5.00
Marcone Jorge|01:195:497:01|3.00|4.00|4.00|3.00|3.00|3.00|3.00|4.00|3.00|3.50
