CHO YOUNGMEE|01:574:101:01|4.59|4.58|4.71|4.72|4.59|4.46|4.54|4.60|4.49|4.47|4.67
JUNG JIYOUNG|01:574:101:02|4.59|4.58|4.71|4.72|4.59|4.46|4.54|4.60|4.49|4.47|4.67|4.00|4.50|4.00|4.00|4.50|4.50|4.50|4.50
JUNG JIYOUNG|01:574:101:70|4.59|4.58|4.71|4.72|4.59|4.46|4.54|4.60|4.49|4.47|4.67|4.50|4.50|4.50|4.50|4.50
JUNG JIYOUNG|01:574:201:01|4.69|4.59|4.71|4.53|4.41|4.35|4.35|4.24|4.47|4.47|5.00
KIM SUZY|01:574:210:01|4.74|4.75|4.50|4.75|4.55|4.35|4.45|3.90|4.90|4.45
KIM MARY|01:574:220:01|4.50|4.57|4.36|4.50|4.23|4.36|4.21|3.36|4.29|4.21|3.50
CHO YOUNGMEE|01:574:250:01|3.64|3.91|4.64|4.18|3.91|3.73|4.50|4.00|3.82|4.09
KIM YOUNGHOON|01:574:301:01|3.86|3.86|4.00|4.86|3.29|3.67|4.00|4.43|3.43|3.57
YOON HYUNSOO|01:574:303:01|4.47|4.33|4.47|4.47|4.41|4.35|4.56|4.38|4.69|4.56|4.38|4.40|4.83|4.60|4.80|4.80|4.80|5.00|4.75
KIM SOYOUN|01:574:410:01|4.60|4.71|4.57|4.77|4.79|4.50|4.64|4.07|4.50|4.43
