VERSHON             ANDREW|01:694:214:01|4.75|4.65|4.49|4.71|4.63|4.48|4.56|4.23|4.73|4.81|4.60|4.33|4.33|4.67|4.00|5.00|5.00|5.00|4.00
PARENT JANET|01:694:214:01|4.75|4.65|4.49|4.71|4.63|4.48|4.56|4.23|4.73|4.81|4.60|4.33|4.33|4.67|4.00|5.00|5.00|5.00|4.00
DEIS                F|01:694:301:01|3.83|3.95|4.06|3.93|4.09|3.53|3.95|3.35|3.86|3.86|4.22|3.97|3.23|2.00|1.00
PARENT JANETMEAD|01:694:315:01|4.61|4.64|4.48|4.69|4.56|4.43|4.57|4.52|4.55|4.40|5.00|5.00
PADGETT             RICHARD|01:694:315:01|4.61|4.64|4.48|4.69|4.56|4.43|4.57|4.52|4.55|4.40
NICKELS             BRYCE|01:694:315:01|4.61|4.64|4.48|4.69|4.56|4.43|4.57|4.52|4.55|4.40
DRISCOLL            MONICA|01:694:315:01|4.61|4.64|4.48|4.69|4.56|4.43|4.57|4.52|4.55|4.40
BRILL               STEVEN|01:694:408:01|4.27|4.03|3.84|4.17|3.76|3.61|4.06|3.58|4.14|3.96|3.53|3.53|3.80|3.71|4.27|4.14|3.67|4.00
MONTELIONE          GAETANO|01:694:412:01|4.95|4.95|4.86|4.95|5.00|5.00|4.95|4.82|4.95|4.95
ANDERSON            STEPHEN|01:694:412:01|4.95|4.95|4.86|4.95|5.00|5.00|4.95|4.82|4.95|4.95
GUNDERSON           SAMUEL|01:694:484:01|4.78|4.78|4.54|4.68|4.78|4.49|4.50|4.44|4.82|4.75
NIEDERMAN           ROBERT|01:694:484:01|4.78|4.78|4.54|4.68|4.78|4.49|4.50|4.44|4.82|4.75
GRANT               BARTH|01:694:484:01|4.78|4.78|4.54|4.68|4.78|4.49|4.50|4.44|4.82|4.75
