TRANSUE             GREGG|01:119:100:00|4.37|4.32|4.40|4.49|4.13|4.16|4.18|4.11|4.15|4.04|3.00|5.00|5.00|3.00|4.00|5.00
KARPATI             AMY|01:119:100:71|4.37|4.32|4.40|4.49|4.13|4.16|4.18|4.11|4.15|4.04
KARPATI             AMY|01:119:100:75|4.37|4.32|4.40|4.49|4.13|4.16|4.18|4.11|4.15|4.04
YU                  HOWARD|01:119:102:24|4.51|4.29|4.14|4.42|4.09|4.05|4.06|3.81|4.21|3.85
YU                  HOWARD|01:119:102:55|4.51|4.29|4.14|4.42|4.09|4.05|4.06|3.81|4.21|3.85
SKELLY              SUSAN|01:119:131:01|4.61|4.47|4.18|4.40|4.13|4.00|4.18|3.57|4.21|4.11
HAVILAND            MARTHA|01:119:150:01|4.84|4.82|4.62|4.83|4.76|4.43|4.35|3.52|4.53|4.30|5.00|5.00|5.00|5.00|5.00
GLODOWSKI           DOREEN|01:119:154:01|4.82|4.68|4.27|4.45|4.09|4.00|4.00|3.76|4.24|4.05
PESCATORE           JOHN|01:119:160:02|4.49|4.26|4.34|4.40|4.69|4.11|4.06|3.39|4.17|4.03|5.00|5.00|5.00|5.00|5.00|5.00
GOLFETTI            ROSELI|01:119:194:01|3.94|4.25|4.44|4.88|4.60|4.31|4.56|4.38|4.13|4.13
