Babiarz B|01:146:270:01|4.49|4.26|4.21|4.45|4.16|4.09|4.08|4.00|4.17|3.98
Kiledjian M|01:146:270:01|4.49|4.26|4.21|4.45|4.16|4.09|4.08|4.00|4.17|3.98
Liu A|01:146:270:01|4.49|4.26|4.21|4.45|4.16|4.09|4.08|4.00|4.17|3.98
KEATING ANNE|01:146:328:01|4.69|4.60|4.57|4.56|4.32|4.25|4.46|3.97|4.39|4.27|4.50|4.00|4.00|4.00|4.00|4.00|4.00
KEATING ANNE|01:146:329:01|4.76|4.93|4.74|4.84|4.74|4.67|4.74|4.23|4.74|4.53|5.00|5.00|5.00|5.00|5.00|5.00|5.00|5.00|5.00
KEATING ANNE|01:146:329:02|4.76|4.93|4.74|4.84|4.74|4.67|4.74|4.23|4.74|4.53
GOLFETI ROSELI|01:146:356:01|3.62|3.49|3.56|4.00|3.57|3.06|3.45|4.02|2.90|3.08
SAMLZEDEH MAHTA|01:146:357:05|4.61|4.45|4.32|4.49|4.01|4.16|4.23|3.78|4.40|3.90
VATSAL SHAH|01:146:357:10|4.61|4.45|4.32|4.49|4.01|4.16|4.23|3.78|4.40|3.90
ZHANG YUWEN|01:146:357:11|4.61|4.45|4.32|4.49|4.01|4.16|4.23|3.78|4.40|3.90
DARCENGELO|01:146:445:01|4.72|4.64|4.42|4.68|4.39|4.41|4.42|4.47|4.56|4.49|4.50
FIRESTEIN BONNIE|01:146:445:01|4.72|4.64|4.42|4.68|4.39|4.41|4.42|4.47|4.56|4.49
PLUMMER MARK|01:146:445:01|4.72|4.64|4.42|4.68|4.39|4.41|4.42|4.47|4.56|4.49
YONG|01:146:464:01|4.81|4.61|4.45|4.67|4.40|4.52|4.52|4.86|4.55|4.59
GRUMET M|01:146:464:01|4.81|4.61|4.45|4.67|4.40|4.52|4.52|4.86|4.55|4.59
Hart Ron|01:146:470:01|4.23|4.13|4.02|4.15|3.92|3.85|3.76|3.80|3.91|3.74
Grant Barth|01:146:470:01|4.23|4.13|4.02|4.15|3.92|3.85|3.76|3.80|3.91|3.74
Brewer Gary|01:146:470:01|4.23|4.13|4.02|4.15|3.92|3.85|3.76|3.80|3.91|3.74
Haimovich Beatrice|01:146:470:01|4.23|4.13|4.02|4.15|3.92|3.85|3.76|3.80|3.91|3.74
Werlen Guy|01:146:470:01|4.23|4.13|4.02|4.15|3.92|3.85|3.76|3.80|3.91|3.74
Grumet Martin|01:146:470:01|4.23|4.13|4.02|4.15|3.92|3.85|3.76|3.80|3.91|3.74
Martin Charles|01:146:470:01|4.23|4.13|4.02|4.15|3.92|3.85|3.76|3.80|3.91|3.74
