STEINBERG|01:198:107:00|3.72|3.53|3.20|4.03|4.06|3.05|2.87|2.26|3.37|3.21
GERASOULIS APOSTOLOS|01:198:107:04|3.72|3.53|3.20|4.03|4.06|3.05|2.87|2.26|3.37|3.21
CHIRCO J|01:198:110:00|4.46|4.26|4.06|4.43|4.38|3.97|4.05|2.94|4.15|3.84|4.00|4.41|4.17|4.41
BELOWICH A|01:198:110:00|4.46|4.26|4.06|4.43|4.38|3.97|4.05|2.94|4.15|3.84
BELOWICH ALAN|01:198:110:00|4.46|4.26|4.06|4.43|4.38|3.97|4.05|2.94|4.15|3.84
POLASAM PRAVEEN|01:198:110:01|4.46|4.26|4.06|4.43|4.38|3.97|4.05|2.94|4.15|3.84
MAURYA TALISETTI|01:198:110:02|4.46|4.26|4.06|4.43|4.38|3.97|4.05|2.94|4.15|3.84
POLASAM PRAVEEN|01:198:110:03|4.46|4.26|4.06|4.43|4.38|3.97|4.05|2.94|4.15|3.84
KWAK DAEHAN|01:198:110:11|4.46|4.26|4.06|4.43|4.38|3.97|4.05|2.94|4.15|3.84
GOKUL MENON|01:198:110:12|4.46|4.26|4.06|4.43|4.38|3.97|4.05|2.94|4.15|3.84
TALISETTI MAURYA|01:198:110:13|4.46|4.26|4.06|4.43|4.38|3.97|4.05|2.94|4.15|3.84|4.00|4.41|4.17|4.41|4.19
HAREL EDHAREL|01:198:110:14|4.46|4.26|4.06|4.43|4.38|3.97|4.05|2.94|4.15|3.84
EDAN HAREL|01:198:110:15|4.46|4.26|4.06|4.43|4.38|3.97|4.05|2.94|4.15|3.84|4.00|4.41|4.17|4.41|4.19
BELOWICH ALAN|01:198:110:30|4.46|4.26|4.06|4.43|4.38|3.97|4.05|2.94|4.15|3.84
YAKOS JOHN|01:198:110:31|4.46|4.26|4.06|4.43|4.38|3.97|4.05|2.94|4.15|3.84
KASIBHATLA UDAYADURGA|01:198:110:32|4.46|4.26|4.06|4.43|4.38|3.97|4.05|2.94|4.15|3.84
GOKUL MENON|01:198:110:33|4.46|4.26|4.06|4.43|4.38|3.97|4.05|2.94|4.15|3.84|4.00
BELOWICH A|01:198:110:34|4.08|4.38|4.15|4.69|4.62|3.92|4.23|3.62|4.08|3.92
PALANIAPPAN ANNAMALAI|01:198:110:35|4.46|4.26|4.06|4.43|4.38|3.97|4.05|2.94|4.15|3.84
JAGADCEESWARAN RAMACHANDR|01:198:110:41|4.46|4.26|4.06|4.43|4.38|3.97|4.05|2.94|4.15|3.84
PALANIAPPAN ANNAMALAI|01:198:110:42|4.46|4.26|4.06|4.43|4.38|3.97|4.05|2.94|4.15|3.84
DEVARAJ KARTHIKVIG|01:198:110:43|4.46|4.26|4.06|4.43|4.38|3.97|4.05|2.94|4.15|3.84
DEVARAJ KARTHIKVIG|01:198:110:44|4.46|4.26|4.06|4.43|4.38|3.97|4.05|2.94|4.15|3.84
KASIBHATLA UDAYADURGA|01:198:110:45|4.46|4.26|4.06|4.43|4.38|3.97|4.05|2.94|4.15|3.84|4.00|4.17|4.19|5.00|5.00|5.00|5.00
CHAUDHARI APOORVA|01:198:110:51|4.46|4.26|4.06|4.43|4.38|3.97|4.05|2.94|4.15|3.84
CHAUDHARI APOORVA|01:198:110:53|4.46|4.26|4.06|4.43|4.38|3.97|4.05|2.94|4.15|3.84
STEINBERG LOIS|01:198:111:00|4.61|4.49|4.35|4.53|3.98|4.18|4.24|4.14|4.39|4.16
HARI P|01:198:111:00|4.61|4.49|4.35|4.53|3.98|4.18|4.24|4.14|4.39|4.16|5.00|5.00|5.00
VENUGOPAL|01:198:111:00|4.61|4.49|4.35|4.53|3.98|4.18|4.24|4.14|4.39|4.16
JAGANNATH TIMMA|01:198:111:16|4.61|4.49|4.35|4.53|3.98|4.18|4.24|4.14|4.39|4.16|5.00
HARI PRADIP|01:198:112:00|4.46|4.29|4.06|4.47|4.51|4.08|4.18|4.47|4.20|4.21|4.50|4.50|4.50|4.50|4.50
VENUGOPAL SESH|01:198:112:00|4.46|4.29|4.06|4.47|4.51|4.08|4.18|4.47|4.20|4.21
HAQUE MD|01:198:112:01|4.46|4.29|4.06|4.47|4.51|4.08|4.18|4.47|4.20|4.21
XU YIXIN|01:198:112:05|4.46|4.29|4.06|4.47|4.51|4.08|4.18|4.47|4.20|4.21|4.50|4.50|4.50|4.50|4.50|4.00|4.00|4.00|4.00
APPENZELLER JIM|01:198:170:00|4.47|4.36|4.15|4.46|4.57|4.08|4.32|3.47|4.22|4.21|4.63|4.20|5.00|4.67|5.00
APPENZELLER JIM|01:198:170:00|4.47|4.36|4.15|4.46|4.57|4.08|4.32|3.47|4.22|4.21|4.63|4.20
INDUKURI ROHIT|01:198:170:03|4.47|4.36|4.15|4.46|4.57|4.08|4.32|3.47|4.22|4.21|5.00|5.00
INDUKURI ROHIT|01:198:170:04|4.47|4.36|4.15|4.46|4.57|4.08|4.32|3.47|4.22|4.21
KUNCHAKARRA SRIVATSAV|01:198:170:05|4.47|4.36|4.15|4.46|4.57|4.08|4.32|3.47|4.22|4.21
KUNCHAKARRA SRIVATSAV|01:198:170:08|4.47|4.36|4.15|4.46|4.57|4.08|4.32|3.47|4.22|4.21
CIRUPATI|01:198:170:17|4.47|4.36|4.15|4.46|4.57|4.08|4.32|3.47|4.22|4.21
CIRUPPTI|01:198:170:18|4.47|4.36|4.15|4.46|4.57|4.08|4.32|3.47|4.22|4.21
PARMARTHI|01:198:170:20|4.47|4.36|4.15|4.46|4.57|4.08|4.32|3.47|4.22|4.21|4.67
MINSKY N|01:198:205:00|4.31|4.42|4.42|4.64|4.26|4.29|4.37|3.80|4.25|4.10|4.67
MINSKY N|01:198:205:01|4.31|4.42|4.42|4.64|4.26|4.29|4.37|3.80|4.25|4.10|4.67|4.50|4.50|4.50|4.00|4.00|4.00|4.00|4.00
SINGH G|01:198:205:04|4.31|4.42|4.42|4.64|4.26|4.29|4.37|3.80|4.25|4.10|4.67|4.50|4.50|4.50
SZEMEREDI E|01:198:206:00|4.03|4.00|3.51|4.24|4.17|3.66|3.84|3.30|3.67|3.76|3.56|4.00|4.39
MDPAVEL MAHMUD|01:198:206:05|4.03|4.00|3.51|4.24|4.17|3.66|3.84|3.30|3.67|3.76|3.56|4.00|4.39|2.94|2.00|2.00|2.00|2.00|2.00
STEIGER W|01:198:206:05|4.03|4.00|3.51|4.24|4.17|3.66|3.84|3.30|3.67|3.76|3.56|4.00|4.39|2.94
NATH B|01:198:211:00|4.50|4.50|4.32|4.61|4.23|4.19|4.27|4.13|4.44|4.25
VIANNA D|01:198:211:03|4.50|4.50|4.32|4.61|4.23|4.19|4.27|4.13|4.44|4.25
RUSSELL B|01:198:214:00|4.56|4.60|4.61|4.68|4.22|4.29|4.44|4.38|4.52|4.37
SHAN CHUNGCHIEH|01:198:314:00|4.75|4.90|4.43|4.88|4.67|4.55|4.43|3.92|4.55|4.54|3.00|2.00|2.00|2.00|2.00|2.00|2.00|2.00|2.00
SHAN CHUNGCHIEH|01:198:314:02|4.75|4.90|4.43|4.88|4.67|4.55|4.43|3.92|4.55|4.54
ABELLO JAMES|01:198:344:01|4.05|3.58|3.53|3.50|2.39|3.28|3.39|3.28|3.11|2.84|1.00|1.00|1.00
MARTIN RICHARD|01:198:352:00|3.78|3.81|3.09|3.91|3.76|3.09|3.41|4.43|3.16|2.44|2.80|3.89|3.42|3.00
KRZYZANOWSKI PAUL|01:198:416:00|4.39|4.23|4.24|4.30|4.38|4.13|4.17|3.77|4.20|4.25
GANAPATHY VINOD|01:198:419:01|4.77|4.69|4.38|4.77|4.69|4.58|4.64|4.58|4.58|4.58
NEALEN ANDREW|01:198:428:01|4.59|4.50|4.48|4.56|4.56|4.32|4.64|4.41|4.48|4.64|5.00
BORGIDA ALEX|01:198:431:01|4.42|4.50|4.10|4.80|4.24|3.65|3.80|4.05|4.05|3.85|5.00
STONE MATTHEW|01:198:440:01|4.25|4.58|4.08|4.83|4.50|4.00|3.92|4.58|4.25|3.92
MARIAN AMELIE|01:198:442:01|3.95|3.72|3.58|3.89|4.05|3.37|3.42|4.32|3.58|3.58|4.00
