MCDOWELL            DOUGLAS|01:920:101:01|4.50|4.57|4.52|4.63|4.56|4.25|4.22|3.56|4.41|4.34
CLARKE              LEE|01:920:101:17|4.50|4.57|4.52|4.63|4.56|4.25|4.22|3.56|4.41|4.34|5.00|5.00|5.00|5.00|5.00|5.00|5.00|5.00|5.00
CARR                DEBORAH|01:920:101:24|4.50|4.57|4.52|4.63|4.56|4.25|4.22|3.56|4.41|4.34|5.00
KEMPNER             JOANNA|01:920:103:03|4.55|4.34|4.06|4.44|4.36|3.97|3.90|3.43|4.02|3.93|4.50
HANSELL             STEPHEN|01:920:210:01|4.82|4.57|4.57|4.73|4.57|4.29|4.47|4.02|4.52|4.43|5.00
COWPERTHWAITE       JOAO|01:920:218:01|4.46|4.66|4.36|4.84|4.79|4.34|4.16|3.93|4.52|4.38|5.00
HIRSCHFIELD         PAUL|01:920:222:02|4.24|3.98|3.87|4.05|4.05|3.61|3.75|3.70|3.76|3.77|4.67
COVINGTON           JEANETTE|01:920:222:05|4.24|3.98|3.87|4.05|4.05|3.61|3.75|3.70|3.76|3.77|4.67
SMITH|01:920:248:01|4.63|4.34|3.87|4.38|4.49|3.67|3.79|4.21|4.05|3.89
RODRIGUEZ ROBYN|01:920:270:01|4.35|4.52|4.34|4.75|4.59|4.32|4.32|3.52|4.31|4.26|4.42|4.49|4.46|4.00|4.33|4.00|5.00
CARELLI             LINDA|01:920:272:02|3.83|4.40|4.40|4.54|4.39|3.82|3.74|3.47|3.92|3.96
SINGLETON ALENA|01:920:283:01|4.49|4.52|4.54|4.49|4.13|4.23|4.16|3.68|4.24|4.21
MCLEAN              PAUL|01:920:290:02|4.69|4.58|4.50|4.61|4.33|4.34|4.29|3.69|4.44|4.32|5.00
ROSENFIELD          SARAH|01:920:292:02|4.34|4.37|4.42|4.51|4.34|4.08|3.99|3.81|4.21|4.16
STEIN ARLENE|01:920:292:04|4.34|4.37|4.42|4.51|4.34|4.08|3.99|3.81|4.21|4.16|5.00|5.00
WILHELMS            JEFF|01:920:304:03|3.78|3.82|3.80|3.86|3.42|3.26|3.23|3.62|3.34|3.32
FORSTER             ANNA|01:920:304:80|3.78|3.82|3.80|3.86|3.42|3.26|3.23|3.62|3.34|3.32
WINEBERG            HOWARD|01:920:306:01|4.34|4.35|4.15|4.32|4.13|4.03|3.90|3.64|4.14|3.95|4.33|3.00|3.00|3.00|3.00|3.00|3.00|3.00|3.00
MITCHELL            ELIZABETH|01:920:306:04|4.34|4.35|4.15|4.32|4.13|4.03|3.90|3.64|4.14|3.95
HORWITZ             ALLAN|01:920:307:00|4.81|4.75|4.71|4.81|4.68|4.56|4.60|4.31|4.70|4.66|5.00|5.00|5.00|5.00|5.00|5.00|5.00|5.00|5.00
JACKSON             C|01:920:307:04|4.81|4.75|4.71|4.81|4.68|4.56|4.60|4.31|4.70|4.66
GARRIDO             MELISSA|01:920:311:00|4.34|4.25|3.86|4.43|4.33|3.82|3.67|3.07|3.98|3.82
PHILLIPS            JULIE|01:920:311:00|4.34|4.25|3.86|4.43|4.33|3.82|3.67|3.07|3.98|3.82|5.00
MOUZON              DAWNE|01:920:311:03|4.34|4.25|3.86|4.43|4.33|3.82|3.67|3.07|3.98|3.82
MOUZON              DAWNE|01:920:311:04|4.34|4.25|3.86|4.43|4.33|3.82|3.67|3.07|3.98|3.82
DAIPHA              PHAEDRA|01:920:313:00|4.40|4.17|4.01|4.34|4.30|3.85|3.88|3.38|4.09|4.02
MITCHELL            ELIZABETH|01:920:313:00|4.40|4.17|4.01|4.34|4.30|3.85|3.88|3.38|4.09|4.02
LU                  WENBO|01:920:313:12|4.40|4.17|4.01|4.34|4.30|3.85|3.88|3.38|4.09|4.02
MITCHELL            ELIZABETH|01:920:314:00|4.40|4.37|4.16|4.53|4.21|3.97|4.02|3.43|4.19|4.11
MISCHE ANN|01:920:314:00|4.40|4.37|4.16|4.53|4.21|3.97|4.02|3.43|4.19|4.11|4.50
LAPOINTE            ELEANOR|01:920:314:07|4.40|4.37|4.16|4.53|4.21|3.97|4.02|3.43|4.19|4.11
ZABLOCKI            BENJAMIN|01:920:319:01|4.80|4.45|3.81|4.75|4.77|3.78|3.94|3.84|4.19|4.03
RODRIGUEZ ROBYN|01:920:324:01|4.31|4.37|4.54|4.67|4.61|4.21|4.05|3.63|4.23|4.11|4.70|4.58|4.74|4.40|4.28|5.00|5.00|4.67|5.00
GERSON              JUDITH|01:920:324:03|4.31|4.37|4.54|4.67|4.61|4.21|4.05|3.63|4.23|4.11
WILLIAMS            RICHARD|01:920:326:01|4.03|4.19|4.25|4.23|3.61|3.97|3.79|3.39|3.88|3.94|4.00|4.00|5.00|5.00|5.00|5.00|5.00|5.00|5.00
MCDOWELL            DOUGLAS|01:920:349:01|4.43|4.49|4.55|4.62|4.60|4.34|4.38|3.81|4.35|4.33
BATEMAN             MICHAEL|01:920:349:02|4.43|4.49|4.55|4.62|4.60|4.34|4.38|3.81|4.35|4.33|5.00
SCHUSTER            SHERRIL|01:920:354:01|4.56|4.00|4.44|4.75|4.56|4.11|4.88|3.56|4.57|4.50
RUDEL               THOMAS|01:920:359:01|4.81|4.63|4.56|4.75|3.94|4.19|4.50|3.75|4.25|4.19|3.00
COVINGTON           JEANETTE|01:920:361:01|3.65|2.54|3.13|2.33|2.88|2.33|3.39|4.14|2.75|2.76
ZABLOCKI            BENJAMIN|01:920:406:01|4.67|4.43|3.95|4.57|4.43|3.86|4.14|3.80|4.05|4.05
WINEBERG            HOWARD|01:920:410:01|4.58|4.55|4.75|4.50|4.80|4.48|4.48|4.47|4.55|4.53
DAIPHA              PHAEDRA|01:920:422:01|4.74|4.67|4.74|4.71|4.48|4.41|4.56|3.90|4.55|4.53
WILLIAMS            RICHARD|01:920:422:02|4.74|4.67|4.74|4.71|4.48|4.41|4.56|3.90|4.55|4.53
STEIN ARLENE|01:920:422:03|4.74|4.67|4.74|4.71|4.48|4.41|4.56|3.90|4.55|4.53
SMITH|01:920:422:05|4.74|4.67|4.74|4.71|4.48|4.41|4.56|3.90|4.55|4.53
