ZEHALA              M|01:355:098:01|5.00|4.75|4.50|4.75|4.75|4.50|4.75|3.75|4.75|4.00|4.75|5.00|4.75|4.75|4.67|4.50|4.75|3.75|4.25
ZEHALA              M|01:355:100:09|4.67|4.62|4.52|4.67|4.22|4.37|4.36|2.97|4.44|4.20|4.58|4.42|4.56|4.74|3.89|4.55|4.69|3.93|4.39
KALTEISSEN          K|01:355:100:16|4.67|4.62|4.52|4.67|4.22|4.37|4.36|2.97|4.44|4.20|4.58|4.42|4.56|4.74|3.89|4.55|4.69|3.93|4.39
YASKOVA             Y|01:355:100:61|4.67|4.62|4.52|4.67|4.22|4.37|4.36|2.97|4.44|4.20|4.58|4.42|4.56|4.74|3.89|4.55|4.69|3.93|4.39
KALTEISSEN          K|01:355:100:62|4.67|4.62|4.52|4.67|4.22|4.37|4.36|2.97|4.44|4.20|4.58|4.42|4.56|4.74|3.89|4.55|4.69|3.93|4.39
YAKSOVA             Y|01:355:100:63|4.67|4.62|4.52|4.67|4.22|4.37|4.36|2.97|4.44|4.20|4.58|4.42|4.56|4.74|3.89|4.55|4.69|3.93|4.39
DEXHEIMER           L|01:355:100:64|4.67|4.62|4.52|4.67|4.22|4.37|4.36|2.97|4.44|4.20|4.58|4.42|4.56|4.74|3.89|4.55|4.69|3.93|4.39
NEVIUS              J|01:355:100:70|4.67|4.62|4.52|4.67|4.22|4.37|4.36|2.97|4.44|4.20|4.58|4.42|4.56|4.74|3.89|4.55|4.69|3.93|4.39
TUPPER              L|01:355:100:70|4.67|4.62|4.52|4.67|4.22|4.37|4.36|2.97|4.44|4.20|4.58|4.42|4.56|4.74|3.89|4.55|4.69|3.93|4.39
NELSON              C|01:355:100:71|4.67|4.62|4.52|4.67|4.22|4.37|4.36|2.97|4.44|4.20|4.58|4.42|4.56|4.74|3.89|4.55|4.69|3.93|4.39
ABBOUD              R|01:355:100:72|4.67|4.62|4.52|4.67|4.22|4.37|4.36|2.97|4.44|4.20|4.58|4.42|4.56|4.74|3.89|4.55|4.69|3.93|4.39
NELSON              C|01:355:100:73|4.67|4.62|4.52|4.67|4.22|4.37|4.36|2.97|4.44|4.20|4.58|4.42|4.56|4.74|3.89|4.55|4.69|3.93|4.39
DEXHEIMER           L|01:355:100:74|4.67|4.62|4.52|4.67|4.22|4.37|4.36|2.97|4.44|4.20|4.58|4.42|4.56|4.74|3.89|4.55|4.69|3.93|4.39
ABBOUD              R|01:355:100:76|4.67|4.62|4.52|4.67|4.22|4.37|4.36|2.97|4.44|4.20|4.58|4.42|4.56|4.74|3.89|4.55|4.69|3.93|4.39
NEVIUS              J|01:355:100:79|4.67|4.62|4.52|4.67|4.22|4.37|4.36|2.97|4.44|4.20|4.58|4.42|4.56|4.74|3.89|4.55|4.69|3.93|4.39
ALLEN               D|01:355:101:00|4.56|4.48|4.31|4.56|4.17|4.16|3.98|2.51|4.31|3.81|4.45|4.14|4.30|4.77|3.70|4.40|4.49|3.90|4.14
CANTOR              D|01:355:101:00|4.56|4.48|4.31|4.56|4.17|4.16|3.98|2.51|4.31|3.81|4.45|4.14|4.30|4.77|3.70|4.40|4.49|3.90|4.14
KAREMAN             D|01:355:101:00|4.56|4.48|4.31|4.56|4.17|4.16|3.98|2.51|4.31|3.81|4.45|4.14|4.30|4.77|3.70|4.40|4.49|3.90|4.14
JAFFEFOGER          M|01:355:101:03|4.56|4.48|4.31|4.56|4.17|4.16|3.98|2.51|4.31|3.81|4.45|4.14|4.30|4.77|3.70|4.40|4.49|3.90|4.14
SMITH               L|01:355:101:05|4.56|4.48|4.31|4.56|4.17|4.16|3.98|2.51|4.31|3.81|4.45|4.14|4.30|4.77|3.70|4.40|4.49|3.90|4.14
MASIELLO            R|01:355:101:05|4.56|4.48|4.31|4.56|4.17|4.16|3.98|2.51|4.31|3.81|4.45|4.14|4.30|4.77|3.70|4.40|4.49|3.90|4.14
SMITH               L|01:355:101:06|4.56|4.48|4.31|4.56|4.17|4.16|3.98|2.51|4.31|3.81|4.45|4.14|4.30|4.77|3.70|4.40|4.49|3.90|4.14
CHOWDHURY           N|01:355:101:08|4.56|4.48|4.31|4.56|4.17|4.16|3.98|2.51|4.31|3.81|4.45|4.14|4.30|4.77|3.70|4.40|4.49|3.90|4.14
KAREMAN             D|01:355:101:08|4.56|4.48|4.31|4.56|4.17|4.16|3.98|2.51|4.31|3.81|4.45|4.14|4.30|4.77|3.70|4.40|4.49|3.90|4.14
YORDANOVA           T|01:355:101:09|4.56|4.48|4.31|4.56|4.17|4.16|3.98|2.51|4.31|3.81|4.45|4.14|4.30|4.77|3.70|4.40|4.49|3.90|4.14
ZUBERNIZ            E|01:355:101:09|4.56|4.48|4.31|4.56|4.17|4.16|3.98|2.51|4.31|3.81|4.45|4.14|4.30|4.77|3.70|4.40|4.49|3.90|4.14
STANTON             D|01:355:101:10|4.56|4.48|4.31|4.56|4.17|4.16|3.98|2.51|4.31|3.81|4.45|4.14|4.30|4.77|3.70|4.40|4.49|3.90|4.14
ALMS                A|01:355:101:10|4.56|4.48|4.31|4.56|4.17|4.16|3.98|2.51|4.31|3.81|4.45|4.14|4.30|4.77|3.70|4.40|4.49|3.90|4.14
YORDANOVA           T|01:355:101:10|4.56|4.48|4.31|4.56|4.17|4.16|3.98|2.51|4.31|3.81|4.45|4.14|4.30|4.77|3.70|4.40|4.49|3.90|4.14
STANTON             D|01:355:101:11|4.56|4.48|4.31|4.56|4.17|4.16|3.98|2.51|4.31|3.81|4.45|4.14|4.30|4.77|3.70|4.40|4.49|3.90|4.14
WILLIAMS            S|01:355:101:11|4.56|4.48|4.31|4.56|4.17|4.16|3.98|2.51|4.31|3.81|4.45|4.14|4.30|4.77|3.70|4.40|4.49|3.90|4.14
YOO                 J|01:355:101:12|4.56|4.48|4.31|4.56|4.17|4.16|3.98|2.51|4.31|3.81|4.45|4.14|4.30|4.77|3.70|4.40|4.49|3.90|4.14
KOSTOVA             J|01:355:101:13|4.56|4.48|4.31|4.56|4.17|4.16|3.98|2.51|4.31|3.81|4.45|4.14|4.30|4.77|3.70|4.40|4.49|3.90|4.14
HAQQSTEVENS         E|01:355:101:13|4.56|4.48|4.31|4.56|4.17|4.16|3.98|2.51|4.31|3.81|4.45|4.14|4.30|4.77|3.70|4.40|4.49|3.90|4.14
ALMS                A|01:355:101:14|4.56|4.48|4.31|4.56|4.17|4.16|3.98|2.51|4.31|3.81|4.45|4.14|4.30|4.77|3.70|4.40|4.49|3.90|4.14
STANTON             D|01:355:101:14|4.56|4.48|4.31|4.56|4.17|4.16|3.98|2.51|4.31|3.81|4.45|4.14|4.30|4.77|3.70|4.40|4.49|3.90|4.14
SILLS               J|01:355:101:16|4.56|4.48|4.31|4.56|4.17|4.16|3.98|2.51|4.31|3.81|4.45|4.14|4.30|4.77|3.70|4.40|4.49|3.90|4.14
WILLIAMS            S|01:355:101:18|4.56|4.48|4.31|4.56|4.17|4.16|3.98|2.51|4.31|3.81|4.45|4.14|4.30|4.77|3.70|4.40|4.49|3.90|4.14
ASHLEY              B|01:355:101:25|4.56|4.48|4.31|4.56|4.17|4.16|3.98|2.51|4.31|3.81|4.45|4.14|4.30|4.77|3.70|4.40|4.49|3.90|4.14
BALDINO R|01:355:101:29|4.56|4.48|4.31|4.56|4.17|4.16|3.98|2.51|4.31|3.81|4.45|4.14|4.30|4.77|3.70|4.40|4.49|3.90|4.14
HUNTER              S|01:355:101:31|4.56|4.48|4.31|4.56|4.17|4.16|3.98|2.51|4.31|3.81|4.45|4.14|4.30|4.77|3.70|4.40|4.49|3.90|4.14
ASHLEY              B|01:355:101:31|4.56|4.48|4.31|4.56|4.17|4.16|3.98|2.51|4.31|3.81|4.45|4.14|4.30|4.77|3.70|4.40|4.49|3.90|4.14
HEDGESFARLEY        N|01:355:101:34|4.56|4.48|4.31|4.56|4.17|4.16|3.98|2.51|4.31|3.81|4.45|4.14|4.30|4.77|3.70|4.40|4.49|3.90|4.14
DASGUPTA            A|01:355:101:37|4.56|4.48|4.31|4.56|4.17|4.16|3.98|2.51|4.31|3.81|4.45|4.14|4.30|4.77|3.70|4.40|4.49|3.90|4.14
NOVEMBER            J|01:355:101:41|4.56|4.48|4.31|4.56|4.17|4.16|3.98|2.51|4.31|3.81|4.45|4.14|4.30|4.77|3.70|4.40|4.49|3.90|4.14
VOGEL               J|01:355:101:42|4.56|4.48|4.31|4.56|4.17|4.16|3.98|2.51|4.31|3.81|4.45|4.14|4.30|4.77|3.70|4.40|4.49|3.90|4.14
MORRONE             P|01:355:101:43|4.56|4.48|4.31|4.56|4.17|4.16|3.98|2.51|4.31|3.81|4.45|4.14|4.30|4.77|3.70|4.40|4.49|3.90|4.14
MILLER              S|01:355:101:45|4.56|4.48|4.31|4.56|4.17|4.16|3.98|2.51|4.31|3.81|4.45|4.14|4.30|4.77|3.70|4.40|4.49|3.90|4.14
NOVEMBER            J|01:355:101:46|4.56|4.48|4.31|4.56|4.17|4.16|3.98|2.51|4.31|3.81|4.45|4.14|4.30|4.77|3.70|4.40|4.49|3.90|4.14
OLTARZEWSKI         M|01:355:101:48|4.56|4.48|4.31|4.56|4.17|4.16|3.98|2.51|4.31|3.81|4.45|4.14|4.30|4.77|3.70|4.40|4.49|3.90|4.14
MORRONE             P|01:355:101:49|4.56|4.48|4.31|4.56|4.17|4.16|3.98|2.51|4.31|3.81|4.45|4.14|4.30|4.77|3.70|4.40|4.49|3.90|4.14
ASHLEY              B|01:355:101:50|4.56|4.48|4.31|4.56|4.17|4.16|3.98|2.51|4.31|3.81|4.45|4.14|4.30|4.77|3.70|4.40|4.49|3.90|4.14
DASGUPTA            A|01:355:101:50|4.56|4.48|4.31|4.56|4.17|4.16|3.98|2.51|4.31|3.81|4.45|4.14|4.30|4.77|3.70|4.40|4.49|3.90|4.14
GILMARTIN           V|01:355:101:51|4.56|4.48|4.31|4.56|4.17|4.16|3.98|2.51|4.31|3.81|4.45|4.14|4.30|4.77|3.70|4.40|4.49|3.90|4.14
TAYLOR              S|01:355:101:56|4.56|4.48|4.31|4.56|4.17|4.16|3.98|2.51|4.31|3.81|4.45|4.14|4.30|4.77|3.70|4.40|4.49|3.90|4.14
MADDEN              D|01:355:101:60|4.56|4.48|4.31|4.56|4.17|4.16|3.98|2.51|4.31|3.81|4.45|4.14|4.30|4.77|3.70|4.40|4.49|3.90|4.14
TAYLOR              S|01:355:101:60|4.56|4.48|4.31|4.56|4.17|4.16|3.98|2.51|4.31|3.81|4.45|4.14|4.30|4.77|3.70|4.40|4.49|3.90|4.14
VENGADASALAM        S|01:355:101:61|4.56|4.48|4.31|4.56|4.17|4.16|3.98|2.51|4.31|3.81|4.45|4.14|4.30|4.77|3.70|4.40|4.49|3.90|4.14
GILMARTIN           V|01:355:101:62|4.56|4.48|4.31|4.56|4.17|4.16|3.98|2.51|4.31|3.81|4.45|4.14|4.30|4.77|3.70|4.40|4.49|3.90|4.14
COLLINS             C|01:355:101:63|4.56|4.48|4.31|4.56|4.17|4.16|3.98|2.51|4.31|3.81|4.45|4.14|4.30|4.77|3.70|4.40|4.49|3.90|4.14
COLLINS             C|01:355:101:64|4.56|4.48|4.31|4.56|4.17|4.16|3.98|2.51|4.31|3.81|4.45|4.14|4.30|4.77|3.70|4.40|4.49|3.90|4.14
HEALEY              L|01:355:101:67|4.56|4.48|4.31|4.56|4.17|4.16|3.98|2.51|4.31|3.81|4.45|4.14|4.30|4.77|3.70|4.40|4.49|3.90|4.14
SEVCIK              S|01:355:101:67|4.56|4.48|4.31|4.56|4.17|4.16|3.98|2.51|4.31|3.81|4.45|4.14|4.30|4.77|3.70|4.40|4.49|3.90|4.14
HEALEY              L|01:355:101:69|4.56|4.48|4.31|4.56|4.17|4.16|3.98|2.51|4.31|3.81|4.45|4.14|4.30|4.77|3.70|4.40|4.49|3.90|4.14
SZABO               J|01:355:101:82|4.56|4.48|4.31|4.56|4.17|4.16|3.98|2.51|4.31|3.81|4.45|4.14|4.30|4.77|3.70|4.40|4.49|3.90|4.14
ALLEN               D|01:355:101:83|4.56|4.48|4.31|4.56|4.17|4.16|3.98|2.51|4.31|3.81|4.45|4.14|4.30|4.77|3.70|4.40|4.49|3.90|4.14
BUDD                T|01:355:101:87|4.56|4.48|4.31|4.56|4.17|4.16|3.98|2.51|4.31|3.81|4.45|4.14|4.30|4.77|3.70|4.40|4.49|3.90|4.14
ALLEN               D|01:355:101:87|4.56|4.48|4.31|4.56|4.17|4.16|3.98|2.51|4.31|3.81|4.45|4.14|4.30|4.77|3.70|4.40|4.49|3.90|4.14
MADDENZIDMAN        E|01:355:103:01|4.64|4.58|4.22|4.67|4.44|4.08|3.94|1.86|4.47|4.19|4.57|4.19|4.44|4.61|3.80|4.58|4.78|3.81|3.94
BUDD                T|01:355:103:02|4.64|4.58|4.22|4.67|4.44|4.08|3.94|1.86|4.47|4.19|4.57|4.19|4.44|4.61|3.80|4.58|4.78|3.81|3.94
BORIEHOLTZ          D|01:355:201:01|4.47|4.45|4.35|4.55|4.25|4.19|4.06|3.55|4.27|4.07|4.41|4.24|4.36|4.82|3.65|4.54|4.62|3.95|4.15
MARSHALL            A|01:355:201:02|4.47|4.45|4.35|4.55|4.25|4.19|4.06|3.55|4.27|4.07|4.41|4.24|4.36|4.82|3.65|4.54|4.62|3.95|4.15
BIELECKI            P|01:355:201:03|4.47|4.45|4.35|4.55|4.25|4.19|4.06|3.55|4.27|4.07|4.41|4.24|4.36|4.82|3.65|4.54|4.62|3.95|4.15
BIELECKI            P|01:355:201:04|4.47|4.45|4.35|4.55|4.25|4.19|4.06|3.55|4.27|4.07|4.41|4.24|4.36|4.82|3.65|4.54|4.62|3.95|4.15
MAGNUS              E|01:355:201:04|4.47|4.45|4.35|4.55|4.25|4.19|4.06|3.55|4.27|4.07|4.41|4.24|4.36|4.82|3.65|4.54|4.62|3.95|4.15
SCHMID              L|01:355:201:04|4.47|4.45|4.35|4.55|4.25|4.19|4.06|3.55|4.27|4.07|4.41|4.24|4.36|4.82|3.65|4.54|4.62|3.95|4.15
MAGNUS              E|01:355:201:05|4.47|4.45|4.35|4.55|4.25|4.19|4.06|3.55|4.27|4.07|4.41|4.24|4.36|4.82|3.65|4.54|4.62|3.95|4.15
MARSHLL             A|01:355:201:05|4.47|4.45|4.35|4.55|4.25|4.19|4.06|3.55|4.27|4.07|4.41|4.24|4.36|4.82|3.65|4.54|4.62|3.95|4.15
HERMAN              P|01:355:201:06|4.47|4.45|4.35|4.55|4.25|4.19|4.06|3.55|4.27|4.07|4.41|4.24|4.36|4.82|3.65|4.54|4.62|3.95|4.15
BIRX                E|01:355:201:07|4.47|4.45|4.35|4.55|4.25|4.19|4.06|3.55|4.27|4.07|4.41|4.24|4.36|4.82|3.65|4.54|4.62|3.95|4.15
KING                A|01:355:201:07|4.47|4.45|4.35|4.55|4.25|4.19|4.06|3.55|4.27|4.07|4.41|4.24|4.36|4.82|3.65|4.54|4.62|3.95|4.15
LEE                 R|01:355:201:08|4.47|4.45|4.35|4.55|4.25|4.19|4.06|3.55|4.27|4.07|4.41|4.24|4.36|4.82|3.65|4.54|4.62|3.95|4.15
MCELHINNEY          A|01:355:201:08|4.47|4.45|4.35|4.55|4.25|4.19|4.06|3.55|4.27|4.07|4.41|4.24|4.36|4.82|3.65|4.54|4.62|3.95|4.15
LEE                 R|01:355:201:09|4.47|4.45|4.35|4.55|4.25|4.19|4.06|3.55|4.27|4.07|4.41|4.24|4.36|4.82|3.65|4.54|4.62|3.95|4.15
ABRAMS              J|01:355:201:09|4.47|4.45|4.35|4.55|4.25|4.19|4.06|3.55|4.27|4.07|4.41|4.24|4.36|4.82|3.65|4.54|4.62|3.95|4.15
BENDER              P|01:355:201:11|4.47|4.45|4.35|4.55|4.25|4.19|4.06|3.55|4.27|4.07|4.41|4.24|4.36|4.82|3.65|4.54|4.62|3.95|4.15
SCHROEPFER          G|01:355:201:13|4.47|4.45|4.35|4.55|4.25|4.19|4.06|3.55|4.27|4.07|4.41|4.24|4.36|4.82|3.65|4.54|4.62|3.95|4.15
ALTER               A|01:355:201:14|4.47|4.45|4.35|4.55|4.25|4.19|4.06|3.55|4.27|4.07|4.41|4.24|4.36|4.82|3.65|4.54|4.62|3.95|4.15
ALTER               A|01:355:201:15|4.47|4.45|4.35|4.55|4.25|4.19|4.06|3.55|4.27|4.07|4.41|4.24|4.36|4.82|3.65|4.54|4.62|3.95|4.15
MCELHINNEY          A|01:355:201:16|4.47|4.45|4.35|4.55|4.25|4.19|4.06|3.55|4.27|4.07|4.41|4.24|4.36|4.82|3.65|4.54|4.62|3.95|4.15
SCHROEPFER          G|01:355:201:16|4.47|4.45|4.35|4.55|4.25|4.19|4.06|3.55|4.27|4.07|4.41|4.24|4.36|4.82|3.65|4.54|4.62|3.95|4.15
FISHER              B|01:355:201:18|4.47|4.45|4.35|4.55|4.25|4.19|4.06|3.55|4.27|4.07|4.41|4.24|4.36|4.82|3.65|4.54|4.62|3.95|4.15
FISHER              B|01:355:201:19|4.47|4.45|4.35|4.55|4.25|4.19|4.06|3.55|4.27|4.07|4.41|4.24|4.36|4.82|3.65|4.54|4.62|3.95|4.15
GALINSKY            A|01:355:201:21|4.47|4.45|4.35|4.55|4.25|4.19|4.06|3.55|4.27|4.07|4.41|4.24|4.36|4.82|3.65|4.54|4.62|3.95|4.15
MCDONNELL  A|01:355:201:22|4.47|4.45|4.35|4.55|4.25|4.19|4.06|3.55|4.27|4.07|4.41|4.24|4.36|4.82|3.65|4.54|4.62|3.95|4.15
MCDONNELL  A|01:355:201:23|4.47|4.45|4.35|4.55|4.25|4.19|4.06|3.55|4.27|4.07|4.41|4.24|4.36|4.82|3.65|4.54|4.62|3.95|4.15
WILFORD             K|01:355:201:23|4.47|4.45|4.35|4.55|4.25|4.19|4.06|3.55|4.27|4.07|4.41|4.24|4.36|4.82|3.65|4.54|4.62|3.95|4.15
SPELLMEYER          K|01:355:201:24|4.47|4.45|4.35|4.55|4.25|4.19|4.06|3.55|4.27|4.07|4.41|4.24|4.36|4.82|3.65|4.54|4.62|3.95|4.15
WILFORD             K|01:355:201:24|4.47|4.45|4.35|4.55|4.25|4.19|4.06|3.55|4.27|4.07|4.41|4.24|4.36|4.82|3.65|4.54|4.62|3.95|4.15
SILLS               J|01:355:201:31|4.47|4.45|4.35|4.55|4.25|4.19|4.06|3.55|4.27|4.07|4.41|4.24|4.36|4.82|3.65|4.54|4.62|3.95|4.15
SPIEGELGROTE|01:355:201:33|4.47|4.45|4.35|4.55|4.25|4.19|4.06|3.55|4.27|4.07|4.41|4.24|4.36|4.82|3.65|4.54|4.62|3.95|4.15
DELAURENTIS         C|01:355:201:34|4.47|4.45|4.35|4.55|4.25|4.19|4.06|3.55|4.27|4.07|4.41|4.24|4.36|4.82|3.65|4.54|4.62|3.95|4.15
SPIEGELGROTE|01:355:201:35|4.47|4.45|4.35|4.55|4.25|4.19|4.06|3.55|4.27|4.07|4.41|4.24|4.36|4.82|3.65|4.54|4.62|3.95|4.15
HOLLIDAY            J|01:355:201:48|4.47|4.45|4.35|4.55|4.25|4.19|4.06|3.55|4.27|4.07|4.41|4.24|4.36|4.82|3.65|4.54|4.62|3.95|4.15
HOLLIDAY            J|01:355:201:49|4.47|4.45|4.35|4.55|4.25|4.19|4.06|3.55|4.27|4.07|4.41|4.24|4.36|4.82|3.65|4.54|4.62|3.95|4.15
RENAUD              E|01:355:201:51|4.47|4.45|4.35|4.55|4.25|4.19|4.06|3.55|4.27|4.07|4.41|4.24|4.36|4.82|3.65|4.54|4.62|3.95|4.15
MCGRADY             S|01:355:201:52|4.47|4.45|4.35|4.55|4.25|4.19|4.06|3.55|4.27|4.07|4.41|4.24|4.36|4.82|3.65|4.54|4.62|3.95|4.15
THOMPSON            K|01:355:201:54|4.47|4.45|4.35|4.55|4.25|4.19|4.06|3.55|4.27|4.07|4.41|4.24|4.36|4.82|3.65|4.54|4.62|3.95|4.15
SOLIMAN             P|01:355:201:54|4.47|4.45|4.35|4.55|4.25|4.19|4.06|3.55|4.27|4.07|4.41|4.24|4.36|4.82|3.65|4.54|4.62|3.95|4.15
MCGRADY             S|01:355:201:55|4.47|4.45|4.35|4.55|4.25|4.19|4.06|3.55|4.27|4.07|4.41|4.24|4.36|4.82|3.65|4.54|4.62|3.95|4.15
ROBBINS             J|01:355:201:56|4.47|4.45|4.35|4.55|4.25|4.19|4.06|3.55|4.27|4.07|4.41|4.24|4.36|4.82|3.65|4.54|4.62|3.95|4.15
PERCHAK             G|01:355:201:57|4.47|4.45|4.35|4.55|4.25|4.19|4.06|3.55|4.27|4.07|4.41|4.24|4.36|4.82|3.65|4.54|4.62|3.95|4.15
HEDGESFARLEY|01:355:201:81|4.47|4.45|4.35|4.55|4.25|4.19|4.06|3.55|4.27|4.07|4.41|4.24|4.36|4.82|3.65|4.54|4.62|3.95|4.15
OKSILOFF            A|01:355:201:82|4.47|4.45|4.35|4.55|4.25|4.19|4.06|3.55|4.27|4.07|4.41|4.24|4.36|4.82|3.65|4.54|4.62|3.95|4.15
HEDGESFARLEY|01:355:201:83|4.47|4.45|4.35|4.55|4.25|4.19|4.06|3.55|4.27|4.07|4.41|4.24|4.36|4.82|3.65|4.54|4.62|3.95|4.15
CONARD              K|01:355:201:86|4.47|4.45|4.35|4.55|4.25|4.19|4.06|3.55|4.27|4.07|4.41|4.24|4.36|4.82|3.65|4.54|4.62|3.95|4.15
GOELLER             M|01:355:201:87|4.47|4.45|4.35|4.55|4.25|4.19|4.06|3.55|4.27|4.07|4.41|4.24|4.36|4.82|3.65|4.54|4.62|3.95|4.15
SCHMID              L|01:355:201:91|4.47|4.45|4.35|4.55|4.25|4.19|4.06|3.55|4.27|4.07|4.41|4.24|4.36|4.82|3.65|4.54|4.62|3.95|4.15
SHERMAN             J|01:355:201:92|4.47|4.45|4.35|4.55|4.25|4.19|4.06|3.55|4.27|4.07|4.41|4.24|4.36|4.82|3.65|4.54|4.62|3.95|4.15
GARDNER             E|01:355:201:92|4.47|4.45|4.35|4.55|4.25|4.19|4.06|3.55|4.27|4.07|4.41|4.24|4.36|4.82|3.65|4.54|4.62|3.95|4.15
MOORE               R|01:355:201:93|4.47|4.45|4.35|4.55|4.25|4.19|4.06|3.55|4.27|4.07|4.41|4.24|4.36|4.82|3.65|4.54|4.62|3.95|4.15
GARDNER             E|01:355:201:93|4.47|4.45|4.35|4.55|4.25|4.19|4.06|3.55|4.27|4.07|4.41|4.24|4.36|4.82|3.65|4.54|4.62|3.95|4.15
CANTOR              D|01:355:201:94|4.47|4.45|4.35|4.55|4.25|4.19|4.06|3.55|4.27|4.07|4.41|4.24|4.36|4.82|3.65|4.54|4.62|3.95|4.15
BORIEHOLTZ          D|01:355:201:94|4.47|4.45|4.35|4.55|4.25|4.19|4.06|3.55|4.27|4.07|4.41|4.24|4.36|4.82|3.65|4.54|4.62|3.95|4.15
CANTOR              D|01:355:201:95|4.47|4.45|4.35|4.55|4.25|4.19|4.06|3.55|4.27|4.07|4.41|4.24|4.36|4.82|3.65|4.54|4.62|3.95|4.15
MOORE               R|01:355:201:96|4.47|4.45|4.35|4.55|4.25|4.19|4.06|3.55|4.27|4.07|4.41|4.24|4.36|4.82|3.65|4.54|4.62|3.95|4.15
BIRX                E|01:355:201:97|4.47|4.45|4.35|4.55|4.25|4.19|4.06|3.55|4.27|4.07|4.41|4.24|4.36|4.82|3.65|4.54|4.62|3.95|4.15
SHERMAN             J|01:355:201:98|4.47|4.45|4.35|4.55|4.25|4.19|4.06|3.55|4.27|4.07|4.41|4.24|4.36|4.82|3.65|4.54|4.62|3.95|4.15
ROTHDAVIES          M|01:355:203:01|4.40|3.83|3.66|3.87|3.60|3.60|3.70|3.13|3.67|3.58|4.15|3.63|3.96|4.49|3.90|3.79|4.10|3.33|3.86
ROTHDAVIES          M|01:355:203:02|4.40|3.83|3.66|3.87|3.60|3.60|3.70|3.13|3.67|3.58|4.15|3.63|3.96|4.49|3.90|3.79|4.10|3.33|3.86
CONARD              K|01:355:203:03|4.40|3.83|3.66|3.87|3.60|3.60|3.70|3.13|3.67|3.58|4.15|3.63|3.96|4.49|3.90|3.79|4.10|3.33|3.86
MAITRA              E|01:355:301:01|4.54|4.44|4.29|4.61|4.14|4.10|3.95|3.00|4.22|3.86|4.43|4.15|4.27|4.75|3.69|4.64|4.69|4.21|4.06
MAHONEY             A|01:355:301:02|4.54|4.44|4.29|4.61|4.14|4.10|3.95|3.00|4.22|3.86|4.43|4.15|4.27|4.75|3.69|4.64|4.69|4.21|4.06
OLTARZEWSKI         M|01:355:301:03|4.54|4.44|4.29|4.61|4.14|4.10|3.95|3.00|4.22|3.86|4.43|4.15|4.27|4.75|3.69|4.64|4.69|4.21|4.06
MEELHINNEY          ANDREW|01:355:301:06|4.54|4.44|4.29|4.61|4.14|4.10|3.95|3.00|4.22|3.86|4.43|4.15|4.27|4.75|3.69|4.64|4.69|4.21|4.06
MARONE              C|01:355:301:14|4.54|4.44|4.29|4.61|4.14|4.10|3.95|3.00|4.22|3.86|4.43|4.15|4.27|4.75|3.69|4.64|4.69|4.21|4.06
OLTARZEWSKI         M|01:355:301:15|4.54|4.44|4.29|4.61|4.14|4.10|3.95|3.00|4.22|3.86|4.43|4.15|4.27|4.75|3.69|4.64|4.69|4.21|4.06
EVANS               J|01:355:301:17|4.54|4.44|4.29|4.61|4.14|4.10|3.95|3.00|4.22|3.86|4.43|4.15|4.27|4.75|3.69|4.64|4.69|4.21|4.06
EVANS               J|01:355:301:19|4.54|4.44|4.29|4.61|4.14|4.10|3.95|3.00|4.22|3.86|4.43|4.15|4.27|4.75|3.69|4.64|4.69|4.21|4.06
MASIELLO            M|01:355:302:01|4.49|4.43|4.22|4.53|4.21|4.05|4.03|2.99|4.23|3.91|4.33|4.09|4.33|4.81|3.59|4.40|4.44|3.90|3.83
MASIELLO            M|01:355:302:02|4.49|4.43|4.22|4.53|4.21|4.05|4.03|2.99|4.23|3.91|4.33|4.09|4.33|4.81|3.59|4.40|4.44|3.90|3.83
HEINRICH            A|01:355:302:05|4.49|4.43|4.22|4.53|4.21|4.05|4.03|2.99|4.23|3.91|4.33|4.09|4.33|4.81|3.59|4.40|4.44|3.90|3.83
HEINRICH            A|01:355:302:06|4.49|4.43|4.22|4.53|4.21|4.05|4.03|2.99|4.23|3.91|4.33|4.09|4.33|4.81|3.59|4.40|4.44|3.90|3.83
HAQQSTEVENS         E|01:355:302:10|4.49|4.43|4.22|4.53|4.21|4.05|4.03|2.99|4.23|3.91|4.33|4.09|4.33|4.81|3.59|4.40|4.44|3.90|3.83
MARRONE             C|01:355:302:14|4.49|4.43|4.22|4.53|4.21|4.05|4.03|2.99|4.23|3.91|4.33|4.09|4.33|4.81|3.59|4.40|4.44|3.90|3.83
ABBOTT              J|01:355:302:15|4.49|4.43|4.22|4.53|4.21|4.05|4.03|2.99|4.23|3.91|4.33|4.09|4.33|4.81|3.59|4.40|4.44|3.90|3.83
KNELLER             S|01:355:302:16|4.49|4.43|4.22|4.53|4.21|4.05|4.03|2.99|4.23|3.91|4.33|4.09|4.33|4.81|3.59|4.40|4.44|3.90|3.83
KNELLER             S|01:355:302:17|4.49|4.43|4.22|4.53|4.21|4.05|4.03|2.99|4.23|3.91|4.33|4.09|4.33|4.81|3.59|4.40|4.44|3.90|3.83
WEICK               J|01:355:302:18|4.49|4.43|4.22|4.53|4.21|4.05|4.03|2.99|4.23|3.91|4.33|4.09|4.33|4.81|3.59|4.40|4.44|3.90|3.83
WEICK               J|01:355:302:19|4.49|4.43|4.22|4.53|4.21|4.05|4.03|2.99|4.23|3.91|4.33|4.09|4.33|4.81|3.59|4.40|4.44|3.90|3.83
DOW                 D|01:355:302:20|4.49|4.43|4.22|4.53|4.21|4.05|4.03|2.99|4.23|3.91|4.33|4.09|4.33|4.81|3.59|4.40|4.44|3.90|3.83
DOW                 D|01:355:302:21|4.49|4.43|4.22|4.53|4.21|4.05|4.03|2.99|4.23|3.91|4.33|4.09|4.33|4.81|3.59|4.40|4.44|3.90|3.83
DOW                 D|01:355:302:22|4.49|4.43|4.22|4.53|4.21|4.05|4.03|2.99|4.23|3.91|4.33|4.09|4.33|4.81|3.59|4.40|4.44|3.90|3.83
VENGADASALAM        S|01:355:302:24|4.49|4.43|4.22|4.53|4.21|4.05|4.03|2.99|4.23|3.91|4.33|4.09|4.33|4.81|3.59|4.40|4.44|3.90|3.83
CRACCHIOLO          B|01:355:302:25|4.49|4.43|4.22|4.53|4.21|4.05|4.03|2.99|4.23|3.91|4.33|4.09|4.33|4.81|3.59|4.40|4.44|3.90|3.83
Abbott John|01:355:302:90|4.50|4.33|4.47|4.60|4.27|4.33|4.13|3.14|4.07|4.13|4.40|4.47|4.33|4.62|2.92|4.53|4.43|3.67|3.60
Blake N|01:355:302:91|4.50|4.33|4.47|4.60|4.27|4.33|4.13|3.14|4.07|4.13|4.40|4.47|4.33|4.62|2.92|4.53|4.43|3.67|3.60
SCHULTZ             A|01:355:303:01|4.54|4.57|4.44|4.62|4.42|4.31|4.31|3.42|4.49|4.22|4.57|4.36|4.50|4.78|4.00|4.59|4.58|3.97|4.41
SHONKWILER          A|01:355:303:02|4.54|4.57|4.44|4.62|4.42|4.31|4.31|3.42|4.49|4.22|4.57|4.36|4.50|4.78|4.00|4.59|4.58|3.97|4.41
MAHONEY             A|01:355:303:03|4.54|4.57|4.44|4.62|4.42|4.31|4.31|3.42|4.49|4.22|4.57|4.36|4.50|4.78|4.00|4.59|4.58|3.97|4.41
KERNIS              N|01:355:303:04|4.54|4.57|4.44|4.62|4.42|4.31|4.31|3.42|4.49|4.22|4.57|4.36|4.50|4.78|4.00|4.59|4.58|3.97|4.41
MEEKINS             C|01:355:303:05|4.54|4.57|4.44|4.62|4.42|4.31|4.31|3.42|4.49|4.22|4.57|4.36|4.50|4.78|4.00|4.59|4.58|3.97|4.41
MARIANO             T|01:355:303:08|4.54|4.57|4.44|4.62|4.42|4.31|4.31|3.42|4.49|4.22|4.57|4.36|4.50|4.78|4.00|4.59|4.58|3.97|4.41
STRUGALA            R|01:355:303:09|4.54|4.57|4.44|4.62|4.42|4.31|4.31|3.42|4.49|4.22|4.57|4.36|4.50|4.78|4.00|4.59|4.58|3.97|4.41
SHONKWILER          A|01:355:303:14|4.54|4.57|4.44|4.62|4.42|4.31|4.31|3.42|4.49|4.22|4.57|4.36|4.50|4.78|4.00|4.59|4.58|3.97|4.41
SHONKWILER          A|01:355:303:15|4.54|4.57|4.44|4.62|4.42|4.31|4.31|3.42|4.49|4.22|4.57|4.36|4.50|4.78|4.00|4.59|4.58|3.97|4.41
SCHULTZ             A|01:355:303:16|4.54|4.57|4.44|4.62|4.42|4.31|4.31|3.42|4.49|4.22|4.57|4.36|4.50|4.78|4.00|4.59|4.58|3.97|4.41
TEICHER             S|01:355:303:20|4.54|4.57|4.44|4.62|4.42|4.31|4.31|3.42|4.49|4.22|4.57|4.36|4.50|4.78|4.00|4.59|4.58|3.97|4.41
TEICHER             S|01:355:303:21|4.54|4.57|4.44|4.62|4.42|4.31|4.31|3.42|4.49|4.22|4.57|4.36|4.50|4.78|4.00|4.59|4.58|3.97|4.41
PERUGINI            J|01:355:303:22|4.54|4.57|4.44|4.62|4.42|4.31|4.31|3.42|4.49|4.22|4.57|4.36|4.50|4.78|4.00|4.59|4.58|3.97|4.41
BATORSKY            B|01:355:303:23|4.54|4.57|4.44|4.62|4.42|4.31|4.31|3.42|4.49|4.22|4.57|4.36|4.50|4.78|4.00|4.59|4.58|3.97|4.41
PERUGINI            J|01:355:303:24|4.54|4.57|4.44|4.62|4.42|4.31|4.31|3.42|4.49|4.22|4.57|4.36|4.50|4.78|4.00|4.59|4.58|3.97|4.41
OREL                P|01:355:303:26|4.54|4.57|4.44|4.62|4.42|4.31|4.31|3.42|4.49|4.22|4.57|4.36|4.50|4.78|4.00|4.59|4.58|3.97|4.41
Orel Pam|01:355:303:90|4.67|4.93|4.14|4.93|4.36|4.36|3.93|3.29|4.50|4.36|4.43|4.29|4.86|5.00|4.00|5.00|5.00|4.36|4.33
Mariano T|01:355:303:91|4.67|4.93|4.14|4.93|4.36|4.36|3.93|3.29|4.50|4.36|4.43|4.29|4.86|5.00|4.00|5.00|5.00|4.36|4.33
NELSON              R|01:355:315:04|5.00|4.85|4.77|4.92|4.75|4.69|4.92|3.33|4.85|4.77|4.92|4.92|4.91|5.00|3.55|4.75|5.00|3.91|4.83
KERNIS              N|01:355:342:01|4.40|4.55|4.05|4.84|4.10|3.95|3.85|3.60|4.40|4.15|4.40|3.95|3.79|4.90|3.40|4.15|4.40|3.39|4.00
HAMMOND             P|01:355:352:01|5.00|5.00|5.00|4.80|5.00|5.00|5.00|4.40|4.83|4.40|4.40|4.40|4.20|4.80|4.60|4.80|5.00|4.00|4.80
SPINK               D|01:355:355:01|4.81|4.71|4.68|4.87|4.65|4.52|4.71|4.33|4.74|4.61|4.50|4.57|4.61|4.84|4.07|4.81|4.94|4.20|4.55
MARIANO             T|01:355:355:02|4.81|4.71|4.68|4.87|4.65|4.52|4.71|4.33|4.74|4.61|4.50|4.57|4.61|4.84|4.07|4.81|4.94|4.20|4.55
DELAURENTIS         C|01:355:355:03|4.81|4.71|4.68|4.87|4.65|4.52|4.71|4.33|4.74|4.61|4.50|4.57|4.61|4.84|4.07|4.81|4.94|4.20|4.55
Spink Dan|01:355:355:90|4.00|3.50|2.50|4.50|3.50|3.00|2.50|4.50|3.50|3.50|4.50|4.50|4.50|4.50|2.50|4.50|4.50|3.50|2.50
GOELLER             M|01:355:375:01|4.61|4.39|4.38|4.49|4.18|4.05|3.89|3.45|4.34|4.11|4.39|4.13|4.42|4.76|4.26|4.34|4.53|3.71|4.35
MAGRINO             W|01:355:375:02|4.61|4.39|4.38|4.49|4.18|4.05|3.89|3.45|4.34|4.11|4.39|4.13|4.42|4.76|4.26|4.34|4.53|3.71|4.35
BASS                J|01:355:402:01|4.93|4.87|4.93|4.93|4.80|4.87|4.60|4.47|4.71|4.87|4.86|4.73|4.87|5.00|4.27|4.53|5.00|3.67|4.54
BASS                J|01:355:415:01|4.25|4.42|4.75|4.75|4.73|4.50|4.50|4.36|4.50|4.36|4.38|4.42|4.83|4.92|3.75|4.36|4.85|3.75|4.08
ABBOTT              J|01:355:425:01|3.62|3.55|3.43|4.29|3.60|3.10|3.43|3.81|3.10|3.19|3.75|3.50|3.89|4.50|3.26|4.10|4.55|3.55|3.37
BASS                J|01:355:425:02|3.62|3.55|3.43|4.29|3.60|3.10|3.43|3.81|3.10|3.19|3.75|3.50|3.89|4.50|3.26|4.10|4.55|3.55|3.37
