GOLDSTEIN           DANIEL|01:070:101:00|4.72|4.65|4.52|4.64|4.54|4.42|4.44|3.79|4.55|4.46|4.67|4.00|5.00|5.00|5.00|5.00
HAREL|01:070:101:05|4.72|4.65|4.52|4.64|4.54|4.42|4.44|3.79|4.55|4.46
HAREL               ASSAF|01:070:101:10|4.72|4.65|4.52|4.64|4.54|4.42|4.44|3.79|4.55|4.46|4.67
HAREL               ASSAF|01:070:101:11|4.72|4.65|4.52|4.64|4.54|4.42|4.44|3.79|4.55|4.46
BLUMENSCHIN         ROBERT|01:070:102:00|4.46|4.30|4.22|4.45|4.24|3.96|4.04|3.49|4.16|3.95
HARRIS              JACK|01:070:105:00|4.69|4.66|4.44|4.67|4.52|4.36|4.51|4.24|4.55|4.36
MAHONEY             DILLON|01:070:108:00|4.74|4.70|4.58|4.83|4.65|4.49|4.65|3.99|4.58|4.57
TRIVERS|01:070:204:01|4.36|4.47|4.58|4.52|4.51|4.06|4.29|3.51|4.45|4.38|5.00|5.00
PALOMBIT            RYNE|01:070:212:01|4.97|4.97|4.94|4.93|4.32|4.81|4.81|4.10|4.87|4.66|4.23|4.29|4.71|2.75|4.39|4.25|3.50|3.00|4.08
GHASSEMFACHAN       PARVIS|01:070:220:01|4.49|4.71|4.38|4.71|4.41|4.07|3.95|3.15|4.29|4.05
MONTAGUE            MICHAEL|01:070:240:01|4.40|4.13|3.72|4.20|4.12|3.48|3.71|3.96|3.76|3.52
OBRIEN              ROB|01:070:250:01|3.07|4.11|4.54|4.39|3.79|3.57|4.11|3.93|3.73|3.60
MAGANA              ROCIO|01:070:293:01|4.65|4.71|4.41|4.82|4.82|4.29|4.35|3.59|4.53|4.40
HAUGERUD            ANGELIQUE|01:070:305:01|4.70|4.74|4.57|4.68|4.43|4.52|4.70|3.68|4.55|4.60
SCHEIN              L|01:070:324:01|4.10|3.85|4.00|3.75|4.00|3.55|3.90|4.10|3.44|3.90
CRONK               LEE|01:070:325:01|4.89|4.61|4.41|4.72|4.89|4.39|4.33|4.59|4.50|4.33
HARRIS              JOHN|01:070:326:01|4.20|4.60|4.47|4.67|4.40|4.20|4.27|4.00|4.13|4.20
CRONK               LEE|01:070:328:01|4.68|4.74|4.53|4.68|4.63|4.50|4.39|4.16|4.53|4.42
SCHRIRE             CARMEL|01:070:330:01|4.36|4.50|4.14|4.21|4.21|4.07|4.14|3.64|4.36|4.07
SCOTT|01:070:335:01|3.74|4.48|4.22|4.78|4.83|4.00|3.95|2.91|4.04|3.61
HAUGERUD            ANGELIQUE|01:070:338:01|4.65|4.80|4.50|4.70|4.35|4.10|4.80|4.05|4.40|4.45
CACHEL              SUSAN|01:070:356:01|4.39|4.33|4.06|4.44|4.67|3.94|4.22|4.33|4.17|4.17
MAHONEY|01:070:374:01|4.95|4.95|4.95|5.00|4.82|4.68|4.64|4.14|4.86|4.73
GOLDSTEIN           DANIEL|01:070:383:01|4.67|4.78|4.72|4.72|4.78|4.67|4.72|4.28|4.78|4.65
HARRIS              JOHN|01:070:391:01|4.86|4.97|4.94|4.97|4.97|4.97|4.78|4.61|4.94|4.82
FEIBEL              CRAIG|01:070:394:01|4.67|4.87|4.47|4.80|4.67|4.27|4.27|3.87|4.60|4.53
CACHEL              SUSAN|01:070:402:01|4.67|4.33|4.33|4.67|5.00|4.00|4.33|4.33|4.33|4.33
SCHRIRE             CARMEL|01:070:426:01|4.00|4.00|3.88|3.63|4.13|3.88|4.25|3.13|4.25|4.00
