BERG|01:070:101:00|4.53|4.49|4.19|4.56|4.38|3.94|3.87|3.41|4.09|3.85
BROOKS|01:070:101:03|4.53|4.49|4.19|4.56|4.38|3.94|3.87|3.41|4.09|3.85
BROOKS|01:070:101:12|4.53|4.49|4.19|4.56|4.38|3.94|3.87|3.41|4.09|3.85
CACHEL|01:070:102:00|4.39|4.08|4.05|4.28|4.19|3.79|3.87|3.55|3.99|3.76
FEIBEL|01:070:105:00|4.66|4.47|4.24|4.54|4.47|4.16|4.25|4.10|4.34|4.20
MAHONEY|01:070:108:00|4.59|4.61|4.60|4.73|4.45|4.38|4.40|4.01|4.50|4.42|5.00|5.00|5.00
MAHONEY D|01:070:108:71|4.59|4.61|4.60|4.73|4.45|4.38|4.40|4.01|4.50|4.42
SCOTT|01:070:111:00|4.27|4.28|4.24|4.40|4.32|3.95|3.85|3.23|4.17|3.93|3.72|5.00|5.00
JACOBSON|01:070:204:01|4.55|4.53|4.60|4.69|4.52|4.00|4.40|3.55|4.21|4.20
SCHRIRE C|01:070:208:01|4.23|3.67|4.41|3.57|4.18|3.95|4.05|3.71|4.05|3.82|4.00|3.00|5.00|4.00|4.00|5.00|4.00|4.00|4.00
PALOMBIT R|01:070:212:01|4.94|4.91|4.71|4.94|4.09|4.50|4.66|3.94|4.77|4.70|4.21|4.07|4.52|2.50|4.41|4.46|4.50|4.23
CACHEL|01:070:215:01|3.82|3.86|3.00|4.23|4.27|3.27|3.36|3.27|3.59|3.36
OBRIEN|01:070:216:01|3.35|4.02|4.30|4.11|4.07|3.74|4.11|3.76|3.58|3.69
OBRIEN|01:070:222:01|3.59|4.22|4.49|4.32|4.13|3.78|4.00|4.05|4.12|3.93|3.00|3.00|3.00|3.00
OBRIEN|01:070:225:01|3.50|4.19|4.37|4.05|4.25|3.84|3.93|3.55|3.77|3.76|5.00|5.00
MAGANA|01:070:250:01|4.71|4.79|4.68|4.79|4.61|4.50|4.54|3.86|4.64|4.54|5.00
HAUGERUD|01:070:303:01|4.52|4.33|4.33|4.28|4.08|4.00|4.56|3.50|4.21|4.25
HAUGERUD|01:070:305:01|4.50|4.13|4.50|4.20|4.00|3.73|4.33|3.47|4.13|4.19
GHASSEMFACHAN|01:070:308:01|4.52|4.48|4.31|4.63|4.37|4.19|4.19|4.19|4.33|4.30
SCHEIN|01:070:320:01|3.59|3.07|3.69|3.38|3.36|3.04|3.69|3.60|3.00|3.33
HARRIS|01:070:326:01|4.27|4.69|4.65|4.88|4.81|4.38|4.54|4.23|4.46|4.48
SCHRIRE|01:070:330:01|4.44|4.11|4.44|3.86|4.63|3.89|4.56|3.78|4.22|4.11
TRIVERS|01:070:349:01|4.07|4.39|4.57|4.54|4.12|4.04|4.36|4.19|4.25|4.25
JACOBSON|01:070:350:01|4.27|4.64|4.50|4.55|4.18|4.00|4.18|4.73|4.00|4.09
SIEBERT|01:070:371:01|3.57|4.23|3.97|4.43|4.47|3.80|3.80|4.07|4.03|3.87|5.00
MAHONEY|01:070:374:01|4.93|5.00|4.96|5.00|4.83|4.85|4.96|4.41|4.86|4.89
SIEBERT|01:070:376:01|3.38|4.00|3.92|4.31|4.46|3.62|3.54|4.08|3.75|3.83
HARRIS|01:070:391:01|4.63|4.69|4.75|4.94|4.75|4.56|4.88|4.19|4.87|4.60
WOODHOUSEBEYER|01:070:393:01|4.73|4.90|4.45|4.91|4.73|4.55|4.73|4.20|4.45|4.30
