CARRSCHMID          ANNE|01:146:270:00|4.50|4.60|4.27|4.65|4.27|4.18|4.30|4.12|4.31|4.10|3.00|5.00|5.00|5.00|5.00
FONG                DUNNE|01:146:328:00|3.36|3.89|4.08|4.23|4.07|3.15|3.61|3.63|3.25|3.31
MERRILL             GARY|01:146:356:00|4.24|4.19|3.92|4.22|3.89|3.65|3.94|3.81|3.72|3.77|5.00|4.00|5.00|5.00|5.00|5.00|5.00|5.00|5.00
GOLFETTI            ROSELI|01:146:356:00|4.24|4.19|3.92|4.22|3.89|3.65|3.94|3.81|3.72|3.77|5.00|5.00|5.00|5.00|5.00|5.00
FIRESTEIN           BONNIE|01:146:405:01|5.00|5.00|4.89|4.94|5.00|4.94|4.83|4.83|4.94|4.88
HSU                 SHU|01:146:405:01|5.00|5.00|4.89|4.94|5.00|4.94|4.83|4.83|4.94|4.88
PLUMMER             M|01:146:446:01|5.00|4.86|5.00|5.00|5.00|5.00|5.00|4.86|5.00|5.00
HSU                 SHU|01:146:448:01|4.88|4.88|5.00|5.00|5.00|5.00|4.88|5.00|5.00|5.00
FONG                DUNNE|01:146:471:01|4.57|4.93|4.79|4.93|4.82|4.64|4.71|4.43|4.79|4.79
HYNDMAN             ARNOLD|01:146:472:01|3.96|3.99|3.82|4.34|3.68|3.56|3.83|3.93|3.72|3.54
COVEY               LORI|01:146:474:01|4.34|4.05|3.77|4.24|4.05|3.54|4.04|3.96|3.81|3.82|4.67|4.50|4.50|4.50|4.50|4.50|4.50|4.50|4.50
WERLEN GUY|01:146:474:01|4.34|4.05|3.77|4.24|4.05|3.54|4.04|3.96|3.81|3.82|4.67
XIE                 PING|01:146:474:01|4.34|4.05|3.77|4.24|4.05|3.54|4.04|3.96|3.81|3.82
FIRESTEIN           BONNIE|01:146:475:01|4.59|4.50|4.37|4.60|4.49|4.20|4.37|4.43|4.35|4.35
XIE                 PING|01:146:475:01|4.59|4.50|4.37|4.60|4.49|4.20|4.37|4.43|4.35|4.35
FIRESTEIN           BONNIE|01:146:475:02|4.59|4.50|4.37|4.60|4.49|4.20|4.37|4.43|4.35|4.35|5.00
XIE                 PING|01:146:475:02|4.59|4.50|4.37|4.60|4.49|4.20|4.37|4.43|4.35|4.35
