HRENKO ILONA|01:560:101:01|4.69|4.71|4.75|4.77|4.71|4.61|4.62|4.26|4.54|4.51
HRENKO ILONA|01:560:101:02|4.69|4.71|4.75|4.77|4.71|4.61|4.62|4.26|4.54|4.51
SANTORO LARA|01:560:101:04|4.69|4.71|4.75|4.77|4.71|4.61|4.62|4.26|4.54|4.51
DI ROSA ROSSELLA|01:560:101:05|4.69|4.71|4.75|4.77|4.71|4.61|4.62|4.26|4.54|4.51
FALLON LORYN|01:560:101:06|4.69|4.71|4.75|4.77|4.71|4.61|4.62|4.26|4.54|4.51
FALLON LORYN|01:560:101:07|4.69|4.71|4.75|4.77|4.71|4.61|4.62|4.26|4.54|4.51
DE FEO ROSAMARIA|01:560:101:21|4.69|4.71|4.75|4.77|4.71|4.61|4.62|4.26|4.54|4.51
RUSNAK MATTHEW|01:560:101:22|4.69|4.71|4.75|4.77|4.71|4.61|4.62|4.26|4.54|4.51
PIERACCINI DANIELE|01:560:101:23|4.69|4.71|4.75|4.77|4.71|4.61|4.62|4.26|4.54|4.51
HRENKO ILONA|01:560:102:01|4.65|4.52|4.65|4.65|4.58|4.58|4.58|4.52|4.48|4.53
NICOSIA ROBERTO|01:560:102:02|4.65|4.52|4.65|4.65|4.58|4.58|4.58|4.52|4.48|4.53
DE BEVOISE DAVID|01:560:102:21|4.65|4.52|4.65|4.65|4.58|4.58|4.58|4.52|4.48|4.53
DE FEO DANIELE|01:560:105:01|4.67|5.00|4.33|4.67|4.67|4.33|4.67|4.00|4.33|4.33
DE FEO DANIELE|01:560:106:01|5.00|5.00|5.00|5.00|5.00|5.00|5.00|4.67|5.00|5.00
MASTROLIA MARY|01:560:121:01|5.00|5.00|4.86|5.00|5.00|4.86|4.71|4.86|4.86|5.00
HRENKO ILONA|01:560:123:01|4.50|5.00|5.00|5.00|4.75|4.75|4.50|4.75|4.25|4.50
NIKOPOULOS JAMES|01:560:131:02|4.84|4.84|4.84|4.95|4.84|4.70|4.71|4.82|4.77|4.73
METALLO CLAUDINE|01:560:131:21|4.84|4.84|4.84|4.95|4.84|4.70|4.71|4.82|4.77|4.73
MASTROLIA MARY|01:560:132:01|3.50|3.38|3.50|3.44|4.06|3.44|3.63|4.69|3.13|3.31
NIKOPOULOS JAMES|01:560:231:01|3.92|4.14|3.97|4.11|3.54|3.00|3.70|3.73|3.43|3.27
BENASSI MATTEO|01:560:250:03|4.13|4.13|4.56|4.69|3.94|4.06|4.31|4.67|3.88|4.00
SANTORO LARA|01:560:305:01|4.70|4.30|4.30|4.60|3.30|4.20|4.10|3.90|4.20|3.70
PASCALE VINCENZO|01:560:306:01|3.25|4.00|4.00|4.50|4.75|4.25|4.00|3.50|3.75|4.00
PASCALE VINCENZO|01:560:340:01|4.17|3.96|3.96|4.13|4.70|3.96|4.09|4.39|3.83|3.96
Bellorio Gabriella|01:560:345:01|4.68|4.75|4.32|4.75|4.75|4.46|4.25|3.79|4.50|4.39
GAMBAROTA PAOLA|01:560:345:01|4.68|4.75|4.32|4.75|4.75|4.46|4.25|3.79|4.50|4.39
Bellorio Gabriella|01:560:345:02|4.68|4.75|4.32|4.75|4.75|4.46|4.25|3.79|4.50|4.39
NIKOPOULOS JAMES|01:560:351:01|5.00|5.00|5.00|5.00|5.00|5.00|5.00|4.86|5.00|5.00
