Serrano Richard|01:195:101:04|4.48|4.43|4.36|4.55|4.28|4.06|3.94|3.66|4.10|4.07
ANDERSON VAUGHN|01:195:101:06|4.48|4.43|4.36|4.55|4.28|4.06|3.94|3.66|4.10|4.07
SERRANO RICHARD|NONE|4.48|4.43|4.36|4.55|4.28|4.06|3.94|3.66|4.10|4.07
OWENS LIESL|01:195:135:02|4.24|4.33|4.24|4.55|4.45|3.93|3.79|4.10|3.86|4.00
ALOO ENOCK|01:195:150:01|4.27|4.14|3.98|4.31|4.36|3.85|3.96|3.78|3.81|3.76
ROFHEART MAHRIANA|01:195:150:02|4.27|4.14|3.98|4.31|4.36|3.85|3.96|3.78|3.81|3.76
ROFHEART MAHRIANA|01:195:150:03|4.27|4.14|3.98|4.31|4.36|3.85|3.96|3.78|3.81|3.76
TOYMENTSEV SERGEY|01:195:150:04|4.27|4.14|3.98|4.31|4.36|3.85|3.96|3.78|3.81|3.76
GONZAGOWSKI STEVEN|01:195:150:05|4.27|4.14|3.98|4.31|4.36|3.85|3.96|3.78|3.81|3.76
TOYMENTSEV SERGEY|01:195:150:06|4.27|4.14|3.98|4.31|4.36|3.85|3.96|3.78|3.81|3.76
UHLIROVA ROMANA|01:195:150:07|4.27|4.14|3.98|4.31|4.36|3.85|3.96|3.78|3.81|3.76
SCLAFANI KATHY|01:195:203:01|4.35|4.29|4.10|4.71|4.48|4.10|3.95|4.00|4.19|4.00
MARCONE JORGE|01:195:203:02|4.35|4.29|4.10|4.71|4.48|4.10|3.95|4.00|4.19|4.00|5.00|5.00
DELAURENTIS JOHN|01:195:241:01|4.71|4.71|4.67|5.00|4.57|4.57|4.71|4.57|4.57|4.57
WALKER STEVEN|01:195:243:01|4.82|4.64|4.64|4.73|4.55|4.45|4.82|4.40|4.36|4.64
BRUNAZZI ELIZABETH|01:195:244:01|3.43|3.61|3.74|4.00|4.22|3.74|3.74|4.30|3.26|3.39
BRUNAZZI ELIZABETH|01:195:244:02|3.43|3.61|3.74|4.00|4.22|3.74|3.74|4.30|3.26|3.39
NERLEKAR ANJALI|01:195:249:01|4.83|4.92|4.92|5.00|4.83|4.92|5.00|4.25|4.67|4.67
NERLEKAR ANJALI|01:195:295:01|4.60|4.70|4.67|4.80|4.50|4.40|4.60|3.50|4.60|4.40
LEVINE MICHAEL|01:195:301:01|4.65|4.53|4.29|4.65|4.53|4.47|4.41|3.35|4.53|4.29
BUSIA ABENA|01:195:306:01|3.25|4.38|3.88|4.50|4.38|3.75|3.63|3.25|3.63|3.50|4.40|2.75|3.50|3.80|4.20|4.40
WALKER JANET|01:195:307:01|4.75|4.50|4.13|4.75|4.88|4.50|4.75|3.88|4.63|4.50
STEPHENS MICHELLE|01:195:308:01|4.80|5.00|5.00|5.00|4.80|4.80|4.80|3.80|4.80|4.80
SEN MEHELI|01:195:321:01|4.89|4.67|5.00|4.89|4.67|4.56|4.88|4.56|4.78|4.67|4.00|4.29
SIFUENTESJAUR BEN|01:195:326:01|4.53|4.59|4.59|4.47|4.41|4.50|4.41|4.25|4.47|4.47
WALKER JANET|01:195:329:01|4.75|4.70|4.40|4.80|4.60|4.30|4.45|4.40|4.30|4.25
GONZALEZ CAROLINA|01:195:335:01|4.75|5.00|4.75|4.75|4.50|4.50|4.00|3.75|4.50|4.50
SERRA ANA|01:195:361:01|4.59|4.63|4.69|4.75|4.56|4.69|4.56|4.50|4.63|4.63|4.46|4.64
MANCHIN ANNA|01:195:371:01|3.85|3.50|4.35|4.20|3.90|3.60|3.85|4.20|3.40|3.45
FLITTERMANLEW SANDY|01:195:377:01|4.00|4.41|4.31|4.55|4.45|4.31|4.17|4.14|4.21|4.00|4.33|3.00|3.75|4.44|3.55|4.55
SEN MEHELI|01:195:377:02|4.00|4.41|4.31|4.55|4.45|4.31|4.17|4.14|4.21|4.00
FILIMON MONICE|01:195:377:03|4.00|4.41|4.31|4.55|4.45|4.31|4.17|4.14|4.21|4.00
FLITTERMANLEW SANDY|01:195:377:04|4.00|4.41|4.31|4.55|4.45|4.31|4.17|4.14|4.21|4.00|4.33|3.00|3.75|4.44|3.55|4.55
WALKER STEVEN|01:195:391:01|4.55|4.55|4.73|4.64|4.73|4.36|4.45|4.55|4.36|4.27|4.67|5.00|5.00|4.20|4.00|4.20
PORTNOY EDWARD|01:195:395:01|4.07|4.20|4.33|4.00|4.13|3.67|4.00|4.20|4.00|3.87
HAHN BARBARA|01:195:395:02|4.07|4.20|4.33|4.00|4.13|3.67|4.00|4.20|4.00|3.87|3.00|2.00|3.50|2.50
BIHARI Peter|01:195:395:03|4.07|4.20|4.33|4.00|4.13|3.67|4.00|4.20|4.00|3.87
PAPPALARDO SALVATORE|01:195:396:01|4.86|4.86|4.71|4.86|4.57|4.57|4.43|4.14|4.71|4.57|4.67
MARTINEZSANM YOLANDA|01:195:397:01|5.00|4.85|4.75|4.95|4.68|4.70|4.75|4.80|4.85|4.70
BOJANOWSKA Edyta|01:195:397:02|5.00|4.85|4.75|4.95|4.68|4.70|4.75|4.80|4.85|4.70
PAPPALARDO SALVATORE|01:195:398:01|4.93|4.93|5.00|5.00|5.00|5.00|5.00|4.43|5.00|5.00|4.25
