BONADIE DENNISTON|01:014:103:01|4.51|4.54|4.59|4.59|4.46|4.42|4.29|3.93|4.41|4.33|4.38|4.33|4.33|4.33|4.33|4.33|4.33|4.33|3.00
BROWNA ALRICK|01:014:132:01|4.67|4.63|4.71|4.65|4.73|4.65|4.65|4.08|4.87|4.83
JACKSON-BREWER K|01:014:206:01|4.32|4.59|4.45|4.50|4.27|4.14|4.36|3.86|4.36|4.38
GARDINER MURV|01:014:212:01|3.79|4.20|4.71|4.36|4.57|4.27|4.21|3.60|4.00|3.92|5.00|5.00|5.00|5.00|5.00|5.00|5.00|5.00|5.00
PRISOCK LOUIS|01:014:222:01|4.32|4.59|4.55|4.82|4.62|4.09|4.50|3.50|4.32|4.14|4.00
REED SG|01:014:230:01|4.26|4.32|4.54|4.46|4.43|4.35|4.23|4.00|4.24|4.38|5.00|5.00|5.00|5.00|5.00|5.00|5.00|5.00|5.00
BONADIE DENNISTON|01:014:233:01|4.64|4.55|4.27|4.73|4.36|4.09|4.09|3.36|4.27|4.00
RICHMOND VONDELL|01:014:240:01|3.42|3.79|3.64|4.21|3.87|3.25|3.28|2.77|3.50|3.43|5.00
WESTBROOK RANDALL|01:014:255:01|4.82|4.91|4.82|4.86|4.90|4.77|4.91|4.00|4.86|4.82
WESTBROOK RANDELL|01:014:258:01|4.82|4.89|4.96|4.96|4.96|4.85|4.78|4.63|4.89|4.85|5.00|5.00|5.00|5.00|5.00|5.00|5.00|5.00
NASH MIKAL|01:014:274:01|4.67|4.69|4.85|4.85|4.62|4.29|4.50|3.71|4.71|4.85|4.00|5.00|4.00
PLUMMER JOEL|01:014:302:01|4.35|4.42|4.60|4.48|4.24|4.30|4.36|3.86|4.33|4.32|4.80|4.40|4.67|4.33|4.50|5.00|3.00|3.00|5.00
MONK J|01:014:302:02|4.07|4.50|4.57|4.43|4.00|4.43|4.21|4.14|4.36|4.43
PRISOCK LOUIS|01:014:302:04|4.35|4.42|4.60|4.48|4.24|4.30|4.36|3.86|4.33|4.32|4.80|4.40|4.67|4.33|4.50
RICHMOND VONDELL|01:014:302:05|4.35|4.42|4.60|4.48|4.24|4.30|4.36|3.86|4.33|4.32
KHAN KAMAL|01:014:347:01|4.52|3.85|4.40|3.91|4.26|4.18|4.60|4.23|4.09|4.18|4.50|4.00|4.00|4.00|4.00|4.00|4.00|4.00|4.00
COBB WILLIAM|01:014:349:01|4.18|4.71|4.59|4.71|4.75|4.24|4.59|4.24|4.35|4.27
BETHEA DETRAVIUS|01:014:349:03|4.18|4.71|4.59|4.71|4.75|4.24|4.59|4.24|4.35|4.27
TATE GAYLE|01:014:353:01|4.83|4.90|4.93|4.86|4.87|4.77|4.74|4.24|4.83|4.75|4.67|5.00|5.00
NASH MIKAL|01:014:357:01|4.29|4.80|4.83|4.83|4.57|4.83|4.86|3.60|4.43|4.43
GARDINER MURV|01:014:362:01|4.50|4.69|4.87|5.00|5.00|4.53|4.79|4.47|4.73|4.79
CATCHING CHRISTOPHE|01:014:363:01|4.69|4.63|4.69|4.94|4.75|4.40|4.31|3.81|4.47|4.50|5.00|5.00
BETHEL LEONARD|01:014:369:01|4.40|4.77|4.80|4.92|4.88|4.71|4.52|4.00|4.67|4.46|5.00|5.00|5.00|5.00|5.00|5.00|5.00|5.00|5.00
BUTLER KIM|01:014:370:01|4.75|4.63|4.50|4.29|4.88|4.50|4.57|4.71|4.63|4.63|4.00
BETHEL LEONARD|01:014:423:01|4.88|5.00|5.00|5.00|4.94|4.88|4.65|4.19|4.81|4.76|5.00|5.00|5.00|5.00
WHITNEY JAMES|01:014:481:01|4.82|4.97|4.97|4.90|5.00|4.89|4.93|4.43|4.93|4.89|5.00|5.00|5.00|5.00|5.00
COBB WILLIAM|01:014:490:01|4.61|4.58|4.61|4.72|4.63|4.31|4.39|4.39|4.55|4.44
BUTLER KIM|01:014:490:02|4.61|4.58|4.61|4.72|4.63|4.31|4.39|4.39|4.55|4.44
