JACKSONBREWER KARLA|01:014:103:01|4.62|4.63|4.70|4.72|4.50|4.50|4.55|3.84|4.50|4.43|4.33
BONADIE DENNISTON|01:014:103:02|4.62|4.63|4.70|4.72|4.50|4.50|4.55|3.84|4.50|4.43|4.33|5.00|5.00|4.00|5.00|5.00|5.00
PAXTON JOHN|01:014:132:01|4.92|4.92|4.92|4.92|4.92|4.92|4.75|4.00|4.83|4.83
RAMSAMY EDWARD|01:014:203:01|4.90|4.94|4.94|4.94|4.89|4.84|4.83|3.95|4.93|4.92|4.86|4.80|4.60|4.80|4.75|5.00|5.00|5.00|5.00
GARDINER MARV|01:014:212:01|4.11|4.44|4.75|4.56|4.67|4.25|4.22|4.11|4.33|4.44
GODONOO PROSPER|01:014:213:01|3.62|3.57|3.86|3.83|3.41|3.29|3.45|2.58|3.38|3.32|5.00|5.00|5.00|5.00|5.00
REED SAMUEL|01:014:230:01|4.74|4.90|4.85|4.89|4.83|4.72|4.58|4.21|4.75|4.68|5.00
BONADIE DENNISTON|01:014:233:01|4.40|4.53|4.53|4.73|4.67|4.14|4.47|3.00|4.57|4.19
RICHMOND VONDELL|01:014:240:01|3.36|3.64|4.33|4.15|3.36|3.86|3.46|3.00|3.54|3.68|5.00|5.00|5.00|5.00
WESTBROOK RANDALL|01:014:255:01|4.60|4.67|4.68|4.70|5.00|4.57|4.38|4.24|4.74|4.72
WESTBROOK RANDELL|01:014:258:01|5.00|4.95|4.89|5.00|4.84|4.94|4.74|4.25|4.83|4.94|5.00|5.00|5.00|5.00|5.00|5.00|5.00|5.00
SOARIES DEFOREST|01:014:269:01|4.96|4.96|4.96|5.00|5.00|4.92|4.85|4.00|4.96|4.96
NASH MIKAL|01:014:274:01|2.83|3.86|3.57|3.57|4.20|3.43|3.57|4.00|3.14|2.86
RAMACHANDRAN ANITHA|01:014:285:01|4.80|4.17|4.00|4.17|4.17|4.00|4.17|3.17|4.17|4.17
PRISOCK LOUIS|01:014:301:01|3.94|4.22|4.67|4.59|4.06|4.03|4.06|3.46|4.22|4.03
ALEXIS YVELINE|01:014:301:02|3.94|4.22|4.67|4.59|4.06|4.03|4.06|3.46|4.22|4.03
MONK, J.|01:014:301:04|4.07|3.79|4.29|4.00|3.64|3.86|3.77|4.36|3.64|3.71
PLUMMER JOEL|01:014:301:06|3.94|4.22|4.67|4.59|4.06|4.03|4.06|3.46|4.22|4.03
RICHMOND VONDELL|01:014:301:07|3.94|4.22|4.67|4.59|4.06|4.03|4.06|3.46|4.22|4.03
GRIER APRIL|01:014:304:00|3.98|4.16|4.34|4.20|4.35|4.00|4.06|3.96|4.08|4.10
GRIER APRIL|01:014:304:01|3.98|4.16|4.34|4.20|4.35|4.00|4.06|3.96|4.08|4.10
TATE, G.|01:014:306:01|4.84|4.89|4.84|4.89|5.00|4.84|4.79|3.74|4.79|4.68
RAMACHANDRAN ANITHA|01:014:317:01|4.89|4.89|4.78|5.00|5.00|5.00|4.88|5.00|4.78|4.78
SOARIES DEFOREST|01:014:323:01|4.88|4.88|4.88|4.88|4.88|4.75|4.88|4.38|4.88|4.88|4.67|4.67|4.67|4.67|4.33|4.67|4.67|2.67|4.67
JOHNSON WALTON|01:014:330:01|5.00|4.79|4.79|4.86|4.36|4.57|4.71|3.64|4.79|4.43|5.00|5.00|5.00|5.00
KHAN KAMAL|01:014:347:01|4.67|4.47|4.80|4.60|4.73|4.53|4.73|3.80|4.47|4.40
DAVIS WILLIAM|01:014:349:01|4.20|3.80|4.60|5.00|4.60|4.20|4.20|4.20|4.20|4.20
PAXTON JOHN|01:014:355:01|4.72|4.88|5.00|4.79|4.74|4.72|4.84|4.22|4.83|4.78
NASH MIKAL|01:014:357:01|4.40|4.25|4.20|4.60|4.25|4.20|4.60|4.50|4.00|4.33
GARDINER MURV|01:014:362:01|2.00|1.92|3.33|2.31|3.58|2.20|2.50|3.92|2.25|2.27
GRIER APRIL|01:014:363:01|3.14|3.86|4.31|4.07|4.10|3.38|4.08|3.92|3.42|3.58|4.00
RAMACHANDRAN KAVITHA|01:014:365:01|4.89|5.00|5.00|5.00|5.00|5.00|5.00|4.75|5.00|5.00|5.00
JOHNSON WALTON|01:014:371:01|4.80|4.60|5.00|5.00|4.80|5.00|5.00|4.60|5.00|5.00|5.00|5.00|5.00|5.00|5.00|5.00|5.00|5.00|5.00
BONADIE DENNISTON|01:014:376:01|4.73|4.91|4.91|4.91|4.64|4.82|4.73|4.09|4.73|5.00
HOVE EMMANUEL|01:014:380:01|4.50|4.75|4.89|4.78|4.50|4.88|4.38|3.44|4.67|4.71
JOHNSON WALTON|01:014:404:01|5.00|5.00|5.00|5.00|4.67|5.00|5.00|4.57|5.00|5.00|5.00
BUTLER, K.|01:014:410:01|4.33|4.33|4.53|4.47|4.07|4.20|4.14|3.36|4.20|4.21
KWATE|01:014:436:01|4.44|3.67|4.67|4.11|2.89|3.22|4.33|2.11|3.78|3.56
WHITNEY JAMES|01:014:481:01|5.00|5.00|5.00|5.00|4.96|5.00|5.00|4.47|5.00|5.00|5.00
BUTLER KIM|01:014:490:01|4.94|4.81|4.88|4.81|4.71|4.64|4.79|4.16|4.73|4.71
WHITNEY JAMES|01:014:490:02|4.94|4.81|4.88|4.81|4.71|4.64|4.79|4.16|4.73|4.71
