TRANSUE GREGG|01:119:100:00|4.41|4.48|4.47|4.78|4.06|4.19|4.20|4.03|4.22|3.97|3.00
N YEVGEN|01:119:102:17|4.49|4.29|4.16|4.42|4.15|4.08|4.07|3.76|4.23|3.78|4.50|4.50|5.00|4.75
TSUL TSZWAI|01:119:102:38|4.49|4.29|4.16|4.42|4.15|4.08|4.07|3.76|4.23|3.78
SAADI CAROL|01:119:102:51|4.49|4.29|4.16|4.42|4.15|4.08|4.07|3.76|4.23|3.78
YU HOWARD|01:119:102:53|4.49|4.29|4.16|4.42|4.15|4.08|4.07|3.76|4.23|3.78|4.50
UZWIAK A|01:119:128:00|4.69|4.78|4.77|4.70|4.02|4.31|4.80|4.42|4.52|4.45|5.00|5.00
SKELLY SUSAN|01:119:131:01|4.53|4.34|4.15|4.17|4.00|3.78|4.15|3.50|3.98|3.73
HAVILAND M|01:119:150:01|4.85|4.87|4.73|4.79|4.70|4.49|4.41|3.38|4.61|4.47|3.00|4.00
GLODOWSKI|01:119:154:01|4.75|4.53|4.55|4.58|4.27|4.14|4.47|3.78|4.34|4.13
PESCATORE JOHN|01:119:160:02|4.37|4.42|4.29|4.44|4.57|3.93|4.29|3.39|4.13|4.36|3.00|3.00|3.00|3.00|3.00|3.00|3.00|3.00|3.00
GOLFETTI ROSELI|01:119:194:71|4.50|4.17|4.00|4.50|4.40|4.17|4.33|4.00|4.20|4.20
SCHJOTT JESSICA|01:119:195:00|4.43|4.38|4.10|4.52|4.71|4.25|4.30|4.05|4.23|4.19
