MCDOWELL DOUGLAS|01:920:101:00|4.43|4.41|4.33|4.48|4.49|4.08|4.15|3.57|4.22|4.15
CLARKE LEE|01:920:101:17|4.43|4.41|4.33|4.48|4.49|4.08|4.15|3.57|4.22|4.15|4.42|4.44|4.63|4.50|4.29|4.00|4.00|4.33|4.40
GERMANA RACHELLE|01:920:101:71|4.43|4.41|4.33|4.48|4.49|4.08|4.15|3.57|4.22|4.15|4.42|4.44|4.63|4.50|4.29|4.00|4.00|4.33|4.40
WINEBERG HOWARD|01:920:103:01|3.81|3.91|3.98|4.07|4.07|3.66|3.56|3.25|3.70|3.62|4.33|4.00|4.00|3.50|4.00|3.50|4.00|2.00|2.00
POROW MONIQUE|01:920:108:02|4.67|4.79|4.71|4.81|4.53|4.50|4.50|3.77|4.62|4.53
HAREWOOD ANNA|01:920:205:02|4.50|4.54|4.13|4.44|4.24|3.91|3.93|3.45|4.30|3.94
PHILLIPS JULIE|01:920:222:01|4.23|3.90|3.79|3.77|4.04|3.47|3.65|4.11|3.64|3.76|4.67
COVINGTON JEANETTE|01:920:222:04|4.23|3.90|3.79|3.77|4.04|3.47|3.65|4.11|3.64|3.76
WINEBERG HOWARD|01:920:222:05|4.23|3.90|3.79|3.77|4.04|3.47|3.65|4.11|3.64|3.76|4.67|4.00|4.00|4.00|4.00|4.00|4.00|4.00|3.00
BZOSTEK SHARON|01:920:227:01|4.84|4.86|4.52|4.88|4.79|4.45|4.53|3.33|4.71|4.60|4.00
SMITH DRANDALL|01:920:248:02|4.70|4.37|4.07|4.36|4.23|3.77|3.97|4.14|4.11|4.03|3.00
LU WENBO|01:920:270:01|3.89|3.65|3.72|4.00|4.05|3.44|3.33|3.52|3.54|3.56|3.50|4.00|4.00
CARELLI|01:920:272:01|4.05|4.34|4.27|4.42|4.19|3.85|3.82|3.75|3.78|3.88
STEIN ARLENE|01:920:283:01|3.97|3.83|3.62|4.07|3.88|2.98|3.19|3.28|3.21|3.30
WILHELMS JEFFREY|01:920:290:01|4.27|4.17|4.11|4.34|4.20|3.77|3.86|3.70|4.02|3.97|5.00
CARR PATRICK|01:920:291:01|4.59|4.67|4.67|4.63|4.45|4.57|4.57|4.08|4.64|4.62|5.00|5.00
RAND JOHN|01:920:303:01|4.86|4.88|4.73|4.93|4.81|4.60|4.62|3.64|4.67|4.56|3.00
MCDOWELL DOUGLAS|01:920:304:04|4.26|4.42|4.19|4.47|4.37|4.11|4.16|3.99|4.15|4.17|4.33
WINEBERG HOWARD|01:920:306:02|4.41|4.37|4.23|4.26|4.17|3.97|4.02|3.61|4.09|4.06|3.67|2.67|3.00|3.00|3.00|4.00
ROSENFIELD SARAH|01:920:307:01|4.33|4.70|4.70|4.91|4.87|4.59|4.40|4.13|4.44|4.58
HAREWOOD ANNA|01:920:311:00|4.27|4.11|3.89|4.15|3.80|3.65|3.68|3.04|3.84|3.66
PHILLIPS JULIE|01:920:311:00|4.27|4.11|3.89|4.15|3.80|3.65|3.68|3.04|3.84|3.66|4.40
GONDAL NEMA|01:920:311:00|4.27|4.11|3.89|4.15|3.80|3.65|3.68|3.04|3.84|3.66
LU WENBO|01:920:311:01|4.27|4.11|3.89|4.15|3.80|3.65|3.68|3.04|3.84|3.66|4.40|5.00|5.00|3.00
LU|01:920:311:02|4.27|4.11|3.89|4.15|3.80|3.65|3.68|3.04|3.84|3.66
LIN|01:920:311:07|4.27|4.11|3.89|4.15|3.80|3.65|3.68|3.04|3.84|3.66
WINEBERG H|01:920:311:80|4.27|4.11|3.89|4.15|3.80|3.65|3.68|3.04|3.84|3.66|4.40
KRIVO|01:920:312:00|4.66|4.62|4.23|4.58|4.51|4.33|4.32|3.21|4.54|4.52
MITCHELL|01:920:313:00|4.51|4.49|4.27|4.65|4.36|4.07|4.11|3.37|4.22|4.11
MCLEAN|01:920:313:00|4.51|4.49|4.27|4.65|4.36|4.07|4.11|3.37|4.22|4.11
HSINYI YEH|01:920:313:04|4.51|4.49|4.27|4.65|4.36|4.07|4.11|3.37|4.22|4.11
HSINYI YEH|01:920:313:05|4.51|4.49|4.27|4.65|4.36|4.07|4.11|3.37|4.22|4.11|5.00
LAPOINTE|01:920:314:00|4.31|4.33|3.96|4.40|3.94|3.70|3.85|3.28|3.98|3.81
MITCHELL|01:920:314:00|4.31|4.33|3.96|4.40|3.94|3.70|3.85|3.28|3.98|3.81|5.00|5.00|5.00|5.00|5.00|5.00|5.00|5.00|5.00
SONG K|01:920:314:03|4.31|4.33|3.96|4.40|3.94|3.70|3.85|3.28|3.98|3.81
LAPOINTE|01:920:314:07|4.31|4.33|3.96|4.40|3.94|3.70|3.85|3.28|3.98|3.81|5.00
ZERUBAVEL|01:920:319:01|4.75|4.40|4.25|4.33|4.13|4.07|4.27|3.25|4.50|4.38
FRIEDMAN|01:920:321:01|3.95|3.95|4.38|3.95|4.22|3.58|3.40|3.20|3.63|3.53
WILLIAMS|01:920:326:01|3.81|3.45|3.95|3.90|3.05|3.55|3.70|3.24|3.53|3.37
SCHUSTER S|01:920:332:80|3.65|2.88|3.59|2.88|3.12|2.94|3.00|3.06|2.78|3.24|5.00|5.00|5.00|5.00
SMITH|01:920:345:01|4.64|4.04|4.18|4.09|4.26|3.96|3.95|3.57|4.05|4.00
BATEMAN|01:920:349:03|4.67|4.64|4.73|4.72|4.76|4.48|4.45|4.10|4.52|4.48
MCDOWELL|01:920:349:04|4.67|4.64|4.73|4.72|4.76|4.48|4.45|4.10|4.52|4.48|3.00
SCHUSTER S|01:920:354:01|4.67|4.33|5.00|4.33|4.50|4.17|5.00|4.50|4.67|4.67
COVINGTON|01:920:361:01|4.68|4.25|4.04|4.26|4.04|3.96|4.35|4.25|4.04|4.04
BOROCZ|01:920:375:01|4.55|4.57|4.71|4.62|4.37|4.48|4.57|3.86|4.52|4.38
ZERUBAVEL|01:920:398:01|4.67|4.50|4.33|4.67|4.67|3.40|4.67|4.33|4.67|4.67
HIRSCHFIELD|01:920:421:01|4.81|4.76|4.75|4.83|4.61|4.63|4.71|4.08|4.68|4.54
MISCHE|01:920:421:03|4.81|4.76|4.75|4.83|4.61|4.63|4.71|4.08|4.68|4.54
FRIEDMAN|01:920:428:01|4.42|4.58|3.92|4.58|4.00|3.92|4.17|3.73|3.75|3.83
