PARENT JANET|01:694:214:01|4.90|4.85|4.55|4.95|4.61|4.55|4.70|4.40|4.70|4.50
DEIS FRANK|01:694:301:01|4.37|4.23|4.32|4.27|4.42|4.08|4.35|3.45|4.32|4.17|4.58|4.34|3.56|4.03|5.00
DEIS FRANK|01:694:313:01|4.64|4.79|4.77|4.81|4.75|4.75|4.72|4.38|4.71|4.67
ANORIANARIJAONA|01:694:313:04|4.64|4.79|4.77|4.81|4.75|4.75|4.72|4.38|4.71|4.67
NICKELS BRYCE|01:694:315:00|4.66|4.63|4.30|4.60|4.44|4.20|4.53|4.46|4.41|4.56
GRANT BARTH|01:694:315:00|4.66|4.63|4.30|4.60|4.44|4.20|4.53|4.46|4.41|4.56|4.00|4.00|4.00|4.00|4.00|4.00|4.00|4.00|4.00
VERSHON ANDREW|01:694:315:00|4.66|4.63|4.30|4.60|4.44|4.20|4.53|4.46|4.41|4.56|4.00|4.00|4.00|4.00
PARENT JANET|01:694:315:02|4.66|4.63|4.30|4.60|4.44|4.20|4.53|4.46|4.41|4.56
NICKELS BRYCE|01:694:315:03|4.66|4.63|4.30|4.60|4.44|4.20|4.53|4.46|4.41|4.56
PARENT JANET|01:694:315:03|4.66|4.63|4.30|4.60|4.44|4.20|4.53|4.46|4.41|4.56
GRANT BARTH|01:694:315:03|4.66|4.63|4.30|4.60|4.44|4.20|4.53|4.46|4.41|4.56
BRILL S|01:694:408:01|4.50|4.35|4.18|4.29|4.25|4.06|4.25|4.12|4.18|4.11
Gunderson S|01:694:408:01|4.50|4.35|4.18|4.29|4.25|4.06|4.25|4.12|4.18|4.11
KUSCH THOMAS|01:694:408:01|4.50|4.35|4.18|4.29|4.25|4.06|4.25|4.12|4.18|4.11
ANDERSON STEPHEN|01:694:412:01|4.88|4.81|4.81|4.92|4.92|4.85|5.00|4.62|4.81|4.96
MONTELIONE GAETANO|01:694:412:01|4.88|4.81|4.81|4.92|4.92|4.85|5.00|4.62|4.81|4.96
DISMUKES GERARD|01:694:421:01|4.45|4.41|4.23|4.73|4.29|3.73|4.41|3.86|4.05|3.91
NIEBERMAN ROBERT|01:694:421:01|4.45|4.41|4.23|4.73|4.29|3.73|4.41|3.86|4.05|3.91
GUNDERSON SAMUEL|01:694:484:01|4.78|4.73|4.56|4.71|4.61|4.64|4.57|4.48|4.66|4.48
PADGETT RICHARD|01:694:484:01|4.78|4.73|4.56|4.71|4.61|4.64|4.57|4.48|4.66|4.48
NIEBERMAN ROBERT|01:694:484:01|4.78|4.73|4.56|4.71|4.61|4.64|4.57|4.48|4.66|4.48
GUNDERSON SAMUEL|01:694:484:01|4.78|4.73|4.56|4.71|4.61|4.64|4.57|4.48|4.66|4.48
