MASTROLIA MARYANN|01:560:101:01|4.63|4.71|4.73|4.84|4.75|4.59|4.60|4.41|4.59|4.57
FALLON LORYN|01:560:101:02|4.63|4.71|4.73|4.84|4.75|4.59|4.60|4.41|4.59|4.57
HRENKO ILONA|01:560:101:04|4.63|4.71|4.73|4.84|4.75|4.59|4.60|4.41|4.59|4.57
HRENKO ILONA|01:560:101:05|4.63|4.71|4.73|4.84|4.75|4.59|4.60|4.41|4.59|4.57
NICOSIA ROBERTO|01:560:101:06|4.63|4.71|4.73|4.84|4.75|4.59|4.60|4.41|4.59|4.57
NICOSIA ROBERTO|01:560:101:07|4.63|4.71|4.73|4.84|4.75|4.59|4.60|4.41|4.59|4.57
PIERACCINI DANIELE|01:560:101:22|4.63|4.71|4.73|4.84|4.75|4.59|4.60|4.41|4.59|4.57
METALLO CLAUDINE|01:560:101:23|4.63|4.71|4.73|4.84|4.75|4.59|4.60|4.41|4.59|4.57
DEFEO ROSAMARIA|01:560:101:24|4.63|4.71|4.73|4.84|4.75|4.59|4.60|4.41|4.59|4.57
HRENKO ILONA|01:560:102:04|4.80|4.74|4.72|4.77|4.81|4.72|4.78|4.68|4.78|4.81
DEBEVOISE DAVID|01:560:102:22|4.80|4.74|4.72|4.77|4.81|4.72|4.78|4.68|4.78|4.81
DEBEVOISE DAVID|01:560:102:24|4.80|4.74|4.72|4.77|4.81|4.72|4.78|4.68|4.78|4.81
DEFEO DANIELE|01:560:105:01|4.86|4.71|4.86|4.86|4.71|4.71|4.71|4.71|4.57|4.57
PASCUZZI FRANCESCO|01:560:107:01|4.63|4.63|4.63|4.50|4.38|4.50|4.63|4.88|4.38|4.50
PASCALE VINZENZO|01:560:124:01|2.57|3.29|3.43|3.29|2.50|2.86|2.86|5.00|3.00|3.00
MARSH DAVID|01:560:232:01|4.50|4.57|4.43|4.61|4.61|4.18|4.07|3.93|4.22|4.15
WHITE LAURA S.|01:560:256:01|4.59|4.47|4.53|4.47|4.41|4.24|4.29|4.59|4.19|4.18
PASCUZZI FRANCESCO|01:560:306:01|4.70|4.80|4.30|4.30|4.50|4.30|4.30|4.00|4.20|4.00
VETTORI ALESSANDRO|01:560:315:01|4.78|4.75|4.57|4.78|4.82|4.55|4.61|4.40|4.69|4.57
BORELLI ELENA|01:560:322:01|4.77|4.77|4.77|4.77|4.38|4.69|4.38|4.92|4.54|4.46
PASCALE VINCENZO|01:560:339:01|4.10|3.93|4.14|4.34|4.34|4.14|4.10|4.38|4.14|4.28
WHITE LAURA S.|01:560:431:01|4.91|4.91|4.55|4.45|4.73|4.45|4.55|4.45|4.45|4.64
GAMBAROTA PAOLA|NONE|5.00|5.00|5.00|5.00|5.00|5.00|5.00|5.00|5.00|5.00
