SCHJOTT JESSICA|01:146:295:01|4.79|4.64|4.62|4.84|4.86|4.50|4.61|4.19|4.64|4.55|3.00|5.00|5.00
KEATING ANNE|01:146:328:00|4.80|4.73|4.70|4.82|4.66|4.50|4.72|4.19|4.76|4.69|5.00
GOLFETI ROSELI|01:146:356:01|3.54|3.83|3.91|4.00|3.76|3.27|3.82|4.15|3.13|3.33|1.00|2.00|3.00|4.00|5.00|1.00|2.00|3.00|4.00
PARADISO KENNETH|01:146:445:01|4.63|4.66|4.40|4.69|4.34|4.21|4.40|4.61|4.40|4.34
DARCANGELO GABRIELLA|01:146:445:01|4.63|4.66|4.40|4.69|4.34|4.21|4.40|4.61|4.40|4.34|4.75
Plummer Mark|01:146:445:01|4.83|4.88|4.76|4.83|4.73|4.79|4.76|4.80|4.79|4.71
Hart Ronald|01:146:445:01|4.83|4.88|4.76|4.83|4.73|4.79|4.76|4.80|4.79|4.71
HSU SHU|01:146:445:40|4.63|4.66|4.40|4.69|4.34|4.21|4.40|4.61|4.40|4.34|4.75|5.00|5.00|5.00
FIRESTEIN BONNIE|01:146:445:40|4.63|4.66|4.40|4.69|4.34|4.21|4.40|4.61|4.40|4.34
XIE PING|01:146:464:01|4.56|4.52|4.58|4.73|5.00|4.40|4.54|4.62|4.54|4.50
YOUNG WISE|01:146:464:01|4.56|4.52|4.58|4.73|5.00|4.40|4.54|4.62|4.54|4.50|5.00
Grumet Martin|01:146:470:01|4.19|4.06|3.90|4.13|3.71|3.82|3.81|4.00|3.96|3.49
Werlen Guy|01:146:470:01|4.19|4.06|3.90|4.13|3.71|3.82|3.81|4.00|3.96|3.49
Haimovich Beatrice|01:146:470:01|4.19|4.06|3.90|4.13|3.71|3.82|3.81|4.00|3.96|3.49
Brewer Gary|01:146:470:01|4.19|4.06|3.90|4.13|3.71|3.82|3.81|4.00|3.96|3.49
Hart Ron|01:146:470:01|4.19|4.06|3.90|4.13|3.71|3.82|3.81|4.00|3.96|3.49
Grant Barth|01:146:470:01|4.19|4.06|3.90|4.13|3.71|3.82|3.81|4.00|3.96|3.49
Schwander Martin|01:146:470:01|4.19|4.06|3.90|4.13|3.71|3.82|3.81|4.00|3.96|3.49
