RAMOSZAYAS ANA|01:070:101:00|4.23|3.97|3.82|4.08|3.82|3.58|3.62|3.39|3.70|3.56|4.25|5.00|5.00|4.00|5.00
MERRITT STEPHEN|01:070:102:00|4.34|4.06|3.99|4.17|4.15|3.79|3.84|3.41|3.91|3.69|3.60|3.60|3.75|3.75|3.33|4.00|4.00|4.00|4.00
COINCOLLIER SUSAN|01:070:102:04|4.34|4.06|3.99|4.17|4.15|3.79|3.84|3.41|3.91|3.69
SCHRIRE CARMEL|01:070:105:00|4.71|4.59|4.66|4.69|4.75|4.42|4.54|4.09|4.54|4.37
AHEARN LAURA|01:070:108:00|4.46|4.37|4.28|4.53|4.12|4.13|4.26|3.87|4.26|4.17
JOJAOSHO OMOTAYO|01:070:108:02|4.46|4.37|4.28|4.53|4.12|4.13|4.26|3.87|4.26|4.17|5.00|5.00|5.00|5.00|5.00|5.00|5.00|5.00|5.00
AHEARN LAURA|01:070:108:71|4.46|4.37|4.28|4.53|4.12|4.13|4.26|3.87|4.26|4.17
TRIVERS ROBERT|01:070:204:01|4.15|4.33|4.44|4.39|4.38|3.99|4.04|3.47|4.18|4.16|4.17|4.00|4.00|4.00|4.00|4.00|4.00|4.00|4.00
WOODHOUSEBEYER KATHRYN|01:070:206:01|4.71|4.71|4.67|4.71|5.00|4.29|4.57|3.43|4.71|4.33
HARRIS JOHN|01:070:207:01|4.60|4.80|4.67|4.73|4.73|4.60|4.73|4.71|4.80|4.67|5.00
JACOBSON AMY|01:070:212:01|4.54|4.53|4.38|4.22|4.10|3.72|4.13|3.63|3.97|3.90|5.00|5.00|5.00
FEIBEL CRAIG|01:070:213:01|4.37|3.98|3.94|4.38|3.91|3.72|3.67|3.21|3.96|3.79|5.00
GHASSEMFACHANDI PARVIS|01:070:220:01|4.56|4.64|4.58|4.56|4.43|4.06|4.18|3.32|4.24|4.06|3.00
REYESCORTES BEATRIZ|01:070:223:01|4.08|4.63|4.39|4.67|4.42|4.13|4.46|3.87|4.08|4.04
MAHONEY DILLON|01:070:243:01|4.94|4.94|4.88|4.94|4.85|4.74|4.91|4.39|4.88|4.76
GHASSEMFACHANDI PARVIS|01:070:244:01|4.42|4.63|4.67|4.74|4.64|4.25|4.50|3.91|4.55|4.41
MAHONEY DILLON|01:070:293:01|4.86|4.74|4.61|4.83|4.90|4.68|4.61|4.22|4.83|4.52
SIEBERT ROBERT|01:070:301:01|4.12|4.62|4.31|4.73|4.73|3.88|3.96|3.88|4.04|3.88
OBRIEN ROBERT|01:070:307:01|3.63|4.13|4.59|4.29|4.05|4.00|4.38|4.00|4.00|3.96
JACOBSON AMY|01:070:310:01|4.56|4.63|4.66|4.67|4.50|4.31|4.48|4.25|4.50|4.47|5.00|5.00|5.00
CRONK LEE|01:070:328:01|4.47|4.65|4.45|4.65|4.78|4.56|4.50|4.16|4.45|4.38
JACOBSON AMY|01:070:348:01|4.90|5.00|4.60|5.00|4.90|4.50|4.50|4.50|4.70|4.70
CACHEL SUSAN|01:070:356:01|4.50|4.30|4.05|4.47|4.65|4.15|4.30|4.00|4.26|4.22|4.00
MERRITT STEPHEN|01:070:358:01|2.83|2.65|2.91|3.04|2.30|2.17|4.04|4.48|2.22|2.61
OBRIEN ROBERT|01:070:368:01|3.54|4.30|4.17|4.30|4.05|3.95|4.21|3.70|4.05|4.05|5.00|5.00|5.00
BROWN L|01:070:371:01|5.00|4.80|4.80|5.00|5.00|4.60|4.60|3.80|4.80|4.60
MAHONEY DILLON|01:070:374:01|4.97|4.90|4.93|4.86|4.86|4.79|4.83|4.17|4.96|4.93
HEINRICH ADAM|01:070:392:01|4.40|4.82|4.27|4.73|4.73|4.50|5.00|4.20|4.64|4.50
CACHEL SUSAN|01:070:402:01|3.67|4.40|3.90|4.70|4.90|4.20|4.10|4.33|4.11|4.00
BROOKS ANDREW|01:070:410:01|5.00|5.00|5.00|5.00|5.00|5.00|5.00|5.00|4.67|4.67
HARRIS JOHN|01:070:412:01|4.82|4.82|4.82|4.90|4.86|4.73|4.91|4.82|4.73|4.73
