SHOCKLEY E|01:350:219:04|4.55|4.46|4.39|4.58|4.32|4.31|4.17|3.76|4.27|4.13|4.42|3.46|4.19|3.91|4.07|4.45
HUNT STEPHANIE|01:350:219:09|4.55|4.46|4.39|4.58|4.32|4.31|4.17|3.76|4.27|4.13|4.42|3.46|4.19|3.91|4.07|4.45
IANNINI CHRISTOPHER|01:350:219:09|4.55|4.46|4.39|4.58|4.32|4.31|4.17|3.76|4.27|4.13|4.42|3.46|4.19|3.91|4.07|4.45
HUNT STEPHANIE|01:350:219:10|4.55|4.46|4.39|4.58|4.32|4.31|4.17|3.76|4.27|4.13|4.42|3.46|4.19|3.91|4.07|4.45
DOWLING W|01:350:219:18|4.55|4.46|4.39|4.58|4.32|4.31|4.17|3.76|4.27|4.13|4.42|3.46|4.19|3.91|4.07|4.45
MCCLURE J|01:350:220:04|4.30|4.18|3.89|4.32|4.14|3.78|3.67|3.99|3.90|3.76|4.09|3.08|3.82|4.10|4.01|4.35
GLISERMAN M|01:350:220:08|4.30|4.18|3.89|4.32|4.14|3.78|3.67|3.99|3.90|3.76|4.09|3.08|3.82|4.10|4.01|4.35
VESTERMAN WILLIAM|01:350:220:20|4.30|4.18|3.89|4.32|4.14|3.78|3.67|3.99|3.90|3.76|4.09|3.08|3.82|4.10|4.01|4.35
MASIELLO M|01:350:221:01|4.47|4.68|4.53|4.68|4.58|4.53|4.32|4.37|4.58|4.53|4.68|4.00|4.33|4.21|3.89|4.47
JACKSON GREGORY|01:350:227:01|4.97|4.87|4.98|4.90|4.84|4.97|4.95|4.07|4.90|4.88|4.46|3.79|4.50|3.95|4.25|4.56|4.69|4.43|4.00
PHILLIPS M|01:350:251:02|4.62|4.62|4.44|4.85|4.27|4.24|4.03|3.26|4.26|4.00|4.50|3.50|4.17|4.06|3.88|4.38
GALPERIN W|01:350:308:01|4.69|4.69|4.58|4.58|4.60|4.38|4.40|4.08|4.38|4.28|3.84|3.16|4.00|3.76|3.88|4.58
BARRY S|01:350:309:01|3.92|3.58|4.08|3.50|4.00|3.58|3.75|3.45|3.58|3.50|3.73|4.10|4.00|3.75|4.08|4.42
FULTON T|01:350:323:01|4.70|4.53|4.55|4.69|4.54|4.39|4.38|4.13|4.55|4.46|4.36|2.90|3.89|4.14|3.82|4.13
FULTON T|01:350:324:01|4.64|4.61|4.82|4.79|4.79|4.36|4.54|4.25|4.61|4.54|4.45|3.45|4.44|3.93|3.89|4.21
DOWLING W|01:350:334:01|4.84|4.38|4.59|4.34|4.09|4.34|4.63|4.13|4.45|4.34|4.00|3.14|4.00|3.65|4.53|4.83
BUCKLEY M|01:350:346:01|4.93|4.93|4.79|4.93|4.83|4.85|4.76|4.10|4.93|4.76|4.93|4.30|4.64|4.18|4.07|4.71
IAN M|01:350:355:01|2.44|2.22|1.94|2.50|2.72|1.89|2.06|3.61|1.94|1.94|3.06|2.76|2.70|3.50|3.56|4.17
KERNAN RYAN|01:350:363:01|4.34|4.69|4.59|4.82|4.81|4.48|4.54|3.52|4.38|4.38|3.83|3.88|4.17|4.11|3.75|3.75|4.32|4.33|4.50
WALL C|01:350:364:01|4.83|4.90|4.83|4.90|4.73|4.80|4.70|3.93|4.83|4.70|4.77|3.88|4.39|4.07|4.14|4.43
MATHES C|01:350:369:01|4.55|4.25|4.25|4.40|4.50|4.04|4.05|3.31|4.18|4.09|4.26|3.28|4.30|3.98|3.80|4.31
KERNAN RYAN|01:350:376:01|4.71|4.91|4.85|4.94|4.84|4.79|4.67|3.79|4.75|4.71|4.72|4.17|4.76|3.70|5.00|3.89|4.59|5.00|5.00
STEPHENS M|01:350:378:01|4.78|4.78|4.72|4.78|4.67|4.67|4.50|3.61|4.89|4.78|4.89|3.80|4.17|4.18|4.00|4.11
ELLIS K|01:350:382:01|3.25|3.70|3.45|4.35|4.05|3.16|3.65|3.50|3.58|3.50
SCANLON L|01:350:389:01|4.04|4.62|4.31|4.65|4.68|4.04|4.08|3.19|4.15|3.96|4.24|4.17|4.40|3.54|3.73|4.15
SADOFF D|01:350:392:01|4.33|4.05|4.25|4.15|4.07|3.98|3.93|4.07|3.85|3.75|4.13|3.88|3.97|4.07|4.15|4.18
BARRY S|01:350:392:03|4.33|4.05|4.25|4.15|4.07|3.98|3.93|4.07|3.85|3.75|4.13|3.88|3.97|4.07|4.15|4.18
DEKOVEN M|01:350:393:01|4.13|4.33|4.26|4.52|4.08|3.84|3.79|4.06|3.98|3.85|3.86|3.06|3.80|4.00|3.82|4.43
MORAN D|01:350:393:03|4.13|4.33|4.26|4.52|4.08|3.84|3.79|4.06|3.98|3.85|3.86|3.06|3.80|4.00|3.82|4.43
KLEIN S|01:350:412:01|5.00|5.00|5.00|5.00|5.00|5.00|5.00|4.25|5.00|5.00|4.83|4.71|5.00|4.50|4.50|4.50
MASIELLO M|01:350:434:01|5.00|4.75|4.50|4.75|4.75|5.00|5.00|3.00|4.75|4.50|4.67|4.67|5.00|5.00|4.33|4.00
KRAMNICK J|01:350:435:02|4.75|4.75|4.75|4.75|4.75|4.58|4.67|4.00|4.58|4.75|4.58|2.75|4.50|4.45|4.36|4.55
QUALLS B|01:350:436:01|4.75|4.75|4.75|4.86|4.86|4.61|4.77|4.28|4.69|4.60|4.89|4.39|4.65|4.50|4.28|4.67
SIEGEL J|01:350:436:02|4.75|4.75|4.75|4.86|4.86|4.61|4.77|4.28|4.69|4.60|4.89|4.39|4.65|4.50|4.28|4.67
VESTERMAN W|01:350:437:01|4.88|4.91|4.88|4.97|4.76|4.88|4.79|4.52|4.91|4.85|4.85|3.96|4.58|4.55|4.52|4.58
SADOFF D|01:350:437:02|4.88|4.91|4.88|4.97|4.76|4.88|4.79|4.52|4.91|4.85|4.85|3.96|4.58|4.55|4.52|4.58
FLINT K|01:350:437:03|4.88|4.91|4.88|4.97|4.76|4.88|4.79|4.52|4.91|4.85|4.85|3.96|4.58|4.55|4.52|4.58
IANNINI CHRISTOPHER|01:350:441:01|4.81|4.81|4.63|4.81|4.75|4.63|4.63|3.13|4.81|4.50|4.75|4.00|4.69|4.19|4.38|4.25
EVANS B|01:350:442:01|4.71|4.86|4.86|5.00|4.71|4.57|4.86|3.43|4.71|4.86|4.71|4.57|5.00|4.43|4.00|4.86
WALL C|01:350:446:01|4.87|4.93|4.93|4.93|4.67|4.93|4.87|4.43|4.85|4.79|4.93|4.20|4.75|4.53|4.40|4.60
