KEETON C|01:750:109:01|4.84|4.74|4.64|4.76|4.59|4.42|4.39|3.99|4.49|4.39|4.88|4.31|4.20|4.20|4.82|3.72
Williams T|01:750:109:02|4.84|4.74|4.64|4.76|4.59|4.42|4.39|3.99|4.49|4.39|4.88|4.31|4.20|4.20|4.82|3.72
JHA S|01:750:110:01|4.91|4.82|4.85|4.91|4.82|4.85|4.71|4.29|4.82|4.79|4.94|4.72|4.76|4.82|4.91|3.97
BRAHMIA S|NONE|4.52|4.54|4.57|4.65|4.42|4.42|4.42|4.31|4.36|4.33|4.80|3.97|4.16|3.78|4.39|3.76
BARTYNSKI R|01:750:123:01|4.63|4.31|4.46|4.45|4.36|4.30|4.13|4.08|4.28|4.19|4.84|3.63|4.09|3.83|4.55|3.77
BASIRNIA A|01:750:123:02|3.87|3.88|3.82|4.28|4.12|3.76|3.71|3.91|3.67|3.81|3.95|3.66
BASIRNIA A|01:750:123:03|3.87|3.88|3.82|4.28|4.12|3.76|3.71|3.91|3.67|3.81|3.95|3.66
BASIRNIA A|01:750:123:07|3.87|3.88|3.82|4.28|4.12|3.76|3.71|3.91|3.67|3.81|3.95|3.66
KOJIMA H|01:750:123:10|3.87|3.88|3.82|4.28|4.12|3.76|3.71|3.91|3.67|3.81|3.95|3.66
BASIRNIA A|01:750:123:16|3.87|3.88|3.82|4.28|4.12|3.76|3.71|3.91|3.67|3.81|3.95|3.66
BARTYNSKI R|01:750:123:22|4.63|4.31|4.46|4.45|4.36|4.30|4.13|4.08|4.28|4.19|4.84|3.63|4.09|3.83|4.55|3.77
KLOET W|01:750:161:01|4.50|4.53|4.10|4.60|4.67|4.30|3.89|3.28|4.24|4.03|4.51|3.87
KEIDERLING M|01:750:161:02|4.50|4.53|4.10|4.60|4.67|4.30|3.89|3.28|4.24|4.03|4.51|3.87
KEIDERLING M|01:750:161:04|4.50|4.53|4.10|4.60|4.67|4.30|3.89|3.28|4.24|4.03|4.51|3.87
SCHNETZER S|01:750:161:06|4.31|4.24|4.11|4.49|4.30|3.91|3.62|3.19|3.83|3.69|4.63|3.70|3.69|3.94|4.28|3.61
KEIDERLING M|01:750:161:09|4.50|4.53|4.10|4.60|4.67|4.30|3.89|3.28|4.24|4.03|4.51|3.87
GENTILE M|01:750:193:01|3.68|3.53|3.58|3.96|4.01|3.45|3.46|2.98|3.43|3.52|4.54|3.29
GENTILE M|01:750:193:01|4.63|4.75|4.58|4.82|4.66|4.37|4.12|3.06|4.42|3.93|4.97|3.54|3.65|3.96|3.81|3.58
REED R|01:750:193:02|3.68|3.53|3.58|3.96|4.01|3.45|3.46|2.98|3.43|3.52|4.54|3.29
TOLEDO S|01:750:193:03|3.68|3.53|3.58|3.96|4.01|3.45|3.46|2.98|3.43|3.52|4.54|3.29
PELO D|01:750:193:04|3.68|3.53|3.58|3.96|4.01|3.45|3.46|2.98|3.43|3.52|4.54|3.29
ARIAS I|01:750:193:08|3.68|3.53|3.58|3.96|4.01|3.45|3.46|2.98|3.43|3.52|4.54|3.29
HUESTON M|01:750:193:20|4.30|3.90|4.03|4.30|4.06|3.92|3.74|3.10|3.97|3.71|4.73|3.63|3.89|3.45|3.10|3.72|3.41
RESNICK E|01:750:193:22|4.30|3.90|4.03|4.30|4.06|3.92|3.74|3.10|3.97|3.71|4.73|3.63|3.89|3.45|3.10|3.72|3.41
GENTILE M|01:750:193:23|4.30|3.90|4.03|4.30|4.06|3.92|3.74|3.10|3.97|3.71|4.73|3.63|3.89|3.45|3.10|3.72|3.41
PELO D|01:750:193:24|4.30|3.90|4.03|4.30|4.06|3.92|3.74|3.10|3.97|3.71|4.73|3.63|3.89|3.45|3.10|3.72|3.41
KOSINSKI J|01:750:193:26|4.30|3.90|4.03|4.30|4.06|3.92|3.74|3.10|3.97|3.71|4.73|3.63|3.89|3.45|3.10|3.72|3.41
ARIAS I|01:750:193:27|4.30|3.90|4.03|4.30|4.06|3.92|3.74|3.10|3.97|3.71|4.73|3.63|3.89|3.45|3.10|3.72|3.41
TOLEDO S|01:750:193:28|4.30|3.90|4.03|4.30|4.06|3.92|3.74|3.10|3.97|3.71|4.73|3.63|3.89|3.45|3.10|3.72|3.41
VANIER M|01:750:193:30|4.30|3.90|4.03|4.30|4.06|3.92|3.74|3.10|3.97|3.71|4.73|3.63|3.89|3.45|3.10|3.72|3.41
BRAHMIA A|NONE|4.98|4.95|4.88|4.93|4.79|4.88|4.84|4.00|4.89|4.77|4.84|3.87|4.55|4.45|4.75|3.91
BRAHMIA A|01:750:203:01|4.85|4.76|4.79|4.79|4.57|4.70|4.59|3.73|4.74|4.50|4.72|3.67|4.23|4.41|4.73|3.99
BRAHMIA A|01:750:203:13|4.85|4.76|4.79|4.79|4.57|4.70|4.59|3.73|4.74|4.50|4.72|3.67|4.23|4.41|4.73|3.99
FRIEDAN D|01:750:203:16|3.27|3.17|3.22|3.59|3.75|2.94|2.92|3.21|2.90|3.19|4.13
FRIEDAN D|01:750:203:17|3.27|3.17|3.22|3.59|3.75|2.94|2.92|3.21|2.90|3.19|4.13
FRIEDAN D|01:750:203:18|3.27|3.17|3.22|3.59|3.75|2.94|2.92|3.21|2.90|3.19|4.13
CROFT M|01:750:204:05|3.58|4.08|4.05|4.34|4.24|3.50|3.42|3.12|3.27|3.42|4.70|4.06|3.79|4.25|4.20|3.61
REYES S|01:750:205:01|4.40|4.47|4.22|4.55|4.46|4.26|4.06|3.59|4.25|4.06|4.27|4.14|4.14|3.93|2.60|3.21|3.64
REYES S|01:750:205:02|4.40|4.47|4.22|4.55|4.46|4.26|4.06|3.59|4.25|4.06|4.27|4.14|4.14|3.93|2.60|3.21|3.64
MULTANI A|01:750:205:03|4.40|4.47|4.22|4.55|4.46|4.26|4.06|3.59|4.25|4.06|4.27|4.14|4.14|3.93|2.60|3.21|3.64
MULTANI A|01:750:205:06|4.40|4.47|4.22|4.55|4.46|4.26|4.06|3.59|4.25|4.06|4.27|4.14|4.14|3.93|2.60|3.21|3.64
MULTANI A|01:750:205:07|4.40|4.47|4.22|4.55|4.46|4.26|4.06|3.59|4.25|4.06|4.27|4.14|4.14|3.93|2.60|3.21|3.64
MULTANI A|01:750:205:10|4.40|4.47|4.22|4.55|4.46|4.26|4.06|3.59|4.25|4.06|4.27|4.14|4.14|3.93|2.60|3.21|3.64
PATEL M|01:750:205:11|4.40|4.47|4.22|4.55|4.46|4.26|4.06|3.59|4.25|4.06|4.27|4.14|4.14|3.93|2.60|3.21|3.64
MULTANI A|01:750:205:14|4.40|4.47|4.22|4.55|4.46|4.26|4.06|3.59|4.25|4.06|4.27|4.14|4.14|3.93|2.60|3.21|3.64
BHAVE K|01:750:205:15|4.40|4.47|4.22|4.55|4.46|4.26|4.06|3.59|4.25|4.06|4.27|4.14|4.14|3.93|2.60|3.21|3.64
AUDUNOORI S|01:750:205:17|4.40|4.47|4.22|4.55|4.46|4.26|4.06|3.59|4.25|4.06|4.27|4.14|4.14|3.93|2.60|3.21|3.64
KOTTAM N|01:750:205:18|4.40|4.47|4.22|4.55|4.46|4.26|4.06|3.59|4.25|4.06|4.27|4.14|4.14|3.93|2.60|3.21|3.64
BHAVE K|01:750:205:20|4.40|4.47|4.22|4.55|4.46|4.26|4.06|3.59|4.25|4.06|4.27|4.14|4.14|3.93|2.60|3.21|3.64
AUDUNOORI S|01:750:205:21|4.40|4.47|4.22|4.55|4.46|4.26|4.06|3.59|4.25|4.06|4.27|4.14|4.14|3.93|2.60|3.21|3.64
AUDUNOORI S|01:750:205:22|4.40|4.47|4.22|4.55|4.46|4.26|4.06|3.59|4.25|4.06|4.27|4.14|4.14|3.93|2.60|3.21|3.64
AUDUNOORI S|01:750:205:23|4.40|4.47|4.22|4.55|4.46|4.26|4.06|3.59|4.25|4.06|4.27|4.14|4.14|3.93|2.60|3.21|3.64
KOTTAM N|01:750:205:28|4.40|4.47|4.22|4.55|4.46|4.26|4.06|3.59|4.25|4.06|4.27|4.14|4.14|3.93|2.60|3.21|3.64
RAJASEKARAN R|01:750:206:01|4.58|4.61|4.29|4.58|4.40|4.35|4.14|3.40|4.42|4.26|4.39|4.35|3.96|3.91|2.58|3.18|3.80
JAIN S|01:750:206:02|4.58|4.61|4.29|4.58|4.40|4.35|4.14|3.40|4.42|4.26|4.39|4.35|3.96|3.91|2.58|3.18|3.80
JAIN S|01:750:206:03|4.58|4.61|4.29|4.58|4.40|4.35|4.14|3.40|4.42|4.26|4.39|4.35|3.96|3.91|2.58|3.18|3.80
JAIN S|01:750:206:04|4.58|4.61|4.29|4.58|4.40|4.35|4.14|3.40|4.42|4.26|4.39|4.35|3.96|3.91|2.58|3.18|3.80
RADHAKRISHNAN R|01:750:206:05|4.58|4.61|4.29|4.58|4.40|4.35|4.14|3.40|4.42|4.26|4.39|4.35|3.96|3.91|2.58|3.18|3.80
ALBA G|01:750:206:06|4.58|4.61|4.29|4.58|4.40|4.35|4.14|3.40|4.42|4.26|4.39|4.35|3.96|3.91|2.58|3.18|3.80
RAJASEKARAN R|01:750:206:08|4.58|4.61|4.29|4.58|4.40|4.35|4.14|3.40|4.42|4.26|4.39|4.35|3.96|3.91|2.58|3.18|3.80
RAJASEKARAN R|01:750:206:09|4.58|4.61|4.29|4.58|4.40|4.35|4.14|3.40|4.42|4.26|4.39|4.35|3.96|3.91|2.58|3.18|3.80
RADHAKRISHNAN R|01:750:206:11|4.58|4.61|4.29|4.58|4.40|4.35|4.14|3.40|4.42|4.26|4.39|4.35|3.96|3.91|2.58|3.18|3.80
CHANDRA P|01:750:227:01|4.23|4.08|4.06|4.30|4.33|4.01|3.87|3.64|3.90|3.75|4.31
GILMAN R|01:750:227:01|3.93|3.72|3.53|3.91|3.88|3.18|3.20|3.33|3.00|3.16|4.61|3.77|3.65|3.57|3.80|3.55
CHANDRA P|01:750:227:02|4.23|4.08|4.06|4.30|4.33|4.01|3.87|3.64|3.90|3.75|4.31
CHANDRA P|01:750:227:07|4.23|4.08|4.06|4.30|4.33|4.01|3.87|3.64|3.90|3.75|4.31
CIZEWSKI J|01:750:227:11|4.23|4.08|4.06|4.30|4.33|4.01|3.87|3.64|3.90|3.75|4.31
GILMAN R|01:750:227:11|3.93|3.72|3.53|3.91|3.88|3.18|3.20|3.33|3.00|3.16|4.61|3.77|3.65|3.57|3.80|3.55
CHANDRA P|01:750:227:18|4.23|4.08|4.06|4.30|4.33|4.01|3.87|3.64|3.90|3.75|4.31
MCGARVEY J|01:750:229:02|4.34|4.30|4.09|4.40|4.29|4.05|3.78|3.56|4.08|3.81|4.10|3.90|3.82|3.51|2.66|3.40|3.33
MCGARVEY J|01:750:229:05|4.34|4.30|4.09|4.40|4.29|4.05|3.78|3.56|4.08|3.81|4.10|3.90|3.82|3.51|2.66|3.40|3.33
KHAN F|01:750:229:07|4.34|4.30|4.09|4.40|4.29|4.05|3.78|3.56|4.08|3.81|4.10|3.90|3.82|3.51|2.66|3.40|3.33
RATHI A|01:750:229:09|4.34|4.30|4.09|4.40|4.29|4.05|3.78|3.56|4.08|3.81|4.10|3.90|3.82|3.51|2.66|3.40|3.33
GANAPATHI D|01:750:229:13|4.34|4.30|4.09|4.40|4.29|4.05|3.78|3.56|4.08|3.81|4.10|3.90|3.82|3.51|2.66|3.40|3.33
KHAN F|01:750:229:15|4.34|4.30|4.09|4.40|4.29|4.05|3.78|3.56|4.08|3.81|4.10|3.90|3.82|3.51|2.66|3.40|3.33
RATHI A|01:750:229:16|4.34|4.30|4.09|4.40|4.29|4.05|3.78|3.56|4.08|3.81|4.10|3.90|3.82|3.51|2.66|3.40|3.33
MCGARVEY J|01:750:229:20|4.34|4.30|4.09|4.40|4.29|4.05|3.78|3.56|4.08|3.81|4.10|3.90|3.82|3.51|2.66|3.40|3.33
LAVU N|01:750:229:21|4.34|4.30|4.09|4.40|4.29|4.05|3.78|3.56|4.08|3.81|4.10|3.90|3.82|3.51|2.66|3.40|3.33
KHAN F|01:750:229:23|4.34|4.30|4.09|4.40|4.29|4.05|3.78|3.56|4.08|3.81|4.10|3.90|3.82|3.51|2.66|3.40|3.33
GANAPATHI D|01:750:229:25|4.34|4.30|4.09|4.40|4.29|4.05|3.78|3.56|4.08|3.81|4.10|3.90|3.82|3.51|2.66|3.40|3.33
LAVU N|01:750:229:29|4.34|4.30|4.09|4.40|4.29|4.05|3.78|3.56|4.08|3.81|4.10|3.90|3.82|3.51|2.66|3.40|3.33
GERSHTEIN Y|NONE|3.91|3.80|3.73|3.93|3.76|3.22|3.17|3.71|3.14|3.33|4.27|3.61|3.84|3.02|3.97|3.95
KALELKAR M|NONE|4.94|4.83|4.87|4.92|4.90|4.87|4.83|4.50|4.87|4.82|4.85|3.80|4.59|4.30|4.41|3.84
BLUMBERG G|01:750:275:01|3.73|3.42|3.16|3.74|3.92|3.39|3.24|3.29|3.13|3.26|2.95|3.58|4.03|3.58|2.23|3.23|3.00
BLUMBERG G|01:750:275:05|3.73|3.42|3.16|3.74|3.92|3.39|3.24|3.29|3.13|3.26|2.95|3.58|4.03|3.58|2.23|3.23|3.00
ZIMMERMANN F|01:750:305:01|3.73|4.07|3.40|4.13|4.07|3.20|3.53|4.07|3.53|3.47|4.80|3.73|4.14|3.80|3.60
GUSTAFSSON T|01:750:313:01|4.43|4.43|4.43|4.86|4.14|3.86|4.14|4.29|4.14|3.86|4.71|3.29|3.86|3.86|3.29
MEKJIAN A|01:750:323:01|4.11|4.05|4.10|4.05|4.38|3.80|4.33|4.50|3.95|4.05|4.86|4.00|4.00|3.76|4.33
MEKJIAN A|01:750:323:02|4.11|4.05|4.10|4.05|4.38|3.80|4.33|4.50|3.95|4.05|4.86|4.00|4.00|3.76|4.33
HOGAN A|01:750:326:01|4.44|4.39|4.27|4.67|4.33|4.25|4.12|3.91|4.39|4.13|4.94|4.21|4.27|3.73|3.00|3.33|3.79
Wu Weida|01:750:326:03|4.69|4.45|4.07|4.59|4.77|4.14|3.90|3.73|4.14|3.93|3.97|3.34|3.88|3.50|3.37
WU W|01:750:326:04|4.44|4.39|4.27|4.67|4.33|4.25|4.12|3.91|4.39|4.13|4.94|4.21|4.27|3.73|3.00|3.33|3.79
GAWISER E|01:750:341:01|4.74|4.79|4.77|4.82|4.50|4.56|4.62|4.51|4.79|4.69|4.97|4.00|4.74|4.82|3.95
PRYOR C|01:750:344:01|4.33|4.78|4.33|4.56|4.22|4.22|4.33|4.78|4.00|4.11|5.00|2.78|4.25|3.57|3.38
OH S|01:750:361:01|3.22|3.35|3.17|3.64|3.74|2.70|3.61|4.39|2.65|2.87|3.27|2.96|3.65|4.04|3.65
KIRYUKHIN V|01:750:381:01|4.70|4.27|4.13|4.00|4.13|4.03|4.13|4.27|4.13|4.00|4.76|4.53|4.37|4.64|3.66
SOMALWAR S|01:750:385:01|4.86|4.68|4.57|4.82|4.89|4.71|4.44|3.93|4.70|4.61|4.86|4.61|4.71|4.81|3.78
ANDREI E|01:750:387:01|4.57|4.00|4.33|4.78|4.00|4.44|4.20|4.20|4.00|4.10|4.90|4.60|2.80|3.70|3.40|4.00|3.50
LATH A|01:750:417:01|4.58|4.75|4.75|4.92|4.83|4.92|4.67|4.67|4.58|4.83|5.00|5.00|5.00|4.83|3.75
HUGHES J|01:750:442:01|4.22|4.56|3.56|4.25|3.67|3.33|3.63|4.22|3.78|3.22|4.89|2.44|3.56|2.22|3.50
MILLER J|01:750:451:01|4.00|4.38|4.38|4.88|4.88|4.25|4.50|4.13|4.00|4.38|5.00
Chant Robert|01:750:451:01|4.00|4.38|4.38|4.88|4.88|4.25|4.50|4.13|4.00|4.38|5.00
NEUBERGER H|01:750:464:01|5.00|3.50|2.50|4.00|4.50|2.50|2.50|3.00|3.00|3.50|5.00|3.00|4.50|5.00|4.00
