ARIAS|01:595:204:01|4.50|4.50|3.75|4.75|4.25|3.25|4.25|4.75|3.25|4.00
PONCE|01:595:205:01|4.00|3.14|3.57|3.71|2.86|3.14|3.29|4.14|2.86|2.86
FLORES, T|01:595:226:01|4.42|4.67|4.67|4.75|4.33|4.42|4.58|3.50|4.50|4.25
STEPHENS, T.|01:595:250:01|4.42|4.61|4.69|4.67|3.86|4.17|4.00|3.89|4.23|4.06|3.20|3.00|3.90
GONZALEZ|01:595:266:01|4.75|5.00|4.75|4.75|4.50|4.50|4.00|3.75|4.50|4.50
FUENTES, M.|01:595:300:01|4.79|4.79|4.89|4.79|4.58|4.74|4.79|4.21|4.63|4.58
FINE, J.|01:595:312:01|4.41|4.47|4.48|4.55|4.54|4.20|4.29|3.84|4.31|4.18|4.37|4.63|3.84
LOPEZ-MARRERO Tania|01:595:312:02|4.41|4.47|4.48|4.55|4.54|4.20|4.29|3.84|4.31|4.18
STEPHENS|01:595:312:03|4.41|4.47|4.48|4.55|4.54|4.20|4.29|3.84|4.31|4.18
NERLEKAR, A.|01:595:312:09|4.41|4.47|4.48|4.55|4.54|4.20|4.29|3.84|4.31|4.18
LAURIA SANTIAGO|01:595:369:01|4.67|4.44|4.22|4.67|4.56|4.38|4.56|3.67|4.22|4.11
