MCGUIRE TERRY|01:447:354:01|4.41|4.38|4.44|4.26|4.08|4.14|4.53|4.29|4.13|4.22|1.00
OHLMEYER JOHANNA|01:447:380:00|4.36|4.05|3.93|4.26|4.21|3.81|3.91|3.80|3.91|3.79
GLODOWSKI D|01:447:380:00|4.36|4.05|3.93|4.26|4.21|3.81|3.91|3.80|3.91|3.79|4.20|4.33|4.30|4.67|5.00|4.75|5.00|5.00|5.00
AVENATTI|01:447:380:03|4.36|4.05|3.93|4.26|4.21|3.81|3.91|3.80|3.91|3.79
BRENNEMAN MARK|01:447:380:10|4.36|4.05|3.93|4.26|4.21|3.81|3.91|3.80|3.91|3.79|4.20|4.33|4.30|4.67|5.00|4.75
DeNegre Ashley|01:447:382:02|4.69|4.65|4.44|4.78|4.57|4.37|4.13|3.91|4.50|4.22
DeNegre Ashley|01:447:382:03|4.69|4.65|4.44|4.78|4.57|4.37|4.13|3.91|4.50|4.22
GORDON DEREK|01:447:382:10|4.69|4.65|4.44|4.78|4.57|4.37|4.13|3.91|4.50|4.22|5.00
Heiman Gary|01:447:384:01|4.68|4.61|4.44|4.75|4.81|4.34|4.44|4.67|4.28|4.40
|01:447:384:01|4.68|4.61|4.44|4.75|4.81|4.34|4.44|4.67|4.28|4.40
Singson Andrew|01:447:384:01|4.68|4.61|4.44|4.75|4.81|4.34|4.44|4.67|4.28|4.40
|01:447:384:02|4.68|4.61|4.44|4.75|4.81|4.34|4.44|4.67|4.28|4.40
|01:447:384:03|4.68|4.61|4.44|4.75|4.81|4.34|4.44|4.67|4.28|4.40
OHLMEYER JOHANNA|01:447:390:00|4.21|4.06|3.85|4.19|3.88|3.77|3.97|3.52|3.86|3.68
SINHA NAVIN|01:447:451:01|4.46|4.42|3.91|4.58|3.96|3.54|3.73|3.79|3.96|3.74|5.00
MATISE TARA|01:447:481:01|4.38|4.50|4.23|4.77|4.50|3.88|4.19|4.58|4.12|4.20
HEY JODY|01:447:486:01|4.73|4.00|3.88|3.77|3.96|3.69|3.85|3.65|3.73|3.73
Heiman Gary|01:447:488:01|5.00|5.00|5.00|5.00|5.00|5.00|5.00|5.00|5.00|4.50
AXELROD DAVID|01:447:495:00|4.80|4.45|4.35|4.60|3.95|4.40|4.65|3.95|4.50|4.55
