KAZAKOVA Natalia|01:860:101:01|3.50|2.90|3.80|3.40|3.80|3.10|4.00|4.80|3.00|3.50
MCRUSANOVA Svetlana|01:860:103:01|5.00|4.80|4.40|5.00|5.00|5.00|4.80|4.60|4.60|4.80
MEDVEDEVA Natalie|01:860:107:01|4.69|4.62|4.62|5.00|4.38|4.54|4.85|4.69|4.38|4.54
MEDVEDEVA Natalie|01:860:107:02|4.69|4.62|4.62|5.00|4.38|4.54|4.85|4.69|4.38|4.54
KAZAKOVA Natalia|01:860:201:01|4.67|4.33|4.89|5.00|4.89|4.78|5.00|5.00|4.78|4.67
GULAK Alina|01:860:202:01|5.00|5.00|5.00|5.00|5.00|5.00|5.00|5.00|5.00|5.00
MCCOYRUSANOVA Svetlana|01:860:203:01|3.60|3.50|3.60|3.80|4.10|3.33|3.50|4.00|3.60|3.33
MCCOYRUSANOVA Svetlana|01:860:207:01|4.42|4.67|4.83|4.50|4.58|4.33|4.25|4.75|4.50|4.33
MCCOYRUSANOVA Svetlana|01:860:302:01|4.75|5.00|4.75|5.00|5.00|5.00|4.75|5.00|5.00|5.00
VANBUSKIRK Emily|01:860:315:01|4.63|4.50|4.71|4.75|4.25|4.13|4.25|4.50|4.38|4.25
BOJANOWSKA Edyta|01:860:329:01|5.00|5.00|5.00|5.00|5.00|5.00|5.00|4.90|5.00|5.00
BOGOMOLNY Svetlana|01:860:401:01|5.00|5.00|5.00|5.00|5.00|5.00|4.75|5.00|5.00|5.00
