JACKSON M|01:351:212:01|4.57|4.58|4.62|4.68|4.56|4.55|4.32|4.32|4.53|4.54|4.68|3.48|4.28|4.01|4.27|4.44
Suskewicz J|01:351:212:02|4.57|4.58|4.62|4.68|4.56|4.55|4.32|4.32|4.53|4.54|4.68|3.48|4.28|4.01|4.27|4.44
BLANEY|01:351:212:03|4.57|4.58|4.62|4.68|4.56|4.55|4.32|4.32|4.53|4.54|4.68|3.48|4.28|4.01|4.27|4.44
JAFFE S|01:351:212:04|4.57|4.58|4.62|4.68|4.56|4.55|4.32|4.32|4.53|4.54|4.68|3.48|4.28|4.01|4.27|4.44
Suskewicz J|01:351:212:06|4.57|4.58|4.62|4.68|4.56|4.55|4.32|4.32|4.53|4.54|4.68|3.48|4.28|4.01|4.27|4.44
SVICH C|01:351:212:07|4.57|4.58|4.62|4.68|4.56|4.55|4.32|4.32|4.53|4.54|4.68|3.48|4.28|4.01|4.27|4.44
JAFFE S|01:351:212:08|4.57|4.58|4.62|4.68|4.56|4.55|4.32|4.32|4.53|4.54|4.68|3.48|4.28|4.01|4.27|4.44
RAMEY|01:351:212:09|4.57|4.58|4.62|4.68|4.56|4.55|4.32|4.32|4.53|4.54|4.68|3.48|4.28|4.01|4.27|4.44
HOBAYAN|01:351:212:10|4.57|4.58|4.62|4.68|4.56|4.55|4.32|4.32|4.53|4.54|4.68|3.48|4.28|4.01|4.27|4.44
WIRSTUIK|01:351:212:11|4.57|4.58|4.62|4.68|4.56|4.55|4.32|4.32|4.53|4.54|4.68|3.48|4.28|4.01|4.27|4.44
FITZGERALD A|01:351:212:12|4.57|4.58|4.62|4.68|4.56|4.55|4.32|4.32|4.53|4.54|4.68|3.48|4.28|4.01|4.27|4.44
BETTS|01:351:212:13|4.57|4.58|4.62|4.68|4.56|4.55|4.32|4.32|4.53|4.54|4.68|3.48|4.28|4.01|4.27|4.44
MURRAY|01:351:212:14|4.57|4.58|4.62|4.68|4.56|4.55|4.32|4.32|4.53|4.54|4.68|3.48|4.28|4.01|4.27|4.44
WIRSTUIK|01:351:212:15|4.57|4.58|4.62|4.68|4.56|4.55|4.32|4.32|4.53|4.54|4.68|3.48|4.28|4.01|4.27|4.44
HOBAYAN|01:351:212:16|4.57|4.58|4.62|4.68|4.56|4.55|4.32|4.32|4.53|4.54|4.68|3.48|4.28|4.01|4.27|4.44
NOVEMBER Yehoshua|01:351:212:18|4.57|4.58|4.62|4.68|4.56|4.55|4.32|4.32|4.53|4.54|4.68|3.48|4.28|4.01|4.27|4.44
FUHRMAN|01:351:212:19|4.57|4.58|4.62|4.68|4.56|4.55|4.32|4.32|4.53|4.54|4.68|3.48|4.28|4.01|4.27|4.44
SCHWARTZ J|01:351:212:23|4.57|4.58|4.62|4.68|4.56|4.55|4.32|4.32|4.53|4.54|4.68|3.48|4.28|4.01|4.27|4.44
NOVEMBER Yehoshua|01:351:212:24|4.57|4.58|4.62|4.68|4.56|4.55|4.32|4.32|4.53|4.54|4.68|3.48|4.28|4.01|4.27|4.44
MURRAY R|01:351:212:25|4.57|4.58|4.62|4.68|4.56|4.55|4.32|4.32|4.53|4.54|4.68|3.48|4.28|4.01|4.27|4.44
FRANCO|01:351:212:26|4.57|4.58|4.62|4.68|4.56|4.55|4.32|4.32|4.53|4.54|4.68|3.48|4.28|4.01|4.27|4.44
BUCKLEY M|01:351:240:01|4.80|4.66|4.63|4.74|4.49|4.49|4.53|3.94|4.49|4.38|4.37|3.70|4.25|4.09|3.91|4.46
KING A|01:351:265:01|4.76|4.83|4.72|4.97|4.90|4.79|4.59|4.14|4.79|4.69
BLANEY|01:351:305:01|4.21|4.40|4.39|4.49|4.44|4.36|4.22|4.40|4.30|4.23|4.45|3.98|4.30|4.04|4.21|4.28
ELLIS K|01:351:305:02|4.21|4.40|4.39|4.49|4.44|4.36|4.22|4.40|4.30|4.23|4.45|3.98|4.30|4.04|4.21|4.28
JURECIC ANN|01:351:305:03|4.21|4.40|4.39|4.49|4.44|4.36|4.22|4.40|4.30|4.23|4.45|3.98|4.30|4.04|4.21|4.28
MILLER R|01:351:305:04|4.21|4.40|4.39|4.49|4.44|4.36|4.22|4.40|4.30|4.23|4.45|3.98|4.30|4.04|4.21|4.28
JACKSON|01:351:306:01|4.45|4.54|4.63|4.66|4.61|4.52|4.36|4.59|4.43|4.38|4.55|3.89|4.32|4.40|4.44|4.57
SUGARMAN|01:351:306:02|4.45|4.54|4.63|4.66|4.61|4.52|4.36|4.59|4.43|4.38|4.55|3.89|4.32|4.40|4.44|4.57
FUHRMAN|01:351:306:03|4.45|4.54|4.63|4.66|4.61|4.52|4.36|4.59|4.43|4.38|4.55|3.89|4.32|4.40|4.44|4.57
MILLER S|01:351:306:04|4.45|4.54|4.63|4.66|4.61|4.52|4.36|4.59|4.43|4.38|4.55|3.89|4.32|4.40|4.44|4.57
BETTS|01:351:306:05|4.45|4.54|4.63|4.66|4.61|4.52|4.36|4.59|4.43|4.38|4.55|3.89|4.32|4.40|4.44|4.57
SUGARMAN|01:351:306:06|4.45|4.54|4.63|4.66|4.61|4.52|4.36|4.59|4.43|4.38|4.55|3.89|4.32|4.40|4.44|4.57
LEONG|01:351:306:07|4.45|4.54|4.63|4.66|4.61|4.52|4.36|4.59|4.43|4.38|4.55|3.89|4.32|4.40|4.44|4.57
HELLER|01:351:307:01|4.63|4.71|4.74|4.64|4.86|4.59|4.56|4.78|4.51|4.59|4.64|3.54|4.36|4.28|4.41|4.56
SHERMAN R|01:351:307:03|4.63|4.71|4.74|4.64|4.86|4.59|4.56|4.78|4.51|4.59|4.64|3.54|4.36|4.28|4.41|4.56
SHERMAN R|01:351:307:04|4.63|4.71|4.74|4.64|4.86|4.59|4.56|4.78|4.51|4.59|4.64|3.54|4.36|4.28|4.41|4.56
OSBORN|01:351:307:05|4.63|4.71|4.74|4.64|4.86|4.59|4.56|4.78|4.51|4.59|4.64|3.54|4.36|4.28|4.41|4.56
SCHWARTZ J|01:351:307:06|4.63|4.71|4.74|4.64|4.86|4.59|4.56|4.78|4.51|4.59|4.64|3.54|4.36|4.28|4.41|4.56
SVICH|01:351:308:01|4.62|4.85|4.77|4.77|4.77|4.62|4.46|4.23|4.54|4.62|4.92|3.64|3.63|4.42|4.23|4.38
SEIDEL D|01:351:312:01|4.31|4.51|4.59|4.51|4.62|4.45|4.41|4.00|4.31|4.38|4.18|4.09|4.52|3.74|4.21|4.56
SEIDEL D|01:351:312:02|4.31|4.51|4.59|4.51|4.62|4.45|4.41|4.00|4.31|4.38|4.18|4.09|4.52|3.74|4.21|4.56
COLLINS|01:351:312:03|4.31|4.51|4.59|4.51|4.62|4.45|4.41|4.00|4.31|4.38|4.18|4.09|4.52|3.74|4.21|4.56
COLLINS|01:351:312:04|4.31|4.51|4.59|4.51|4.62|4.45|4.41|4.00|4.31|4.38|4.18|4.09|4.52|3.74|4.21|4.56
WALKER S|01:351:322:01|4.53|4.60|4.64|4.80|4.80|4.33|4.60|4.00|4.33|4.47
LEE R|01:351:348:01|4.54|4.21|4.33|4.29|4.13|4.29|4.21|4.00|4.25|4.25|4.50|3.42|3.45|4.09|4.13|4.42
STEPHENS M|01:351:366:01|4.50|4.79|4.79|4.71|4.71|4.71|4.64|4.00|4.79|4.64
MARTINEZSANM Y|01:351:366:02|5.00|5.00|5.00|5.00|4.68|4.89|4.89|4.32|4.89|4.95
BARNETT LOUISE|01:351:376:01|4.38|4.06|4.25|4.56|4.31|3.67|4.19|4.44|3.69|3.69|4.00|2.07|3.08|3.86|3.00|3.86|3.86
LEE R|01:351:377:01|4.65|4.30|4.48|4.70|4.26|4.26|4.22|4.04|4.39|4.26
|01:351:394:01|5.00|5.00|5.00|5.00|5.00|5.00|5.00|5.00|5.00|5.00|5.00|5.00|5.00|5.00|5.00|5.00
OSBORN|01:351:406:01|4.59|4.70|4.81|4.70|4.72|4.57|4.57|4.87|4.60|4.62|4.67|4.05|4.40|4.57|4.54|4.45
MILLER S|01:351:406:02|4.59|4.70|4.81|4.70|4.72|4.57|4.57|4.87|4.60|4.62|4.67|4.05|4.40|4.57|4.54|4.45
SHOCKLEY|01:351:406:03|4.59|4.70|4.81|4.70|4.72|4.57|4.57|4.87|4.60|4.62|4.67|4.05|4.40|4.57|4.54|4.45
HELLER|01:351:406:05|4.59|4.70|4.81|4.70|4.72|4.57|4.57|4.87|4.60|4.62|4.67|4.05|4.40|4.57|4.54|4.45
BARNETT L|01:351:453:01|4.58|4.17|4.00|4.33|4.58|4.50|4.25|3.92|4.50|4.25
|01:351:494:02|4.50|5.00|5.00|5.00|5.00|5.00|5.00|5.00|4.83|5.00|5.00|4.75|4.80|4.20|4.60|4.80
SEIDEL D|01:351:494:03|4.50|5.00|5.00|5.00|5.00|5.00|5.00|5.00|4.83|5.00|4.75|4.80|4.20|4.60|4.80
|01:351:499:01|4.90|5.00|5.00|5.00|5.00|5.00|4.92|5.00|4.86|4.77|5.00|4.91|5.00|4.85|4.67|4.88
