ISAAC ALLAN|01:050:101:01|4.60|4.39|4.36|4.36|4.10|4.11|4.01|3.10|4.30|4.05|5.00
BARNETT LOUISE|01:050:202:01|4.65|4.53|4.53|4.71|4.65|4.24|3.88|3.18|4.35|4.00
BARNETT LOUISE|01:050:227:01|4.91|4.83|4.50|4.75|4.83|4.42|4.50|3.83|4.45|4.33
GILLESPIE ANGUS|01:050:228:01|4.46|4.46|4.43|4.58|4.51|4.07|4.37|3.69|4.23|4.27
NIGRIN AL|01:050:265:01|4.74|4.81|4.88|4.88|4.85|4.58|4.73|3.88|4.62|4.74
DECKER, J.|01:050:300:01|4.74|4.58|4.53|4.68|4.58|4.26|4.42|3.79|4.32|4.37
PRISOCK LOUIS|01:050:300:02|4.47|4.71|4.78|4.78|4.61|4.50|4.22|3.35|4.39|4.47
ROCKLAND MICHAEL|01:050:300:03|4.47|4.71|4.78|4.78|4.61|4.50|4.22|3.35|4.39|4.47
BACKES M|01:050:300:80|4.74|4.58|4.53|4.68|4.58|4.26|4.42|3.79|4.32|4.37
URBAN, A|01:050:301:01|4.58|4.58|4.62|4.54|4.46|4.52|4.42|3.88|4.46|4.35
SIFUENTES, B.|01:050:301:02|4.58|4.58|4.62|4.54|4.46|4.52|4.42|3.88|4.46|4.35
WIGGINTON,C.|01:050:301:03|4.58|4.58|4.62|4.54|4.46|4.52|4.42|3.88|4.46|4.35
FLEETWOOD NICOLE|01:050:310:01|4.62|4.62|4.33|4.50|4.50|4.38|4.23|3.38|4.54|4.23|3.00
FLEETWOOD NICOLE|01:050:315:01|4.55|4.55|4.45|4.40|4.35|4.45|4.40|3.80|4.70|4.40
ROCKLAND MICHAEL|01:050:331:01|4.55|4.59|4.59|4.79|4.70|4.34|4.32|3.38|4.52|4.36|5.00
FERGUSON MATTHEW|01:050:333:01|4.22|4.19|4.44|4.24|4.04|3.98|4.06|3.72|4.29|4.14
FERGUSON MATTHEW|01:050:333:80|4.22|4.19|4.44|4.24|4.04|3.98|4.06|3.72|4.29|4.14
LEE, R.|01:050:377:01|4.69|4.31|4.62|4.54|4.15|4.31|4.38|3.85|4.31|4.00|4.67|4.00|4.33|4.17|4.67|4.50
DECKER JEFFERSON|01:050:389:01|4.78|4.78|4.56|4.89|4.60|4.67|4.63|3.67|4.67|4.56
GILLESPIE ANGUS|01:050:455:01|4.70|4.30|4.60|4.80|4.00|4.20|4.60|3.10|4.22|4.11
