SCHJOTT J|01:146:295:01|4.61|4.42|4.50|4.61|4.34|4.19|4.40|4.22|4.37|4.36|5.00|5.00
FONG|01:146:328:01|3.74|4.03|4.26|4.65|4.48|3.74|3.94|3.87|3.74|3.84
FONG D|01:146:329:02|4.83|4.92|4.83|4.92|4.75|4.67|4.67|4.08|4.67|4.67
MERRILL G|01:146:356:00|3.77|3.87|3.52|4.02|3.67|3.13|3.42|3.75|3.23|3.28|4.33|3.00|5.00|5.00
MERRILL|01:146:356:01|3.77|3.87|3.52|4.02|3.67|3.13|3.42|3.75|3.23|3.28|4.33|3.00|5.00
MERRILL G|01:146:357:01|4.77|4.62|4.46|4.64|4.17|4.32|4.27|3.84|4.49|4.22
DOVITT|01:146:357:02|4.77|4.62|4.46|4.64|4.17|4.32|4.27|3.84|4.49|4.22
JOHNSON|01:146:357:04|4.77|4.62|4.46|4.64|4.17|4.32|4.27|3.84|4.49|4.22
SHAH|01:146:357:10|4.77|4.62|4.46|4.64|4.17|4.32|4.27|3.84|4.49|4.22
ZHANG|01:146:357:13|4.77|4.62|4.46|4.64|4.17|4.32|4.27|3.84|4.49|4.22|5.00|5.00|5.00
DAVVITT|01:146:357:15|4.77|4.62|4.46|4.64|4.17|4.32|4.27|3.84|4.49|4.22
JOHSON|01:146:357:16|4.77|4.62|4.46|4.64|4.17|4.32|4.27|3.84|4.49|4.22
FIRESTEIN B|01:146:405:01|4.89|4.93|4.78|4.89|4.86|4.81|4.70|4.76|4.93|4.89|5.00
PLUMMER M|01:146:446:01|5.00|5.00|5.00|5.00|5.00|5.00|5.00|5.00|5.00|5.00|5.00|1.00
FONG D|01:146:471:01|4.90|4.91|4.82|5.00|4.76|4.68|4.57|4.23|4.67|4.62
FAIX D|01:146:471:01|4.90|4.91|4.82|5.00|4.76|4.68|4.57|4.23|4.67|4.62
HYNDMAN A|01:146:472:01|4.23|4.23|4.14|4.35|4.15|4.09|4.15|4.20|4.06|4.06
Singaravelu G|01:146:472:01|4.23|4.23|4.14|4.35|4.15|4.09|4.15|4.20|4.06|4.06
Konsolaki M|01:146:472:01|4.23|4.23|4.14|4.35|4.15|4.09|4.15|4.20|4.06|4.06
Kramer S|01:146:472:01|4.23|4.23|4.14|4.35|4.15|4.09|4.15|4.20|4.06|4.06
WERLEN GUY|01:146:474:01|4.54|4.47|4.22|4.55|4.33|4.08|4.37|4.23|4.22|4.22|4.75
XIE PING|01:146:474:01|4.54|4.47|4.22|4.55|4.33|4.08|4.37|4.23|4.22|4.22|4.75|4.00|4.00|4.00|4.00|4.00|4.00|4.00|4.00
CONVEY LORI|01:146:474:01|4.54|4.47|4.22|4.55|4.33|4.08|4.37|4.23|4.22|4.22|4.75
LIU A|01:146:478:01|4.90|4.91|4.83|4.96|4.65|4.87|4.81|4.33|4.91|4.80|5.00
