FERGUSON MATTHEW|01:050:101:01|4.07|4.29|4.10|4.30|4.03|3.73|3.73|3.20|3.91|3.80|5.00|5.00
MARTINEZSANM Y|01:050:240:01|5.00|5.00|5.00|5.00|4.68|4.89|4.89|4.32|4.89|4.95
FLEETWOOD NICOLE|01:050:247:01|4.52|4.26|4.48|4.19|4.21|4.10|4.20|4.11|4.31|4.27|5.00
SERRA Ana|01:050:250:01|5.00|5.00|5.00|5.00|4.82|4.73|5.00|4.82|5.00|4.91
COLLINS CORNELIUS|01:050:282:01|4.73|4.66|4.34|4.59|4.45|4.26|4.14|3.93|4.42|4.26|5.00
CHADWICK BRUCE|01:050:300:00|5.00|4.96|4.86|4.95|4.48|4.59|4.61|4.59|4.74|4.67
DECKER JEFFERSON|01:050:300:02|5.00|4.96|4.86|4.95|4.48|4.59|4.61|4.59|4.74|4.67
SUROWITZ Hilit|01:050:300:04|4.64|4.52|4.67|4.64|4.44|4.63|4.54|4.16|4.52|4.36
URBAN ANDREW|01:050:301:01|4.89|4.79|4.75|4.84|4.77|4.56|4.70|4.04|4.75|4.68
SHEEHAN|01:050:301:02|4.87|4.40|4.64|4.43|4.31|4.23|4.66|3.66|4.55|4.47
NIGRIN AL|01:050:301:03|4.89|4.79|4.75|4.84|4.77|4.56|4.70|4.04|4.75|4.68|5.00|5.00
Isaac Allan|01:050:301:04|4.87|4.40|4.64|4.43|4.31|4.23|4.66|3.66|4.55|4.47
FERGUSON MATTHEW|01:050:304:01|4.56|4.74|4.78|4.63|4.26|4.36|4.43|3.56|4.59|4.52
FLEETWOOD NICOLE|01:050:310:01|4.50|4.89|4.56|4.78|5.00|4.38|4.67|3.22|4.78|4.00
BARNETT LOUISE|01:050:376:01|4.85|4.79|4.62|4.93|4.85|4.43|4.54|3.62|4.62|4.43|4.00|4.00|4.00|3.00|3.00|5.00
LEE R|01:050:377:01|4.65|4.30|4.48|4.70|4.26|4.26|4.22|4.04|4.39|4.26
ISAAC ALANPUNZAL|01:050:389:01|4.92|4.92|4.85|4.92|4.38|4.80|4.80|3.69|4.85|4.83
POPPER Frank|01:050:444:01|4.70|4.90|4.90|4.90|4.80|4.90|4.90|3.80|4.80|4.80
BARNETT L|01:050:487:01|4.58|4.17|4.00|4.33|4.58|4.50|4.25|3.92|4.50|4.25
