ZHU LIHUI|01:165:101:01|4.70|4.47|4.67|4.68|4.59|4.62|4.78|4.43|4.74|4.63|5.00|5.00|5.00|5.00|5.00|5.00|5.00|5.00|5.00
ZHU LIHUI|01:165:101:02|4.70|4.47|4.67|4.68|4.59|4.62|4.78|4.43|4.74|4.63|5.00|5.00|5.00|5.00|5.00|5.00|5.00|5.00|5.00
ZHANG SHU|01:165:101:03|4.70|4.47|4.67|4.68|4.59|4.62|4.78|4.43|4.74|4.63
XU YINGCHUN|01:165:101:04|4.70|4.47|4.67|4.68|4.59|4.62|4.78|4.43|4.74|4.63
XILING WEI|01:165:107:01|4.67|4.83|4.83|5.00|5.00|4.83|4.67|4.58|4.75|4.83
YUI HSIEH|01:165:111:01|4.69|4.79|4.75|4.81|4.65|4.63|4.71|4.50|4.67|4.66|5.00
HSIEH YUI|01:165:111:02|4.69|4.79|4.75|4.81|4.65|4.63|4.71|4.50|4.67|4.66|5.00|5.00
SHEN GLORIA|01:165:121:01|3.96|3.68|3.76|4.30|4.04|3.40|4.17|4.25|3.71|3.75
SHEN GLORIA|01:165:125:01|3.45|3.90|3.75|4.10|4.11|3.40|3.65|3.20|3.35|3.45
LI ZHE|01:165:201:01|4.63|4.37|4.40|4.63|4.50|4.33|4.50|4.72|4.59|4.55
WU JIQING|01:165:201:02|4.63|4.37|4.40|4.63|4.50|4.33|4.50|4.72|4.59|4.55
SIMMONS RICHARD|01:165:210:01|4.59|4.64|4.21|4.56|4.68|4.04|4.11|3.36|4.36|4.14
SWARTZ WENDY|01:165:241:01|4.85|4.92|4.54|4.85|4.38|4.08|4.08|3.54|4.31|4.15|4.00
TSCHANZ DIETRICH|01:165:264:01|4.27|4.23|4.18|4.55|4.50|3.50|3.59|2.76|4.05|3.95
LI ZHE|01:165:301:01|4.70|4.55|4.42|4.74|4.66|4.26|4.45|4.64|4.44|4.40
NING JING|01:165:301:02|4.70|4.55|4.42|4.74|4.66|4.26|4.45|4.64|4.44|4.40
HSIEH YUI|01:165:310:01|4.65|4.50|4.56|4.56|4.65|4.56|4.69|4.00|4.53|4.35|5.00
SIMMONS RICHARD|01:165:321:01|4.53|4.37|4.00|4.28|3.82|3.80|4.20|3.86|4.33|4.00
WEI XILING|01:165:361:01|4.31|4.19|4.33|4.50|4.25|4.44|4.25|4.38|4.27|4.19
NING XIN|01:165:401:01|4.36|4.32|4.46|4.38|4.46|3.96|4.04|4.36|4.37|4.30|3.00|3.00
ZHANG YU|01:165:451:01|4.89|4.89|4.53|4.84|4.79|4.42|4.53|4.21|4.58|4.53
