DARVILLE CAROLYN|01:447:245:01|4.39|4.29|4.19|4.49|4.00|3.98|4.02|4.02|3.98|3.87|4.00
BRUSTOWICZ|01:447:302:01|4.55|4.60|4.36|4.74|4.65|4.41|4.55|3.82|4.41|4.25
HEY JODY|01:447:302:01|4.55|4.60|4.36|4.74|4.65|4.41|4.55|3.82|4.41|4.25
AXELROD DAVID|01:447:302:01|4.55|4.60|4.36|4.74|4.65|4.41|4.55|3.82|4.41|4.25
VERSHON ANDREW|01:447:315:00|4.61|4.36|3.99|4.33|4.11|4.03|4.27|4.10|4.14|4.36
NICKELS BRYCE|01:447:315:00|4.61|4.36|3.99|4.33|4.11|4.03|4.27|4.10|4.14|4.36
GRANT BARTH|01:447:315:00|4.61|4.36|3.99|4.33|4.11|4.03|4.27|4.10|4.14|4.36
GRANT BARTH|01:447:315:02|4.61|4.36|3.99|4.33|4.11|4.03|4.27|4.10|4.14|4.36
PARENT JANET|01:447:315:02|4.61|4.36|3.99|4.33|4.11|4.03|4.27|4.10|4.14|4.36
NICKELS BRYCE|01:447:315:03|4.61|4.36|3.99|4.33|4.11|4.03|4.27|4.10|4.14|4.36
PARENT JANET|01:447:315:03|4.61|4.36|3.99|4.33|4.11|4.03|4.27|4.10|4.14|4.36
MCGUIRE TERRY|01:447:356:01|4.39|3.71|4.33|3.86|3.50|3.62|4.16|4.20|3.84|3.98
SINHA NAVIN|01:447:380:00|4.57|4.42|4.14|4.59|4.42|4.12|4.12|3.65|4.25|4.00|4.50|4.67|4.67|4.50|4.67
TANG WENJING|01:447:380:08|4.57|4.42|4.14|4.59|4.42|4.12|4.12|3.65|4.25|4.00|4.50
TANG WEN ING|01:447:380:09|4.57|4.42|4.14|4.59|4.42|4.12|4.12|3.65|4.25|4.00|4.50
TANG WENJING|01:447:380:11|4.57|4.42|4.14|4.59|4.42|4.12|4.12|3.65|4.25|4.00
GLODOWSKI DENEGRE|01:447:382:01|4.68|4.67|4.51|4.75|4.65|4.43|4.13|3.74|4.57|4.20
THOMAS KIMBERLEY|01:447:382:06|4.68|4.67|4.51|4.75|4.65|4.43|4.13|3.74|4.57|4.20
THOMAS KIMBERLY|01:447:382:07|4.68|4.67|4.51|4.75|4.65|4.43|4.13|3.74|4.57|4.20
GORDON DEREK|01:447:385:00|4.76|4.71|4.56|4.86|4.86|4.53|4.49|4.59|4.65|4.56|5.00|5.00
KEATING ANNE|01:447:390:00|4.77|4.74|4.67|4.73|4.57|4.49|4.60|4.02|4.62|4.49|5.00
SHELDON MICHAEL|01:447:404:02|4.78|4.90|4.70|4.90|4.86|4.80|4.60|4.20|4.78|4.56
YU LEI|01:447:460:01|4.87|5.00|4.90|5.00|4.74|4.89|4.77|4.82|4.92|4.89|5.00|5.00|5.00|5.00|5.00|5.00|5.00|5.00
CHEN KEVIN|01:447:479:01|4.55|4.10|4.00|4.55|4.60|3.95|4.00|3.70|4.05|4.00
MATISE TARA|01:447:481:00|4.50|4.45|4.27|4.55|4.33|4.07|4.17|4.47|4.21|4.15
