Parent Janet|NONE|4.77|4.69|4.46|4.68|4.51|4.66|4.78|4.47|4.47|4.77
Vershon Andrew|NONE|4.77|4.69|4.46|4.68|4.51|4.66|4.78|4.47|4.47|4.77
DEIS F|01:694:301:01|3.70|4.26|4.18|4.42|4.40|3.76|3.91|3.31|3.94|3.79|4.28|4.13|3.56|4.48|5.00|4.33|5.00|5.00|5.00
DEIS F|01:694:301:02|3.70|4.26|4.18|4.42|4.40|3.76|3.91|3.31|3.94|3.79|4.28|4.13|3.56|4.48
GUNDERSON SAMUEL|01:694:383:01|4.62|4.57|4.33|4.52|4.53|4.19|4.38|3.86|4.43|4.41
Niederman R|01:694:407:01|3.81|3.71|3.24|3.71|3.75|3.16|3.52|3.59|3.27|3.39
Severinov|01:694:407:01|3.81|3.71|3.24|3.71|3.75|3.16|3.52|3.59|3.27|3.39
DEIS F|01:694:407:01|3.81|3.71|3.24|3.71|3.75|3.16|3.52|3.59|3.27|3.39
GABRIEL ABRAM|01:694:411:01|4.71|4.50|4.35|4.75|4.50|4.33|4.56|4.65|4.29|4.56
ANDERSON|01:694:411:01|4.71|4.50|4.35|4.75|4.50|4.33|4.56|4.65|4.29|4.56
MATSUMURA F|01:694:411:01|4.71|4.50|4.35|4.75|4.50|4.33|4.56|4.65|4.29|4.56
BHANOT G|01:694:420:01|4.53|4.76|4.56|5.00|4.88|4.29|4.18|3.76|4.41|4.25
Vershon Andrew|01:694:495:01|4.70|4.70|3.90|4.50|4.75|4.22|4.00|4.10|4.50|4.20
