VANDERBILT D|01:750:106:01|4.48|4.15|3.95|4.27|3.91|4.00|3.92|3.42|3.93|3.88|4.63|4.40|3.97|3.95|4.63|3.68
KEETON C|01:750:109:01|4.87|4.76|4.78|4.81|4.58|4.56|4.28|3.91|4.61|4.54|4.97|4.39|4.34|4.48|4.76|4.07
ACQUAVIVA V|01:750:110:01|4.33|4.04|4.08|4.02|4.26|3.67|3.76|3.60|3.72|3.83|3.66|3.92|3.76|3.91|4.22|3.54
PIATEK S|01:750:110:02|4.33|4.04|4.08|4.02|4.26|3.67|3.76|3.60|3.72|3.83|3.66|3.92|3.76|3.91|4.22|3.54
RICHARDS A|NONE|4.28|4.03|4.25|4.26|4.17|4.06|4.13|4.17|4.12|4.17|4.52|4.26
BRAHMIA S|NONE|4.85|4.76|4.76|4.77|4.67|4.69|4.71|4.38|4.72|4.74|4.93|3.97|4.10|3.95|4.73|3.91
RICHARDS A|NONE|4.28|4.03|4.25|4.26|4.17|4.06|4.13|4.17|4.12|4.17|4.52|4.26
MATILSKY T|01:750:120:01|4.50|4.71|4.29|4.57|4.14|3.71|4.14|4.43|3.86|3.86|4.86|1.00|4.00|4.71|3.00|4.00
GILMAN R|01:750:124:01|3.83|3.75|3.54|3.77|3.57|3.21|3.28|3.47|3.13|3.20|4.54|3.71|3.73|3.58|3.86|3.43
GERSHENSON M|01:750:124:01|4.01|3.91|3.61|4.01|4.10|3.64|3.58|3.50|3.67|3.56|3.85|3.56
LEATH P|01:750:124:06|4.01|3.91|3.61|4.01|4.10|3.64|3.58|3.50|3.67|3.56|3.85|3.56
LEATH P|01:750:124:10|4.01|3.91|3.61|4.01|4.10|3.64|3.58|3.50|3.67|3.56|3.85|3.56
LEATH P|01:750:124:11|4.01|3.91|3.61|4.01|4.10|3.64|3.58|3.50|3.67|3.56|3.85|3.56
KOJIMA H|01:750:124:13|4.01|3.91|3.61|4.01|4.10|3.64|3.58|3.50|3.67|3.56|3.85|3.56
KOJIMA H|01:750:124:14|4.01|3.91|3.61|4.01|4.10|3.64|3.58|3.50|3.67|3.56|3.85|3.56
KOJIMA H|01:750:124:16|4.01|3.91|3.61|4.01|4.10|3.64|3.58|3.50|3.67|3.56|3.85|3.56
LATH A|01:750:140:01|4.29|4.05|4.45|4.27|4.24|3.83|3.63|3.32|3.95|3.78|4.78|2.35|3.59|3.76|3.92|3.20
GENTILE M|01:750:194:01|4.47|4.61|4.28|4.70|4.41|3.96|3.80|3.06|4.09|3.70|4.91|2.69|3.33|3.91|3.42|3.37
GENTILE M|01:750:194:01|4.48|4.33|4.19|4.53|4.40|4.06|3.82|3.21|4.18|3.75|4.94|3.37
BUCHAN D|01:750:194:03|4.48|4.33|4.19|4.53|4.40|4.06|3.82|3.21|4.18|3.75|4.94|3.37
MOGILSKI B|01:750:194:04|4.48|4.33|4.19|4.53|4.40|4.06|3.82|3.21|4.18|3.75|4.94|3.37
COOPER J|01:750:194:05|4.48|4.33|4.19|4.53|4.40|4.06|3.82|3.21|4.18|3.75|4.94|3.37
BRIGGS H|01:750:194:06|4.48|4.33|4.19|4.53|4.40|4.06|3.82|3.21|4.18|3.75|4.94|3.37
SIERZEGA D|01:750:194:07|4.48|4.33|4.19|4.53|4.40|4.06|3.82|3.21|4.18|3.75|4.94|3.37
SPERO T|01:750:194:08|4.48|4.33|4.19|4.53|4.40|4.06|3.82|3.21|4.18|3.75|4.94|3.37
TRINH M|01:750:194:09|4.48|4.33|4.19|4.53|4.40|4.06|3.82|3.21|4.18|3.75|4.94|3.37
GENTILE M|01:750:194:20|4.34|4.19|4.02|4.36|4.11|3.91|3.69|3.15|4.06|3.72|4.78|3.63|3.62|3.53|2.91|3.74|3.49
CHEN H|01:750:194:22|4.34|4.19|4.02|4.36|4.11|3.91|3.69|3.15|4.06|3.72|4.78|3.63|3.62|3.53|2.91|3.74|3.49
COOPER J|01:750:194:23|4.34|4.19|4.02|4.36|4.11|3.91|3.69|3.15|4.06|3.72|4.78|3.63|3.62|3.53|2.91|3.74|3.49
MOGILSKI B|01:750:194:24|4.34|4.19|4.02|4.36|4.11|3.91|3.69|3.15|4.06|3.72|4.78|3.63|3.62|3.53|2.91|3.74|3.49
MAYES J|01:750:194:26|4.34|4.19|4.02|4.36|4.11|3.91|3.69|3.15|4.06|3.72|4.78|3.63|3.62|3.53|2.91|3.74|3.49
PELLEGRINO S|01:750:194:27|4.34|4.19|4.02|4.36|4.11|3.91|3.69|3.15|4.06|3.72|4.78|3.63|3.62|3.53|2.91|3.74|3.49
PATEL K|01:750:194:28|4.34|4.19|4.02|4.36|4.11|3.91|3.69|3.15|4.06|3.72|4.78|3.63|3.62|3.53|2.91|3.74|3.49
LEVI O|01:750:194:29|4.34|4.19|4.02|4.36|4.11|3.91|3.69|3.15|4.06|3.72|4.78|3.63|3.62|3.53|2.91|3.74|3.49
BRAHMIA A|NONE|4.97|4.86|4.93|4.88|4.81|4.86|4.75|3.79|4.91|4.80|4.80|3.66|4.61|4.69|4.87|4.24
GULIANI A|NONE|4.52|4.48|4.32|4.55|4.41|4.32|4.39|3.82|4.29|4.37|4.17|3.73
GULIANI A|NONE|4.52|4.48|4.32|4.55|4.41|4.32|4.39|3.82|4.29|4.37|4.17|3.73
LINDNER R|NONE|4.52|4.48|4.32|4.55|4.41|4.32|4.39|3.82|4.29|4.37|4.17|3.73
LINDNER R|NONE|4.52|4.48|4.32|4.55|4.41|4.32|4.39|3.82|4.29|4.37|4.17|3.73
RAMIRES A|NONE|4.50|4.26|4.22|4.62|4.37|4.29|4.10|3.75|4.10|4.09|4.19|4.04|3.85|4.04|2.69|3.04|3.33
RAMIRES A|NONE|4.50|4.26|4.22|4.62|4.37|4.29|4.10|3.75|4.10|4.09|4.19|4.04|3.85|4.04|2.69|3.04|3.33
ZUCKERMAN R|NONE|4.50|4.26|4.22|4.62|4.37|4.29|4.10|3.75|4.10|4.09|4.19|4.04|3.85|4.04|2.69|3.04|3.33
BASU K|01:750:203:01|3.37|3.07|3.05|3.26|3.63|3.09|3.15|3.14|3.02|3.20|3.70
CROFT M|01:750:203:01|4.04|4.26|4.31|4.40|4.34|3.97|3.86|3.42|3.84|3.81|4.76|4.06|4.10|4.37|4.35|3.73
ZHAMS O|01:750:203:12|3.37|3.07|3.05|3.26|3.63|3.09|3.15|3.14|3.02|3.20|3.70
OH S|01:750:204:01|4.50|4.33|4.11|4.54|4.47|4.12|4.13|3.80|4.17|4.23|4.56
BRAHMIA A|01:750:204:01|4.91|4.82|4.84|4.85|4.71|4.78|4.71|3.83|4.84|4.71|4.80|3.75|4.47|4.52|4.81|3.90
OH S|01:750:204:02|4.50|4.33|4.11|4.54|4.47|4.12|4.13|3.80|4.17|4.23|4.56
HALKIADAKIS EVA|01:750:204:03|4.50|4.33|4.11|4.54|4.47|4.12|4.13|3.80|4.17|4.23|4.56
OH S|01:750:204:04|4.50|4.33|4.11|4.54|4.47|4.12|4.13|3.80|4.17|4.23|4.56
HALKIADAKIS EVA|01:750:204:05|4.50|4.33|4.11|4.54|4.47|4.12|4.13|3.80|4.17|4.23|4.56
OH S|01:750:204:06|4.50|4.33|4.11|4.54|4.47|4.12|4.13|3.80|4.17|4.23|4.56
HALKIADAKIS EVA|01:750:204:07|4.50|4.33|4.11|4.54|4.47|4.12|4.13|3.80|4.17|4.23|4.56
HALKIADAKIS EVA|01:750:204:08|4.50|4.33|4.11|4.54|4.47|4.12|4.13|3.80|4.17|4.23|4.56
AUDUNOORI S|01:750:205:03|4.70|4.76|4.56|4.74|4.73|4.56|4.40|3.71|4.55|4.42|4.39|4.34|4.24|3.89|2.64|3.29|3.90
AUDUNOORI S|01:750:205:04|4.70|4.76|4.56|4.74|4.73|4.56|4.40|3.71|4.55|4.42|4.39|4.34|4.24|3.89|2.64|3.29|3.90
MULTANI A|01:750:205:05|4.70|4.76|4.56|4.74|4.73|4.56|4.40|3.71|4.55|4.42|4.39|4.34|4.24|3.89|2.64|3.29|3.90
ZUCKERMAN R|01:750:205:06|4.70|4.76|4.56|4.74|4.73|4.56|4.40|3.71|4.55|4.42|4.39|4.34|4.24|3.89|2.64|3.29|3.90
AUDUNOORI S|01:750:205:08|4.70|4.76|4.56|4.74|4.73|4.56|4.40|3.71|4.55|4.42|4.39|4.34|4.24|3.89|2.64|3.29|3.90
GULIANI A|01:750:205:09|4.70|4.76|4.56|4.74|4.73|4.56|4.40|3.71|4.55|4.42|4.39|4.34|4.24|3.89|2.64|3.29|3.90
PAMARTHI V|01:750:205:10|4.70|4.76|4.56|4.74|4.73|4.56|4.40|3.71|4.55|4.42|4.39|4.34|4.24|3.89|2.64|3.29|3.90
PAMARTHI V|01:750:205:13|4.70|4.76|4.56|4.74|4.73|4.56|4.40|3.71|4.55|4.42|4.39|4.34|4.24|3.89|2.64|3.29|3.90
RAMEZANALI M|01:750:206:01|4.21|4.18|3.92|4.20|4.29|3.96|3.88|3.61|4.03|3.91|4.01|3.89|3.68|3.55|2.63|3.24|3.39
RAMEZANALI M|01:750:206:02|4.21|4.18|3.92|4.20|4.29|3.96|3.88|3.61|4.03|3.91|4.01|3.89|3.68|3.55|2.63|3.24|3.39
RAMEZANALI M|01:750:206:03|4.21|4.18|3.92|4.20|4.29|3.96|3.88|3.61|4.03|3.91|4.01|3.89|3.68|3.55|2.63|3.24|3.39
RAMEZANALI M|01:750:206:05|4.21|4.18|3.92|4.20|4.29|3.96|3.88|3.61|4.03|3.91|4.01|3.89|3.68|3.55|2.63|3.24|3.39
RADHAKRISHNAN R|01:750:206:06|4.21|4.18|3.92|4.20|4.29|3.96|3.88|3.61|4.03|3.91|4.01|3.89|3.68|3.55|2.63|3.24|3.39
JAIN S|01:750:206:08|4.21|4.18|3.92|4.20|4.29|3.96|3.88|3.61|4.03|3.91|4.01|3.89|3.68|3.55|2.63|3.24|3.39
MULTANI A|01:750:206:09|4.21|4.18|3.92|4.20|4.29|3.96|3.88|3.61|4.03|3.91|4.01|3.89|3.68|3.55|2.63|3.24|3.39
DABHOLKAR J|01:750:206:10|4.21|4.18|3.92|4.20|4.29|3.96|3.88|3.61|4.03|3.91|4.01|3.89|3.68|3.55|2.63|3.24|3.39
JAIN S|01:750:206:12|4.21|4.18|3.92|4.20|4.29|3.96|3.88|3.61|4.03|3.91|4.01|3.89|3.68|3.55|2.63|3.24|3.39
MULTANI A|01:750:206:13|4.21|4.18|3.92|4.20|4.29|3.96|3.88|3.61|4.03|3.91|4.01|3.89|3.68|3.55|2.63|3.24|3.39
MULTANI A|01:750:206:14|4.21|4.18|3.92|4.20|4.29|3.96|3.88|3.61|4.03|3.91|4.01|3.89|3.68|3.55|2.63|3.24|3.39
RAJASEKARAN R|01:750:206:18|4.21|4.18|3.92|4.20|4.29|3.96|3.88|3.61|4.03|3.91|4.01|3.89|3.68|3.55|2.63|3.24|3.39
RAJASEKARAN R|01:750:206:19|4.21|4.18|3.92|4.20|4.29|3.96|3.88|3.61|4.03|3.91|4.01|3.89|3.68|3.55|2.63|3.24|3.39
RADHAKRISHNAN R|01:750:206:20|4.21|4.18|3.92|4.20|4.29|3.96|3.88|3.61|4.03|3.91|4.01|3.89|3.68|3.55|2.63|3.24|3.39
RADHAKRISHNAN R|01:750:206:23|4.21|4.18|3.92|4.20|4.29|3.96|3.88|3.61|4.03|3.91|4.01|3.89|3.68|3.55|2.63|3.24|3.39
RABE K|01:750:228:02|4.23|4.04|3.96|4.23|4.10|3.90|3.82|3.63|3.81|3.74|4.64|4.10|3.89|3.82|4.12|3.60
COLEMAN P|01:750:228:15|4.65|4.63|4.40|4.58|4.60|4.42|4.29|3.84|4.46|4.10|4.63
REYES S|01:750:230:01|4.26|4.33|4.04|4.40|4.22|4.06|3.67|3.64|4.14|3.79|4.35|3.69|3.85|3.24|2.72|3.28|3.28
REYES S|01:750:230:02|4.26|4.33|4.04|4.40|4.22|4.06|3.67|3.64|4.14|3.79|4.35|3.69|3.85|3.24|2.72|3.28|3.28
CONTRERAS C|01:750:230:14|4.26|4.33|4.04|4.40|4.22|4.06|3.67|3.64|4.14|3.79|4.35|3.69|3.85|3.24|2.72|3.28|3.28
KALELKAR M|NONE|4.92|4.84|4.83|4.86|4.82|4.71|4.68|4.19|4.75|4.68|4.77|3.89|4.54|4.48|4.78|3.84
ZIMMERMANN F|01:750:276:01|4.56|4.58|4.24|4.60|4.56|4.25|4.13|4.04|4.24|4.04|4.27|4.21|4.08|3.54|2.90|3.48|3.37
ZIMMERMANN F|01:750:276:02|4.56|4.58|4.24|4.60|4.56|4.25|4.13|4.04|4.24|4.04|4.27|4.21|4.08|3.54|2.90|3.48|3.37
CHEONG S|01:750:301:01|4.50|4.38|4.13|4.63|4.50|4.13|4.43|4.50|4.25|4.38|3.75|2.88|4.50|4.50|3.88
MEKJIAN A|01:750:323:01|4.33|4.30|3.67|4.10|4.36|4.11|4.27|4.18|4.22|4.27|4.82|3.82|3.50|3.43|4.55
MEKJIAN A|01:750:324:01|4.10|4.00|4.00|4.07|4.77|4.23|4.57|4.36|4.00|3.43|4.69|3.57|4.08|4.11|4.08
PODZOROV VITALY|01:750:327:01|4.71|4.54|4.50|4.71|4.65|4.54|4.39|4.00|4.50|4.36|4.64|3.41|3.68|3.58|3.61
PODZOROV VITALY|01:750:327:03|4.42|4.21|4.33|4.47|4.77|4.33|4.24|3.67|4.35|4.27|4.88|4.03|3.24|3.31|2.63|3.52|3.97
JHA SAURABH|01:750:342:01|4.91|4.88|4.71|4.97|4.71|4.56|4.52|4.67|4.68|4.68|5.00|3.38|4.74|4.88|4.00
BAKER ANDREW|01:750:343:01|4.75|4.75|4.38|4.63|4.13|4.00|4.13|4.13|4.38|4.50|5.00|5.00|4.00|2.00|4.00
WU W|01:750:351:01|4.32|3.86|3.31|4.36|4.17|3.28|3.90|3.75|3.31|3.28|2.97|3.48|3.86|4.55|4.21
KIRYUKHIN V|01:750:382:01|4.78|4.78|4.65|4.52|4.65|4.57|4.70|4.65|4.70|4.65|4.87|4.57|4.65|4.77|4.13
SOMALWAR S|01:750:386:01|5.00|4.88|4.88|4.96|4.79|4.76|4.88|4.76|4.80|4.84|4.96|4.84|4.88|4.96|3.96
ANDREI E|01:750:388:01|4.60|4.62|4.08|4.50|4.42|4.73|4.85|4.46|4.33|4.31|4.77|4.50|3.92|3.17|2.36|3.45|4.09
CHANDRA P|01:750:397:01|4.46|4.42|4.38|4.69|4.50|4.46|4.44|4.46|4.31|4.40|4.81|3.60|4.42|4.60|3.44
MOROZOV ALEXANDRE|01:750:406:01|4.63|4.38|4.00|4.75|4.50|4.38|4.50|4.38|4.25|4.25|4.43|4.13|4.38|4.50|3.71
GERSHTEIN Y|01:750:418:01|2.88|3.89|3.67|4.11|4.38|3.00|3.22|4.67|2.78|3.00|4.33|3.00|3.44|4.22|3.38
SELLWOOD J|01:750:443:01|4.11|3.67|3.33|3.67|3.78|3.33|3.33|3.67|3.56|3.33|4.56|3.22|3.56|4.11|3.44
