KUHN KEN|01:470:101:01|4.84|4.91|4.86|4.95|4.66|4.79|4.84|4.34|4.81|4.68|4.75|4.84|4.20|4.40
BOGHOSSIAN ANNELIESE|01:470:101:02|4.84|4.91|4.86|4.95|4.66|4.79|4.84|4.34|4.81|4.68|4.75|4.84|4.20|4.40
KUHN KEN|01:470:101:03|4.84|4.91|4.86|4.95|4.66|4.79|4.84|4.34|4.81|4.68|4.75|4.84|4.20|4.40
BOGHOSSIAN ANNELIESE|01:470:101:04|4.84|4.91|4.86|4.95|4.66|4.79|4.84|4.34|4.81|4.68|4.75|4.84|4.20|4.40
NAYAR PUSHPA|01:470:101:05|4.84|4.91|4.86|4.95|4.66|4.79|4.84|4.34|4.81|4.68|4.75|4.84|4.20|4.40
O'NEAL DEVIN|01:470:104:01|5.00|5.00|5.00|5.00|5.00|5.00|5.00|5.00|5.00|5.00|5.00|5.00|5.00|5.00
GLOWACKI DORIS|01:470:131:01|4.36|4.73|4.45|4.82|4.73|4.18|3.91|4.64|4.09|4.09|4.09|4.82|4.73|4.27
O'NEAL DEVIN|01:470:132:02|4.89|5.00|4.89|4.94|5.00|4.89|4.61|4.89|4.89|4.83|4.94|4.78|4.78|4.78
MUSTON EDWARD|01:470:232:01|4.14|4.00|3.71|4.43|4.50|3.64|3.86|4.07|3.79|3.57|4.21|4.43|4.64|3.85
CRAIG CHARLOTTE|01:470:314:01|4.50|4.50|4.50|4.50|4.50|4.00|4.00|5.00|4.00|4.00|5.00|5.00|5.00|4.50
FRANCO ALFREDO|01:470:382:01|4.75|4.88|4.75|5.00|4.88|4.75|4.75|4.50|4.75|4.75|5.00|4.75|4.88|4.57
CIKLAMINI MARLENE|01:470:387:01|5.00|5.00|5.00|5.00|5.00|5.00|5.00|5.00|5.00|5.00|5.00|5.00|5.00|5.00
BEHRMANN NICOLA|01:470:388:01|4.50|4.63|4.44|4.78|4.56|4.56|4.33|3.67|4.44|4.33|4.25|5.00|4.40|4.80
CIKLAMINI MARLENE|01:470:389:01|4.67|5.00|5.00|5.00|5.00|5.00|5.00|5.00|5.00|5.00|5.00|4.67|5.00|5.00
GEULEN EVA|01:470:390:01|4.83|4.83|4.83|4.83|4.67|4.83|4.83|4.00|4.83|4.83
HELFER MARTHA|01:470:391:01|5.00|5.00|5.00|5.00|5.00|5.00|4.80|4.80|5.00|4.80|5.00|5.00|5.00|5.00
