Kuhn Ken|01:470:101:01|4.45|4.48|4.60|4.60|4.54|4.40|4.53|4.44|4.38|4.30|4.44|4.08|4.03|4.08
Kuhn Ken|01:470:101:02|4.45|4.48|4.60|4.60|4.54|4.40|4.53|4.44|4.38|4.30|4.44|4.08|4.03|4.08
Nayar Pushpa|01:470:101:04|4.45|4.48|4.60|4.60|4.54|4.40|4.53|4.44|4.38|4.30|4.44|4.08|4.03|4.08
Boghossian Anneliese|01:470:102:01|4.88|5.00|4.88|5.00|5.00|4.88|5.00|4.88|4.75|4.88|5.00|5.00|4.13|4.63
Gromann Regina|01:470:103:01|4.57|4.71|4.43|4.86|4.86|4.43|4.43|4.60|3.71|3.71|4.00|4.83|4.71|3.83
Gromann Regina|01:470:104:01|5.00|5.00|5.00|5.00|5.00|5.00|5.00|5.00|5.00|5.00|5.00|5.00|5.00|5.00
Dine Ute|01:470:105:01|4.78|4.67|4.67|4.78|5.00|4.44|4.22|3.56|4.56|4.22|4.67|4.67|3.33|4.25
Boghossian Anneliese|01:470:121:01|4.50|4.50|4.63|4.75|5.00|4.50|4.25|3.63|4.63|4.00|4.38|4.75|3.38|3.50
Glowacki Doris|01:470:131:02|3.95|4.23|4.23|4.73|4.41|4.14|3.91|4.81|3.91|3.73|4.32|3.86|4.64|4.14
CIKLAMINI Marlene|01:470:232:01|2.75|4.25|3.75|4.25|4.00|4.00|3.50|3.75|3.25|3.50|3.00|2.00|4.25|3.75
PAPPALARDO Salvatore|01:470:301:01|5.00|5.00|5.00|5.00|5.00|5.00|4.50|4.75|5.00|5.00|4.75|5.00|4.75|5.00
Craig Charlotte M.|01:470:315:01|2.60|3.20|1.90|3.20|2.50|2.00|1.50|4.40|2.00|2.20|2.30|3.80|5.00|2.89
CIKLAMINI Marlene|01:470:326:01|3.70|4.80|4.30|4.60|4.80|4.10|3.90|4.70|4.10|4.10|4.10|4.50|5.00|4.40
PAPPALARDO Salvatore|01:470:349:01|4.93|4.93|5.00|5.00|5.00|5.00|5.00|4.43|5.00|5.00|4.25
PAPPALARDO Salvatore|01:470:367:01|4.86|4.86|4.71|4.86|4.57|4.57|4.43|4.14|4.71|4.57|4.67
FRICKER Christophe|01:470:387:01|4.83|4.50|4.67|4.67|4.58|4.00|4.58|4.50|4.50|4.50|4.67|4.42|4.92|4.42
HAHN Barbara|01:470:390:01|4.17|4.50|4.17|4.33|4.33|3.83|4.00|4.50|4.33|4.00|3.00|2.00|3.50|2.50
