SCHWARTZMAN|01:565:101:01|4.83|4.79|4.79|4.90|4.71|4.73|4.81|4.69|4.81|4.77
SCHWARTZMAN|01:565:101:02|4.83|4.79|4.79|4.90|4.71|4.73|4.81|4.69|4.81|4.77
OHASHI YUMI|01:565:101:03|4.83|4.79|4.79|4.90|4.71|4.73|4.81|4.69|4.81|4.77
MCCAGG YUKARI|01:565:101:04|4.83|4.79|4.79|4.90|4.71|4.73|4.81|4.69|4.81|4.77|4.75
OHASHI YUMI|01:565:101:05|4.83|4.79|4.79|4.90|4.71|4.73|4.81|4.69|4.81|4.77|4.75|5.00|5.00|5.00|5.00|5.00|5.00|5.00|5.00
HARASAKI|01:565:101:06|4.83|4.79|4.79|4.90|4.71|4.73|4.81|4.69|4.81|4.77
HARASAKI|01:565:101:07|4.83|4.79|4.79|4.90|4.71|4.73|4.81|4.69|4.81|4.77|4.75|5.00|5.00|5.00|5.00|5.00|5.00|5.00|5.00
HARASAKI|01:565:201:01|4.88|4.68|4.63|4.80|4.68|4.41|4.61|4.85|4.54|4.55
NARASAKI|01:565:201:02|4.88|4.68|4.63|4.80|4.68|4.41|4.61|4.85|4.54|4.55
NARASAKI M|01:565:201:03|4.88|4.68|4.63|4.80|4.68|4.41|4.61|4.85|4.54|4.55
BAXER|01:565:301:01|4.31|4.14|4.17|4.28|4.21|3.79|3.90|4.75|3.75|3.76|5.00|5.00|5.00|5.00|5.00|5.00|5.00|5.00|5.00
HAWALKA YASUKO|01:565:301:02|4.31|4.14|4.17|4.28|4.21|3.79|3.90|4.75|3.75|3.76
MAYNARD SENKO|01:565:313:01|4.80|4.87|4.60|4.87|4.87|4.40|4.33|4.60|4.73|4.47
SAITO S|01:565:350:01|4.92|4.85|4.88|5.00|4.73|4.73|4.81|4.35|4.96|4.81|5.00
SAITO S|01:565:361:01|4.86|4.91|4.91|5.00|4.95|4.82|4.59|4.41|4.86|4.82
WALKER JANET|01:565:395:01|4.75|4.70|4.40|4.80|4.60|4.30|4.45|4.40|4.30|4.25
MAYNARD SENKO|01:565:401:01|4.77|4.85|4.92|5.00|4.77|4.38|4.69|5.00|4.85|4.77
GOTO S|01:565:420:01|4.50|4.42|4.42|4.58|4.58|4.42|4.25|4.42|4.08|4.25
