MCDOWELL DOUGLAS|01:920:101:01|4.39|4.45|4.49|4.59|4.34|4.23|4.17|3.50|4.29|4.22|5.00
CLARKE LEE|01:920:101:03|4.39|4.45|4.49|4.59|4.34|4.23|4.17|3.50|4.29|4.22|5.00
CLARKE LEE|01:920:101:04|4.39|4.45|4.49|4.59|4.34|4.23|4.17|3.50|4.29|4.22
RODRIGUEZ ROBYN|01:920:101:06|4.39|4.45|4.49|4.59|4.34|4.23|4.17|3.50|4.29|4.22
KEMPNER JOANNA|01:920:103:01|4.27|4.10|4.00|4.27|4.23|3.82|3.73|3.38|4.07|3.94
LEE CATHERINE|01:920:108:01|4.64|4.60|4.54|4.63|4.41|4.31|4.22|3.64|4.42|4.34
NAIR MANJUSHA|01:920:108:03|4.64|4.60|4.54|4.63|4.41|4.31|4.22|3.64|4.42|4.34|4.75|4.67|4.00|4.50|4.50|5.00|5.00|5.00|5.00
RAND JOHN|01:920:205:01|4.79|4.63|4.31|4.73|4.62|4.00|3.73|3.27|4.53|4.30|5.00|5.00|5.00
HANSELL STEPHEN|01:920:210:01|4.85|4.67|4.79|4.82|4.62|4.41|4.55|3.90|4.58|4.52
Lorenzen J|01:920:216:01|4.72|4.55|4.35|4.52|4.69|4.07|4.17|3.68|4.28|4.13
BODNARDEREN SUSAN|01:920:218:01|4.70|4.76|4.72|4.78|4.84|4.63|4.56|4.06|4.76|4.69|5.00|5.00|5.00|5.00|5.00|5.00|5.00|5.00|5.00
COVINGTON JEANETTE|01:920:222:02|4.44|4.09|3.94|4.02|4.15|3.76|3.86|3.93|3.92|3.94|4.20
PHILLIPS JULIE|01:920:222:04|4.44|4.09|3.94|4.02|4.15|3.76|3.86|3.93|3.92|3.94|4.20|5.00|5.00|5.00|5.00|3.50|3.50|3.50|5.00
SMITH DRANDALL|01:920:248:01|4.63|4.38|3.96|4.21|3.96|3.74|3.84|4.13|4.13|3.76|3.50|4.00|4.00|4.00|4.00
WINEBERG H|01:920:272:02|3.74|3.97|4.02|3.98|4.11|3.66|3.71|3.85|3.69|3.79
Brooks Ethel|01:920:273:01|3.66|4.36|4.25|4.44|4.48|3.98|3.96|3.66|3.84|3.76|3.82
BROOKS E|NONE|4.35|4.57|4.59|4.60|4.63|4.46|4.36|3.97|4.44|4.16
STEIN ARLENE|01:920:283:01|4.36|4.09|4.00|4.20|4.30|3.60|3.67|3.38|3.89|3.74
MCLEAN PAUL|01:920:290:02|4.66|4.55|4.33|4.66|4.46|4.14|4.17|3.57|4.38|4.19
FRIEDMAN JUDITH|01:920:292:02|3.90|4.05|3.97|4.34|3.94|3.66|3.79|3.72|3.71|3.63|4.00|4.50|4.50|4.00|5.00|4.00
WINEBERG HOWARD|01:920:304:06|3.97|3.96|4.02|3.88|3.94|3.55|3.65|3.78|3.71|3.61|5.00
WILHEMS JEFF|01:920:306:01|4.32|4.12|3.94|4.24|3.89|3.68|3.82|3.38|3.93|3.78
MITCHELL ELIZABETH|01:920:306:04|4.32|4.12|3.94|4.24|3.89|3.68|3.82|3.38|3.93|3.78
CARELLI|01:920:307:02|4.03|4.31|4.25|4.39|4.45|3.79|3.94|3.95|3.99|3.94|3.00|3.50|3.00|3.50|3.00|4.00|4.00|4.00|4.00
MOUZON DAWNE|01:920:311:00|4.51|4.32|4.20|4.36|4.35|4.09|4.05|3.45|4.30|4.18
GONDAL NEHA|01:920:311:08|4.51|4.32|4.20|4.36|4.35|4.09|4.05|3.45|4.30|4.18
KRIVO LAUREN|01:920:312:01|4.72|4.65|4.30|4.61|4.02|4.33|4.19|2.76|4.54|4.38
BOROCZ JOZSEF|01:920:313:00|4.54|4.34|4.23|4.50|4.24|4.04|4.13|3.55|4.21|4.07|4.00
DAIPHA PHAEDRA|01:920:313:00|4.54|4.34|4.23|4.50|4.24|4.04|4.13|3.55|4.21|4.07|4.00
MITCHELL ELIZABETH|01:920:313:00|4.54|4.34|4.23|4.50|4.24|4.04|4.13|3.55|4.21|4.07
MITCHELL ELIZABETH|01:920:314:00|4.46|4.46|4.14|4.55|4.42|4.04|4.06|3.55|4.28|4.12
LAPOINTE ELEANOR|01:920:314:00|4.46|4.46|4.14|4.55|4.42|4.04|4.06|3.55|4.28|4.12|4.00|4.00|5.00|5.00|5.00|5.00|5.00|5.00|5.00
LAPOINTE|01:920:314:09|4.46|4.46|4.14|4.55|4.42|4.04|4.06|3.55|4.28|4.12
WILLIAMS|01:920:326:01|3.89|3.82|3.97|4.13|3.68|3.62|3.68|3.19|3.71|3.65|5.00
MCDOWELL DOUGLAS|01:920:349:01|4.47|4.47|4.20|4.47|4.38|4.19|4.31|3.87|4.67|4.40|4.00
SCHUSTER Sherril|01:920:354:01|3.91|3.75|4.33|3.67|3.42|3.50|4.33|4.17|3.00|3.42
RUDEL THOMAS|01:920:359:01|4.65|4.75|4.40|4.80|4.26|4.21|4.25|3.58|4.35|4.26
COVINGTON JEANETTE|01:920:361:01|4.27|2.57|2.40|2.79|3.10|2.26|2.94|4.05|2.61|2.84
SALIME|01:920:393:01|4.39|4.42|4.62|4.62|4.43|4.45|4.50|4.12|4.43|4.49
ROSENFIELD SARAH|01:920:393:02|4.39|4.42|4.62|4.62|4.43|4.45|4.50|4.12|4.43|4.49|5.00|5.00
BOROCZ JOZSEF|01:920:393:04|4.39|4.42|4.62|4.62|4.43|4.45|4.50|4.12|4.43|4.49
DAIPHA PHAEDRA|01:920:393:05|4.39|4.42|4.62|4.62|4.43|4.45|4.50|4.12|4.43|4.49
LEE CATHERINE|01:920:422:01|4.62|4.48|4.49|4.60|4.35|4.33|4.40|3.60|4.45|4.38
WILLIAMS RICHARD|01:920:422:03|4.62|4.48|4.49|4.60|4.35|4.33|4.40|3.60|4.45|4.38
SMITH DRANDALL|01:920:422:04|4.62|4.48|4.49|4.60|4.35|4.33|4.40|3.60|4.45|4.38
SPRINGER KRISTEN|01:920:422:06|4.62|4.48|4.49|4.60|4.35|4.33|4.40|3.60|4.45|4.38
KEMPNER JOANNA|01:920:422:07|4.62|4.48|4.49|4.60|4.35|4.33|4.40|3.60|4.45|4.38
Carr Deborah|01:920:498:01|5.00|5.00|5.00|5.00|5.00|5.00|5.00|4.67|5.00|5.00
