ZHU|01:165:102:01|4.87|4.76|4.81|4.89|4.85|4.76|4.93|4.62|4.74|4.80
ZHU|01:165:102:02|4.87|4.76|4.81|4.89|4.85|4.76|4.93|4.62|4.74|4.80|5.00
ZHENG|01:165:102:03|4.87|4.76|4.81|4.89|4.85|4.76|4.93|4.62|4.74|4.80
XU|01:165:102:04|4.87|4.76|4.81|4.89|4.85|4.76|4.93|4.62|4.74|4.80
SIMMONS|01:165:102:70|4.87|4.76|4.81|4.89|4.85|4.76|4.93|4.62|4.74|4.80
XILING|01:165:108:01|4.70|4.80|4.60|4.70|4.80|4.70|4.80|4.80|4.70|4.70
HSIEN|01:165:111:01|4.86|4.84|4.88|4.91|4.79|4.81|4.71|4.15|4.90|4.81
HSILE|01:165:111:02|4.86|4.84|4.88|4.91|4.79|4.81|4.71|4.15|4.90|4.81
CHIA|01:165:112:01|4.53|4.47|4.47|4.41|4.59|4.24|4.06|4.12|4.35|4.29
TSHANZ|01:165:202:01|4.11|4.08|4.08|4.16|4.30|3.68|4.05|4.66|3.92|4.05
JIAING|01:165:202:02|4.11|4.08|4.08|4.16|4.30|3.68|4.05|4.66|3.92|4.05
SHEN|01:165:220:01|3.62|3.93|3.82|4.27|4.10|3.55|3.65|3.66|3.65|3.69|2.00
ZHANG|01:165:222:01|4.75|4.33|4.00|4.67|4.54|4.00|4.17|4.46|4.17|4.21|5.00
TSCRANZ|01:165:242:01|4.31|4.46|3.92|4.67|4.62|4.00|4.08|3.92|4.38|4.08
SONG|01:165:262:01|4.65|4.58|4.58|4.72|4.74|4.50|4.47|4.19|4.72|4.71|5.00|5.00|5.00|5.00|5.00|5.00|5.00|5.00|5.00
LI|01:165:302:01|4.38|4.48|4.31|4.65|4.65|4.25|4.25|4.56|4.30|4.39
NING|01:165:302:02|4.38|4.48|4.31|4.65|4.65|4.25|4.25|4.56|4.30|4.39|5.00
SIMMONS|01:165:322:01|4.76|4.76|4.53|4.82|4.29|4.24|4.29|3.53|4.60|4.27
WEI|01:165:362:01|4.62|4.62|4.46|4.77|4.54|4.38|4.38|4.54|4.54|4.31|5.00
WZI|01:165:371:01|4.45|4.36|4.64|4.64|4.36|4.36|4.36|4.45|4.45|4.60
NING|01:165:402:01|4.68|4.63|4.42|4.74|4.47|4.28|4.11|4.32|4.33|4.39
TU|01:165:419:01|4.81|4.53|4.53|4.81|4.81|4.47|4.75|4.47|4.75|4.73|5.00|5.00|5.00|5.00|5.00|5.00|5.00|5.00|5.00
SIMMONS|01:165:425:01|4.29|4.22|4.06|4.44|4.53|4.12|4.24|3.59|4.35|4.29
NING|01:165:452:01|4.80|4.70|4.60|4.90|4.70|4.60|4.90|4.60|4.70|4.50|5.00|5.00|5.00|5.00|5.00|5.00|5.00|5.00|5.00
