CHO YOUNGMEE|01:574:101:01|4.63|4.59|4.67|4.75|4.54|4.48|4.62|4.66|4.58|4.49
MAITRA E|01:574:101:02|4.63|4.59|4.67|4.75|4.54|4.48|4.62|4.66|4.58|4.49
JUN JIYOUNG|01:574:101:70|4.63|4.59|4.67|4.75|4.54|4.48|4.62|4.66|4.58|4.49
JUN JIYOUNG|01:574:201:01|4.23|4.27|4.35|4.48|4.38|4.17|4.19|4.27|4.12|4.12
CHO YOUNGMEE|01:574:210:01|4.23|4.27|4.18|4.32|4.09|3.91|4.14|4.00|4.09|4.05|5.00
KIM MARY|01:574:220:01|3.57|3.64|3.79|3.64|3.33|3.14|3.54|3.20|3.54|3.23|3.00
KIM MARY|01:574:230:01|3.32|4.17|4.04|4.04|4.00|3.83|3.75|3.36|3.52|3.38
YOUN HYUNSOOK|01:574:301:01|3.64|4.09|3.55|3.91|3.64|3.27|3.27|4.18|3.55|3.67
KIM YOUNGNOON|01:574:303:01|3.96|3.96|3.74|4.13|3.57|3.70|3.78|3.55|3.75|3.73|5.00|5.00|5.00|5.00|5.00|5.00|5.00|5.00|5.00
KIM SOYOUN|01:574:401:01|4.75|4.75|4.38|4.88|4.25|4.38|4.38|4.75|4.38|4.38
KIM SOYOUN|01:574:410:01|4.53|4.44|4.38|4.44|4.27|4.13|4.20|4.19|4.50|4.38
