SZEJNER ROBERT|01:202:201:01|4.38|4.30|4.48|4.36|4.30|3.94|4.18|4.15|4.19|4.19|4.43
DONNELLY BRIAN|01:202:201:02|4.38|4.30|4.48|4.36|4.30|3.94|4.18|4.15|4.19|4.19|4.43|4.67|4.67
WELCH|01:202:201:03|4.38|4.30|4.48|4.36|4.30|3.94|4.18|4.15|4.19|4.19|4.43|4.67|4.67|5.00|5.00|5.00|4.50|4.50|4.50
ZGOBA|01:202:201:05|4.38|4.30|4.48|4.36|4.30|3.94|4.18|4.15|4.19|4.19|4.43|4.67|4.67|4.50|4.50|4.50
KOHL JAMES|01:202:202:01|4.32|4.27|4.31|4.15|4.03|3.83|4.14|4.18|4.00|4.12|5.00|5.00|5.00|5.00|5.00|5.00|5.00|5.00
WELCH WELCH|01:202:203:01|4.23|4.39|4.42|4.41|4.28|4.06|4.26|4.16|4.22|4.25
SHERIDAN MATTHEW|01:202:203:02|4.23|4.39|4.42|4.41|4.28|4.06|4.26|4.16|4.22|4.25|5.00|5.00|5.00|5.00|5.00|5.00
REISNER RONALD|01:202:205:01|4.64|4.60|4.49|4.58|4.62|4.27|4.40|4.07|4.36|4.33|5.00
LOSACCO FRANK|01:202:302:01|4.77|4.87|4.87|4.92|4.96|4.77|4.80|4.62|4.86|4.82|4.86|4.33|4.50|5.00|5.00
HINDS LENNOX|01:202:309:01|4.50|4.40|4.53|4.50|4.33|4.37|4.53|4.23|4.47|4.47|5.00
MCCANN ELLEN|01:202:310:01|4.73|4.92|4.78|4.93|4.85|4.59|4.56|4.47|4.74|4.71|5.00
HINDS LENNOX|01:202:311:01|4.86|4.69|4.83|4.63|4.71|4.77|4.86|4.36|4.77|4.71
HIRSCHFIELD PAUL|01:202:322:01|4.43|3.96|4.00|4.31|3.89|3.54|4.00|3.96|3.82|3.81|2.50|2.50|2.00|4.00|4.00|3.00|2.50|3.00|1.00
DESIRE M|01:202:351:01|4.20|4.80|5.00|4.90|4.82|4.22|4.60|4.90|4.60|4.40
WALEN ALEC|01:202:388:01|4.64|4.82|4.27|4.60|4.27|4.00|4.25|3.18|4.42|4.27
DESIRE MARK|01:202:405:01|4.97|4.88|5.00|4.97|4.84|4.88|4.97|4.71|4.94|4.90|5.00
LOSACCO|01:202:422:01|4.58|4.82|4.84|4.89|4.94|4.67|4.65|4.48|4.70|4.74|5.00|5.00|5.00
SZEJNER|01:202:496:02|4.74|4.63|4.79|4.57|4.54|4.63|4.66|4.20|4.67|4.65
CARR PATRICK|01:202:496:03|4.74|4.63|4.79|4.57|4.54|4.63|4.66|4.20|4.67|4.65|5.00|5.00|5.00|5.00|5.00|5.00|5.00|5.00|5.00
ZGOBA K|01:202:496:80|4.74|4.63|4.79|4.57|4.54|4.63|4.66|4.20|4.67|4.65|5.00|5.00|5.00|5.00|5.00|5.00|5.00
