NARASAKI MARIKO|01:565:102:01|4.83|4.58|4.66|4.70|4.63|4.52|4.71|4.74|4.60|4.61|5.00|5.00|5.00|5.00|5.00|5.00
OHNISHI KYOKO|01:565:102:02|4.83|4.58|4.66|4.70|4.63|4.52|4.71|4.74|4.60|4.61
NARASAKI MARIKO|01:565:102:03|4.83|4.58|4.66|4.70|4.63|4.52|4.71|4.74|4.60|4.61
HARASAKI JIRO|01:565:102:04|4.83|4.58|4.66|4.70|4.63|4.52|4.71|4.74|4.60|4.61
HARASAKI JIRO|01:565:102:06|4.83|4.58|4.66|4.70|4.63|4.52|4.71|4.74|4.60|4.61
HARASAKI JIRO|01:565:202:01|4.59|4.77|4.72|4.67|4.55|4.38|4.51|4.87|4.49|4.44
HAMALKA YASUKO|01:565:202:02|4.59|4.77|4.72|4.67|4.55|4.38|4.51|4.87|4.49|4.44
BAXER HARUUL|01:565:302:01|4.13|3.84|4.23|4.37|4.42|3.84|4.06|4.52|4.16|4.06
HANALKA YASUKO|01:565:302:02|4.13|3.84|4.23|4.37|4.42|3.84|4.06|4.52|4.16|4.06|5.00
MAYNARD SENKO|01:565:314:01|4.93|4.93|4.87|4.93|4.93|4.93|4.93|4.93|4.93|4.93
SCHALOW Paul|01:565:320:01|4.86|4.76|4.67|4.81|4.43|4.48|4.67|4.67|4.62|4.67
SAITO SATORU|01:565:362:01|4.87|4.91|4.83|4.87|4.87|4.74|4.65|4.65|4.82|4.85
SSAITO SATORU|01:565:380:01|4.86|4.86|4.79|4.89|4.50|4.46|4.50|4.50|4.75|4.54
WALKER J|01:565:475:01|4.83|4.83|4.83|5.00|5.00|4.83|4.67|4.17|4.83|4.50
