PAITAKES JOHN|01:202:201:01|4.66|4.65|4.57|4.73|4.68|4.34|4.46|4.34|4.49|4.50|5.00|5.00|5.00
SZEJNER ROBERT|01:202:201:02|4.66|4.65|4.57|4.73|4.68|4.34|4.46|4.34|4.49|4.50|4.67
LOSACCO FRANK|01:202:201:03|4.66|4.65|4.57|4.73|4.68|4.34|4.46|4.34|4.49|4.50|4.67
DESIRE MARK|01:202:201:04|4.66|4.65|4.57|4.73|4.68|4.34|4.46|4.34|4.49|4.50|4.67|5.00|5.00|5.00|5.00|5.00|5.00|5.00|5.00
KOHL JAMES|01:202:202:01|4.60|4.60|4.52|4.55|4.39|4.29|4.32|4.19|4.35|4.25|5.00
WELCH MICHAEL|01:202:203:01|4.46|4.37|4.61|4.43|4.47|4.25|4.34|4.19|4.39|4.38
MCCANN ELLEN|01:202:203:02|4.46|4.37|4.61|4.43|4.47|4.25|4.34|4.19|4.39|4.38|5.00|5.00
DARCAN EMIRHAN|01:202:204:01|3.16|3.11|3.22|3.37|4.29|3.00|2.89|3.30|2.93|2.96
REISNER RONALD|01:202:205:01|4.64|4.56|4.49|4.57|4.44|4.04|4.45|4.18|4.35|4.36|4.57|3.83|4.00|5.00|3.00|4.17|4.50|3.00|4.00
MCCANN ELLEN|01:202:307:01|4.72|4.69|4.59|4.85|4.87|4.55|4.42|3.44|4.70|4.70
HINDS LENNOX|01:202:309:01|4.94|4.74|4.91|4.91|4.68|4.76|4.91|4.56|4.89|4.78
HINDS LENNOX|01:202:312:01|4.96|4.91|5.00|4.96|4.96|5.00|4.92|4.39|5.00|4.92
SZEJNER ROBERT|01:202:322:01|4.88|4.88|4.72|4.92|4.86|4.70|4.60|4.48|4.80|4.73
MILLER|01:202:388:01|5.00|5.00|5.00|5.00|4.89|5.00|5.00|4.00|5.00|5.00
DESIRE MARK|01:202:405:01|4.80|4.76|4.85|4.84|4.71|4.77|4.78|4.35|4.75|4.78|4.75|4.67|5.00|4.67|4.67|4.33|5.00|5.00|5.00
FIELDS ERICA|01:202:407:01|4.72|4.56|4.61|4.59|4.80|4.50|4.61|4.72|4.47|4.40
LOSACCO FRANK|01:202:422:01|4.62|4.73|4.82|4.80|4.76|4.65|4.65|4.29|4.78|4.73
ZGOBA|01:202:422:80|4.62|4.73|4.82|4.80|4.76|4.65|4.65|4.29|4.78|4.73
HIRSCHFIELD PAUL|01:202:496:01|4.70|4.68|4.58|4.50|4.42|4.53|4.54|4.27|4.71|4.63
WELCH MICHAEL|01:202:496:02|4.70|4.68|4.58|4.50|4.42|4.53|4.54|4.27|4.71|4.63
