Alami Myriam|01:420:101:02|4.60|4.58|4.55|4.66|4.68|4.51|4.55|4.38|4.47|4.42
Biwole Nathalie|01:420:101:20|4.60|4.58|4.55|4.66|4.68|4.51|4.55|4.38|4.47|4.42
Delne Claudy|01:420:101:30|4.60|4.58|4.55|4.66|4.68|4.51|4.55|4.38|4.47|4.42
Delne Claudy|01:420:102:30|2.67|3.00|2.89|3.11|3.00|2.22|2.44|3.89|2.44|2.56
Troiano Renee|01:420:105:01|4.47|4.33|4.27|4.53|4.64|4.33|4.33|3.79|4.20|4.27
Alami Myriam|01:420:121:02|4.24|4.17|4.20|4.37|4.59|4.05|4.17|4.44|4.10|4.10
Has-Kovacs Olia|01:420:121:30|4.24|4.17|4.20|4.37|4.59|4.05|4.17|4.44|4.10|4.10
Kone Christophe|01:420:131:01|4.37|4.48|4.37|4.67|4.58|4.17|4.22|4.28|4.19|4.13
Schlehlein Melinda|01:420:131:30|4.37|4.48|4.37|4.67|4.58|4.17|4.22|4.28|4.19|4.13
Belova Olga|01:420:132:01|4.55|4.55|4.32|4.50|3.95|4.14|4.50|4.50|4.27|4.36
Schlehlein Melinda|01:420:132:30|4.55|4.55|4.32|4.50|3.95|4.14|4.50|4.50|4.27|4.36
Belova Olga|01:420:133:01|4.64|4.45|4.45|4.73|4.91|4.45|3.73|4.18|4.73|4.36
Alami Myriam|01:420:137:20|5.00|5.00|5.00|5.00|4.83|5.00|5.00|5.00|5.00|4.83
Branton-Desris Jenifer|01:420:210:30|4.67|5.00|4.67|4.89|4.89|4.67|4.78|4.25|4.33|4.56
Sorrell Peter|01:420:213:01|4.69|4.62|4.42|4.58|4.40|4.31|4.38|4.29|4.40|4.18
Baillehache Jonathan|01:420:213:20|4.69|4.62|4.42|4.58|4.40|4.31|4.38|4.29|4.40|4.18
Aubert Anne-Catherine|01:420:213:30|4.69|4.62|4.42|4.58|4.40|4.31|4.38|4.29|4.40|4.18
Karmarkar Medha|01:420:214:01|4.19|4.38|4.05|4.48|4.10|3.57|3.90|4.05|3.95|3.71
Martin Eva|01:420:215:01|3.97|4.39|4.45|4.81|4.73|4.36|4.52|3.97|4.19|4.15
Martin Eva|01:420:215:02|3.97|4.39|4.45|4.81|4.73|4.36|4.52|3.97|4.19|4.15
Flieger Jerry Aline|01:420:215:03|3.97|4.39|4.45|4.81|4.73|4.36|4.52|3.97|4.19|4.15
Karmarkar Medha|01:420:216:01|4.43|4.57|3.86|4.71|4.57|4.14|4.05|3.38|4.14|3.86
Shaw Mary|01:420:216:02|4.43|4.57|3.86|4.71|4.57|4.14|4.05|3.38|4.14|3.86
ALLAMAND Carole|NONE|5.00|4.67|4.33|4.78|4.56|4.44|4.33|3.11|4.33|4.33
Baillehache Jonathan|01:420:297:01|4.71|4.86|4.71|4.86|4.83|4.71|4.57|4.29|4.71|4.57
WILLIAMS Alan|01:420:306:01|4.47|4.65|4.71|4.59|4.25|4.35|4.41|4.29|4.41|4.41
SERRANO Richard|01:420:310:01|4.80|4.60|4.50|4.70|4.40|4.40|4.40|4.10|4.60|4.60
DEPREZ Viviane|01:420:333:01|4.13|4.53|4.33|4.40|4.33|3.93|4.27|3.87|4.13|4.20
PIROUX Lorraine|01:420:337:01|4.46|4.62|4.62|4.62|4.33|4.38|4.46|3.69|4.23|4.31
CORNILLIAT Francois|01:420:416:01|5.00|5.00|4.58|4.83|4.92|4.67|4.67|4.42|4.75|4.58
AUBERT Anne-Catherine|01:420:442:01|4.75|4.50|4.00|4.67|4.18|4.17|4.00|4.08|4.42|4.08
LARRIER Renee|01:420:480:20|3.33|3.17|3.67|4.50|3.50|2.83|2.67|3.50|2.50|2.50
WILLIAMS Alan|01:420:481:01|4.79|4.71|4.64|4.71|4.62|4.21|4.79|4.15|4.43|4.57
BAYARD Pierre|NONE|5.00|5.00|5.00|5.00|5.00|5.00|5.00|5.00|5.00|5.00
