MURPHY|01:790:101:00|4.68|4.61|4.50|4.63|4.44|4.39|4.39|3.78|4.52|4.38|4.87|4.75|4.71|4.75|4.75|4.71|4.71|4.67|4.67
BUZBY|01:790:101:16|4.68|4.61|4.50|4.63|4.44|4.39|4.39|3.78|4.52|4.38|4.71|4.75|4.75|4.71|4.71
KURANGA DAVID|01:790:102:00|4.28|4.21|4.24|4.33|4.23|4.09|4.11|3.84|4.30|4.17|3.86|5.00
SZITANYI STEPHANIE|01:790:102:12|4.28|4.21|4.24|4.33|4.23|4.09|4.11|3.84|4.30|4.17|3.86|3.00|3.00
KUBIK JAN|01:790:103:00|4.27|4.11|3.93|4.11|4.03|3.83|3.82|3.86|3.91|3.71|4.00|4.00|4.00|4.00|4.00|3.50|3.50|3.50|3.50
BAKER ROSS|01:790:104:00|4.63|4.61|4.47|4.65|4.28|4.23|4.18|3.68|4.42|4.29|5.00
ANDERSEN DAVID|01:790:104:14|4.63|4.61|4.47|4.65|4.28|4.23|4.18|3.68|4.42|4.29|5.00|5.00|5.00|5.00|5.00
MILLER LISA|01:790:106:00|4.49|4.40|4.17|4.37|4.24|4.04|4.08|3.92|4.19|4.09|5.00
KELEMEN ROGER|01:790:290:00|4.75|4.60|4.66|4.72|4.19|4.49|4.67|4.15|4.56|4.60|4.50|5.00|5.00
FIELD WILLIAM|01:790:302:01|4.73|4.84|4.69|4.85|4.41|4.59|4.56|4.08|4.77|4.62|5.00|5.00|5.00|5.00|5.00|5.00|5.00|5.00|5.00
GERTZOG IRWIN|01:790:304:01|4.77|4.66|4.13|4.60|4.60|3.96|4.33|4.04|4.36|4.40|5.00
GERTZOG IRWIN|01:790:306:01|4.73|4.71|4.29|4.54|4.12|3.97|4.49|4.23|4.46|4.36
REDLAWSK DAVID|01:790:307:01|4.89|5.00|4.44|4.89|4.67|4.56|4.67|3.56|4.89|4.43
FIELD WILLIAM|01:790:310:01|5.00|4.82|4.73|4.86|4.50|4.55|4.64|4.00|4.68|4.68
MILBURN Sarah|01:790:314:01|4.36|4.91|4.73|4.91|4.82|4.45|4.55|3.73|4.55|4.64
KURANGA DAVID|01:790:317:01|4.58|4.21|4.57|4.38|4.38|4.21|4.57|4.22|4.35|4.32|4.00
LICKLIDER ROY|01:790:319:01|4.58|4.52|4.29|4.10|3.29|3.93|4.53|4.17|4.26|4.16|4.30|3.40|2.00
SZITANYI STEPHANIE|01:790:322:01|4.76|4.70|4.50|4.81|4.76|4.38|4.43|4.38|4.54|4.47|4.75|5.00|5.00|5.00|5.00|5.00|5.00|5.00
MIKHAYLOVA MARINA|01:790:327:01|4.64|4.45|4.22|4.46|4.75|4.00|4.24|3.89|4.09|4.14
LEVINE BERT|01:790:330:01|4.46|4.80|4.75|4.92|4.84|4.45|4.44|4.00|4.71|4.54
NJOYA WAIRIMU|01:790:333:01|4.38|3.88|4.02|3.83|3.79|3.81|4.17|3.90|3.90|3.95|5.00|5.00
PRICE MELANYE|01:790:334:01|4.60|4.59|4.26|4.48|4.38|4.00|4.26|4.22|4.19|4.21
CARROLL Susan|01:790:335:01|4.57|4.64|4.86|4.79|4.71|4.21|4.43|4.36|4.43|4.57
WOLLENBERG YVONNE|01:790:340:01|4.46|4.68|4.61|4.71|4.63|4.46|4.42|4.42|4.69|4.62|5.00|5.00
LEVINE BERT|01:790:344:01|4.15|4.57|4.29|4.65|4.44|4.11|3.85|3.76|4.33|4.00|5.00|5.00|5.00|5.00|5.00|5.00|5.00|5.00|5.00
DECKER JEFFERSON|01:790:349:01|4.52|4.48|4.00|4.56|4.33|4.16|4.40|4.12|4.20|4.14|5.00|5.00|5.00
KAUFMAN ROBERT|01:790:357:01|4.54|4.35|4.23|4.44|4.58|4.09|4.00|3.65|4.19|4.14
FAHMY Dalia|01:790:367:01|4.65|4.61|4.48|4.52|4.70|4.43|4.43|4.48|4.43|4.57
MIKHAYLOVA MARINA|01:790:369:01|4.42|4.42|4.37|4.53|4.39|4.11|4.35|3.70|4.47|4.30
GOLDMAN L|01:790:370:01|4.56|4.78|4.67|4.78|4.78|4.56|4.67|3.67|4.56|4.56
MURPHY ANDREW|01:790:372:01|4.75|4.64|4.59|4.76|4.53|4.30|4.53|3.86|4.77|4.64|5.00|5.00|5.00|5.00|5.00|5.00
RUBENSTEIN HAROLD|01:790:373:01|4.32|4.66|4.54|4.44|4.20|4.02|4.20|4.15|4.36|4.24|5.00|5.00|5.00
MCFALL JONATHAN|01:790:374:01|4.77|4.81|4.57|4.81|4.72|4.52|4.64|4.06|4.76|4.70|5.00|5.00
BUZBY AMY|01:790:376:01|4.58|4.40|4.11|4.41|4.19|3.95|4.04|3.61|4.19|4.04|5.00
BRONNER STEPHEN|01:790:377:01|4.70|4.63|4.93|4.74|4.73|4.63|4.74|4.41|4.70|4.67|5.00|5.00|5.00|5.00|5.00|5.00|5.00|5.00|5.00
ROSSI MICHAEL|01:790:381:01|4.97|4.90|4.83|4.97|4.77|4.83|4.93|4.14|4.90|4.80|5.00|5.00|5.00|5.00|5.00|5.00|5.00|5.00|5.00
ABDELJABER Hamid|01:790:385:01|4.76|4.71|4.59|4.76|4.59|4.59|4.53|4.18|4.53|4.47
TILLERY ALVIN|01:790:395:02|4.76|4.86|4.68|4.78|4.59|4.51|4.64|4.05|4.73|4.66
BAKER ROSS|01:790:395:10|4.76|4.86|4.68|4.78|4.59|4.51|4.64|4.05|4.73|4.66
KAUFMAN ROBERT|01:790:395:11|4.76|4.86|4.68|4.78|4.59|4.51|4.64|4.05|4.73|4.66
DANIELS CYNTHIA|01:790:395:12|4.76|4.86|4.68|4.78|4.59|4.51|4.64|4.05|4.73|4.66
BRONNER STEPHEN|01:790:395:15|4.76|4.86|4.68|4.78|4.59|4.51|4.64|4.05|4.73|4.66
WOLLENBERG YVONNE|01:790:401:01|4.73|4.74|4.63|4.68|4.59|4.53|4.61|4.43|4.60|4.49|5.00|5.00|5.00|5.00
HEUMANN MILTON|01:790:406:01|4.08|4.61|4.84|4.55|4.29|4.43|4.58|4.29|4.37|4.39|5.00
SMITH THOMAS|01:790:410:01|4.94|4.94|4.89|4.94|5.00|5.00|5.00|4.94|5.00|5.00|5.00|5.00|5.00|5.00|5.00|5.00|5.00|5.00|5.00
ADAMS JOHN|01:790:411:71|4.75|4.83|4.83|4.92|4.88|4.91|4.83|4.75|4.75|4.73
ALGER JONATHAN|01:790:412:73|5.00|5.00|4.83|5.00|5.00|5.00|5.00|4.36|5.00|4.91
NJOYA WAIRIMU|01:790:424:01|4.90|4.90|5.00|4.90|4.90|4.90|5.00|4.10|5.00|4.90
POMPER GERALD|01:790:428:01|4.55|4.55|4.25|4.45|4.29|4.33|4.40|4.75|4.30|4.33
WEINGART JOHN|01:790:429:01|4.79|4.69|4.07|4.56|4.69|4.20|4.20|4.69|4.27|4.27
ABDELJABER Hamid|01:790:452:01|4.58|4.67|4.58|4.75|4.75|4.54|4.42|4.42|4.50|4.42
PELEG Samuel|01:790:452:02|4.58|4.67|4.58|4.75|4.75|4.54|4.42|4.42|4.50|4.42
PELEG Samuel|01:790:452:03|4.58|4.67|4.58|4.75|4.75|4.54|4.42|4.42|4.50|4.42
AFTAB ATIYA|01:790:457:01|3.67|3.33|3.11|3.11|3.44|3.00|3.00|3.33|3.11|3.11
FIELD WILLIAM|01:790:482:01|4.90|4.95|4.90|4.85|5.00|4.90|4.95|4.65|4.94|4.95|5.00|5.00|5.00|5.00|5.00|5.00|5.00|5.00|5.00
