STONE MATTHEW|01:198:105:01|4.66|4.10|4.17|4.62|4.55|3.93|4.10|3.69|4.03|3.90
Imielinski Tomasz|01:198:107:01|3.12|3.74|3.23|3.91|3.59|2.95|2.86|2.56|3.14|2.77
Imielinski Tomasz|01:198:107:02|3.12|3.74|3.23|3.91|3.59|2.95|2.86|2.56|3.14|2.77
CHIRCO JT|01:198:110:00|4.34|4.22|3.96|4.38|4.34|3.87|3.83|2.76|4.06|3.72|3.40
LITTMAN MICHAEL|01:198:110:00|4.34|4.22|3.96|4.38|4.34|3.87|3.83|2.76|4.06|3.72
JAGADEESWARAN RAMACHANDR|01:198:110:01|4.34|4.22|3.96|4.38|4.34|3.87|3.83|2.76|4.06|3.72|3.40
KASIBHATLA UDAYADURGA|01:198:110:03|4.34|4.22|3.96|4.38|4.34|3.87|3.83|2.76|4.06|3.72
JAGADEESWARAN RAMACHANDR|01:198:110:05|4.34|4.22|3.96|4.38|4.34|3.87|3.83|2.76|4.06|3.72
PALANIAPPAN ANNAMALAI|01:198:110:06|4.34|4.22|3.96|4.38|4.34|3.87|3.83|2.76|4.06|3.72
KASIBHATLA UDAYADURGA|01:198:110:09|4.34|4.22|3.96|4.38|4.34|3.87|3.83|2.76|4.06|3.72
PALANIAPPAN ANNAMALAI|01:198:110:10|4.34|4.22|3.96|4.38|4.34|3.87|3.83|2.76|4.06|3.72
JOISHER RAVINDRA|01:198:110:14|4.34|4.22|3.96|4.38|4.34|3.87|3.83|2.76|4.06|3.72
JOISHER RAVINDRA|01:198:110:15|4.34|4.22|3.96|4.38|4.34|3.87|3.83|2.76|4.06|3.72|3.40
CHAUDHARI APOORVA|01:198:110:16|4.34|4.22|3.96|4.38|4.34|3.87|3.83|2.76|4.06|3.72
DEVARAJ KARTAIK|01:198:110:17|4.34|4.22|3.96|4.38|4.34|3.87|3.83|2.76|4.06|3.72
DEVARAJ KARTHIK|01:198:110:18|4.34|4.22|3.96|4.38|4.34|3.87|3.83|2.76|4.06|3.72
POLASAM PRAVEEN|01:198:110:23|4.34|4.22|3.96|4.38|4.34|3.87|3.83|2.76|4.06|3.72
POLASAM PRAVEEN|01:198:110:24|4.34|4.22|3.96|4.38|4.34|3.87|3.83|2.76|4.06|3.72
KULKARNI AVANTI|01:198:110:25|4.34|4.22|3.96|4.38|4.34|3.87|3.83|2.76|4.06|3.72
YARQS JOHN|01:198:110:28|4.34|4.22|3.96|4.38|4.34|3.87|3.83|2.76|4.06|3.72
HARI PRADIP|01:198:111:00|4.87|4.80|4.46|4.67|3.90|4.38|4.51|4.09|4.65|4.27|5.00|5.00|5.00|5.00|5.00|5.00|5.00|5.00|5.00
HARI PRADIP|01:198:111:00|4.87|4.80|4.46|4.67|3.90|4.38|4.51|4.09|4.65|4.27|5.00|5.00
SINGH GAUTAM|01:198:111:04|4.87|4.80|4.46|4.67|3.90|4.38|4.51|4.09|4.65|4.27
VENUGOPAL SESHI|01:198:112:00|4.52|4.45|4.13|4.53|4.52|4.11|4.33|4.59|4.33|4.36
HARI PRADIP|01:198:112:00|4.52|4.45|4.13|4.53|4.52|4.11|4.33|4.59|4.33|4.36|4.63|4.57|4.86|4.86|4.50|5.00|5.00|5.00|5.00
APPENZELLER JAMES|01:198:170:00|4.53|4.44|4.17|4.49|4.52|4.21|4.40|3.61|4.34|4.30|4.73|4.50|4.45|4.86|4.44|4.39|4.44|4.38|4.06
APPENZELLER JAMES|01:198:170:00|4.53|4.44|4.17|4.49|4.52|4.21|4.40|3.61|4.34|4.30|4.73|4.50|4.45|4.86|4.44|4.39|4.44|4.38|4.06
KUNCHAKARRA SRIVATSAN|01:198:170:01|4.53|4.44|4.17|4.49|4.52|4.21|4.40|3.61|4.34|4.30
YOON SEJONG|01:198:170:06|4.53|4.44|4.17|4.49|4.52|4.21|4.40|3.61|4.34|4.30
YOON SEJONG|01:198:170:07|4.53|4.44|4.17|4.49|4.52|4.21|4.40|3.61|4.34|4.30
KUNCHAKARRA SRIVATSAV|01:198:170:08|4.53|4.44|4.17|4.49|4.52|4.21|4.40|3.61|4.34|4.30|4.73|4.50|4.45|4.86|4.44
FENGPENG YUAN|01:198:170:16|4.53|4.44|4.17|4.49|4.52|4.21|4.40|3.61|4.34|4.30|4.73
FENGPENG YUAN|01:198:170:17|4.53|4.44|4.17|4.49|4.52|4.21|4.40|3.61|4.34|4.30|4.73
CIRUPATI SHARATH|01:198:170:21|4.53|4.44|4.17|4.49|4.52|4.21|4.40|3.61|4.34|4.30
CIRUPATI SHARATH|01:198:170:22|4.53|4.44|4.17|4.49|4.52|4.21|4.40|3.61|4.34|4.30
PAMARTHI VINAYKUMAR|01:198:170:23|4.53|4.44|4.17|4.49|4.52|4.21|4.40|3.61|4.34|4.30|4.73|4.50|4.45|4.86|4.44|4.39|4.44|4.38|4.06
PAMARTHI VINAYKUMAR|01:198:170:24|4.53|4.44|4.17|4.49|4.52|4.21|4.40|3.61|4.34|4.30|4.73|4.50
ALLENDER ERIC|01:198:205:00|4.03|4.24|3.92|4.58|4.13|3.80|3.77|3.23|3.80|3.68
MINSKY NAFTALY|01:198:205:04|4.03|4.24|3.92|4.58|4.13|3.80|3.77|3.23|3.80|3.68|4.00|4.00
SZEGEDY M|01:198:206:00|3.69|4.06|3.94|4.21|3.93|3.77|3.60|3.38|3.61|3.52
MUTHUKRISHNAN SHAN|01:198:206:01|3.69|4.06|3.94|4.21|3.93|3.77|3.60|3.38|3.61|3.52
BHATTACHARJEE ABHISHEK|01:198:211:00|4.54|4.24|4.17|4.35|4.13|3.85|4.24|4.01|4.14|4.01|4.00
NGUYEN THU|01:198:214:00|4.47|4.65|4.51|4.67|4.43|4.36|4.65|4.22|4.46|4.35
LE LONG|01:198:214:01|4.47|4.65|4.51|4.67|4.43|4.36|4.65|4.22|4.46|4.35
STEINBERG LOUIS|01:198:314:00|4.57|4.39|3.95|4.48|4.30|4.14|4.40|3.77|4.19|4.10|3.00|3.00|3.00|3.00|3.00|3.00|3.00|3.00|3.00
RICHTER GERARD|01:198:323:01|4.94|4.93|4.63|4.94|4.80|4.69|4.69|3.44|4.87|4.67
ELGAMMAL AHMED|01:198:334:00|4.62|4.41|4.06|4.42|4.26|3.76|3.94|4.24|4.03|3.97
ELGAALY TAREK|01:198:334:02|4.62|4.41|4.06|4.42|4.26|3.76|3.94|4.24|4.03|3.97
FREDMAN MICHAEL|01:198:344:00|3.84|3.81|3.30|3.83|3.26|3.29|3.49|3.27|3.19|3.04|2.00|2.00|2.00|2.00|2.00|2.00|2.00|2.00|2.00
NATH BADRI|01:198:352:00|4.82|4.88|4.65|4.88|4.60|4.47|4.65|4.35|4.73|4.60
KULIKOWSKI CASIMIR|01:198:405:01|3.73|4.00|4.07|4.13|3.93|3.27|3.67|3.13|4.07|3.80
KREMER ULRICH|01:198:415:01|4.91|5.00|4.73|4.82|4.50|4.36|4.70|4.09|4.82|4.55
KRZYZANOWSKI PAUL|01:198:416:00|4.49|4.33|4.19|4.51|4.39|4.16|4.29|4.09|4.32|4.32|4.14|3.80|3.50|3.50|3.50|3.50|3.50|3.50|3.00
METAXAS DIMITRIS|01:198:442:01|4.30|4.80|4.80|4.80|5.00|4.70|4.70|4.10|4.89|4.78
VENUGOPAL SESH|01:198:443:00|4.47|4.50|4.28|4.38|4.29|4.13|4.25|4.53|4.41|4.23|5.00|5.00|5.00|5.00|5.00|5.00|5.00
FARRACHCOLTON MARTIN|01:198:452:01|4.75|5.00|4.50|5.00|4.25|4.50|4.75|3.50|4.75|4.50
