Diaz Carolina|01:940:101:10|4.65|4.55|4.61|4.58|4.42|4.39|4.33|3.94|4.52|4.42|4.52|4.87|4.53|4.37|4.40|4.33
PALMER, M|01:940:101:90|0.00|0.00|0.00|0.00|0.00|0.00|0.00
PALMER, M|01:940:101:91|0.00|0.00|0.00|0.00|0.00|0.00|0.00|0.00|0.00|0.00
Weschler Dulce|01:940:102:01|4.52|4.62|4.43|4.62|4.29|4.29|4.38|3.95|4.33|4.20|4.33|4.81|4.48|4.24|4.30|4.29
Clifford Jeremy|01:940:102:10|4.52|4.62|4.43|4.62|4.29|4.29|4.38|3.95|4.33|4.20|4.33|4.81|4.48|4.24|4.30|4.29
MILLAN, M|01:940:102:90|0.00|0.00|0.00|0.00|0.00|0.00|0.00|0.00|0.00|0.00
PALMER, M|01:940:102:91|0.00|0.00|0.00|0.00|0.00|0.00|0.00|0.00|0.00|0.00
PALMER, M|01:940:102:92|0.00|0.00|0.00|0.00|0.00|0.00|0.00|0.00|0.00|0.00
MILLAN, M|01:940:121:90|0.00|0.00|0.00|0.00|0.00|0.00|0.00|0.00|0.00|0.00
MILLAN, M|01:940:121:91|0.00|0.00|0.00|0.00|0.00|0.00|0.00|0.00|0.00|0.00
Chivukula Dayci|01:940:131:01|3.87|4.16|4.23|4.24|4.19|3.95|3.89|4.42|3.90|3.71|4.05|4.53|4.05|3.92|3.97|3.71
Chivukula Dayci|01:940:131:10|3.87|4.16|4.23|4.24|4.19|3.95|3.89|4.42|3.90|3.71|4.05|4.53|4.05|3.92|3.97|3.71
Dallmann Hank|01:940:131:11|3.87|4.16|4.23|4.24|4.19|3.95|3.89|4.42|3.90|3.71|4.05|4.53|4.05|3.92|3.97|3.71
Villalba C|01:940:132:01|4.66|4.61|4.40|4.71|4.47|4.49|4.40|3.93|4.40|4.34|4.20|4.86|4.42|4.47|4.42|4.04
Nava Rafael|01:940:132:10|4.66|4.61|4.40|4.71|4.47|4.49|4.40|3.93|4.40|4.34|4.20|4.86|4.42|4.47|4.42|4.04
Slinger Bill|01:940:132:11|4.66|4.61|4.40|4.71|4.47|4.49|4.40|3.93|4.40|4.34|4.20|4.86|4.42|4.47|4.42|4.04
Nunez O.|01:940:201:01|4.67|4.33|4.33|4.50|4.42|4.42|4.55|4.58|4.58|4.45|4.67|4.75|4.25|4.50|4.42|4.09
Sanchez K|01:940:203:01|3.94|4.26|4.26|4.50|4.24|4.09|3.62|4.38|4.03|3.94|3.76|4.56|3.88|3.35|4.00|3.71
Sanchez K.|01:940:203:02|3.94|4.26|4.26|4.50|4.24|4.09|3.62|4.38|4.03|3.94|3.76|4.56|3.88|3.35|4.00|3.71
Sanchez K|01:940:203:10|3.94|4.26|4.26|4.50|4.24|4.09|3.62|4.38|4.03|3.94|3.76|4.56|3.88|3.35|4.00|3.71
Butler B.|01:940:204:02|4.86|4.86|4.74|4.90|4.79|4.63|4.44|4.61|4.79|4.62|4.83|4.93|4.40|4.38|4.31|4.26
Butler B.|01:940:204:10|4.86|4.86|4.74|4.90|4.79|4.63|4.44|4.61|4.79|4.62|4.83|4.93|4.40|4.38|4.31|4.26
Romano Mia|01:940:215:01|4.55|4.45|4.46|4.58|4.28|4.27|4.39|3.96|4.34|4.31|4.67|4.85|4.25|4.10|4.04|4.35
Patron Sebastian|01:940:215:02|4.55|4.45|4.46|4.58|4.28|4.27|4.39|3.96|4.34|4.31|4.67|4.85|4.25|4.10|4.04|4.35
Kim Y-S|01:940:215:03|4.55|4.45|4.46|4.58|4.28|4.27|4.39|3.96|4.34|4.31|4.67|4.85|4.25|4.10|4.04|4.35
Otero-Torres D|01:940:215:04|4.55|4.45|4.46|4.58|4.28|4.27|4.39|3.96|4.34|4.31|4.67|4.85|4.25|4.10|4.04|4.35
Kim H|01:940:215:10|4.55|4.45|4.46|4.58|4.28|4.27|4.39|3.96|4.34|4.31|4.67|4.85|4.25|4.10|4.04|4.35
Torres-Bustamante T.|01:940:261:01|4.84|4.76|4.53|4.87|4.53|4.47|4.61|4.11|4.61|4.45
Nunez O.|NONE|4.84|4.76|4.53|4.87|4.53|4.47|4.61|4.11|4.61|4.45|4.82|5.00|4.38|4.27|4.95|4.33
Stephens Thomas|01:940:303:01|4.51|4.51|4.54|4.61|4.00|4.37|4.34|3.90|4.41|4.34
Kim H|01:940:325:01|4.54|4.40|4.27|4.50|4.51|4.15|4.35|4.38|4.29|4.15|4.44|4.77|4.28|4.42|4.08|3.68
Kim H|01:940:325:02|4.54|4.40|4.27|4.50|4.51|4.15|4.35|4.38|4.29|4.15|4.44|4.77|4.28|4.42|4.08|3.68
Butler B|01:940:325:03|4.54|4.40|4.27|4.50|4.51|4.15|4.35|4.38|4.29|4.15|4.44|4.77|4.28|4.42|4.08|3.68
Bishop Stephen|01:940:325:10|4.54|4.40|4.27|4.50|4.51|4.15|4.35|4.38|4.29|4.15|4.44|4.77|4.28|4.42|4.08|3.68
Chacon Soledad|01:940:326:01|4.55|4.31|4.21|4.52|4.38|4.22|4.34|4.24|4.14|4.24|4.46|4.52|4.18|4.28|3.89|3.93
Chung Carmina|01:940:326:11|4.55|4.31|4.21|4.52|4.38|4.22|4.34|4.24|4.14|4.24|4.46|4.52|4.18|4.28|3.89|3.93
Narvaez C|01:940:331:01|4.93|4.80|4.60|4.80|4.60|4.60|4.36|3.43|4.73|4.53|4.60|4.93|4.13|3.87|3.57|4.33
Schwartz M|01:940:334:01|4.07|4.33|3.70|4.52|4.26|4.04|3.85|3.54|3.63|3.62|4.41|4.63|3.41|3.44|3.33|3.63
Persin M.|01:940:342:01|4.64|4.36|4.64|4.27|4.55|4.64|4.73|4.64|4.45|4.64|4.80|4.40|4.50|4.70
Martin-Marquez|01:940:345:01|5.00|5.00|5.00|5.00|5.00|5.00|5.00|4.00|5.00|5.00|5.00|5.00|4.67|5.00|5.00|5.00
Sanchez Celso|01:940:360:10|4.29|4.29|4.29|4.71|4.14|4.00|3.86|2.71|3.86|4.00|2.86|4.57|3.86|3.86|3.80|3.43
Nunez O.|01:940:362:01|5.00|4.80|5.00|4.75|4.94|4.81|4.81|4.50|4.88|4.75|4.88|4.88|4.50|4.29|4.56|4.29
Sanchez K|01:940:366:10|3.67|4.07|4.27|4.40|4.36|3.73|3.93|4.07|3.87|3.80|3.33|4.73|3.86|3.54|3.46|3.36
Villalba|01:940:388:03|4.67|4.67|4.33|4.67|4.67|4.67|4.67|3.67|4.67|4.67|4.00|5.00|4.67|3.67|4.33|3.67
Slinger Bill|01:940:389:01|3.89|3.89|4.22|4.33|4.44|4.44|3.67|3.89|3.89|3.56|3.38|4.78|4.00|3.00|3.63|3.13
Villalba Celines|01:940:389:04|3.89|3.89|4.22|4.33|4.44|4.44|3.67|3.89|3.89|3.56|3.38|4.78|4.00|3.00|3.63|3.13
Revera Margot|01:940:401:10|4.92|4.62|4.54|4.62|4.46|4.54|4.92|4.54|4.46|4.54|4.69|4.92|4.85|4.92|4.69|4.54
Smishkewych Margarita|01:940:402:10|4.30|4.50|4.50|4.50|4.50|4.10|4.50|4.60|4.30|4.30|3.90|4.90|4.70|4.60|4.30|4.40
Marcone J|01:940:447:01|4.33|4.83|4.83|4.83|4.00|4.33|4.50|4.50|4.33|4.33|4.33|4.83|4.50|4.50|4.50|4.67
Smishkewych Margarita|01:940:477:10|3.40|4.00|3.40|4.00|4.40|3.80|4.00|4.00|3.60|3.60|4.00|5.00|4.75|3.25|4.50|4.00
Narvaez C|01:940:490:01|5.00|5.00|5.00|5.00|5.00|5.00|5.00|4.22|5.00|5.00|5.00|5.00|5.00|5.00|4.88|5.00
Villalba Celines|01:940:499:01|4.95|4.82|4.72|5.00|4.94|4.84|4.71|4.58|4.84|4.79|4.50|5.00|4.68|4.40|4.76|4.25
Slinger Bill|01:940:499:10|4.95|4.82|4.72|5.00|4.94|4.84|4.71|4.58|4.84|4.79|4.50|5.00|4.68|4.40|4.76|4.25
Slinger Bill|01:940:499:11|4.95|4.82|4.72|5.00|4.94|4.84|4.71|4.58|4.84|4.79|4.50|5.00|4.68|4.40|4.76|4.25
