SIFUENTES BEN|01:050:101:01|4.60|4.44|4.26|4.51|4.13|4.09|3.94|2.76|4.23|3.92|4.33|5.00|4.00|4.50|3.50|4.50|4.50|4.50|3.50
FLEETWOOD NICOLE|01:050:200:01|4.17|3.85|3.81|4.00|4.22|3.67|3.54|2.79|3.79|3.60
Mantrinez-San Miguel Yolanda|01:050:201:01|4.31|4.31|4.38|4.54|4.31|4.00|4.38|3.69|4.31|4.23|3.20|4.17|3.83|3.83
ROCKLAND MICHAEL|01:050:227:01|4.50|4.43|4.64|4.93|4.93|4.14|4.07|3.43|4.43|4.36
GONZALEZ, C.|01:050:240:01|3.29|3.57|3.86|3.14|3.43|3.00|2.86|3.57|3.14|3.57
REEVES ELIZABETH|01:050:281:01|4.50|4.72|4.58|4.88|4.52|4.27|4.36|3.34|4.48|4.29|4.00|3.00|3.00|3.00|3.00|3.00|3.00|3.00
RZIGALINSKI CHRISTOPHE|01:050:282:01|4.83|4.74|4.71|4.71|4.59|4.51|4.53|3.39|4.68|4.53|4.67|4.00|4.50|4.00|4.00|4.00|4.00|4.00|4.00
DECKER J.|01:050:300:01|4.60|4.60|4.00|4.76|4.60|4.00|4.04|3.84|4.20|4.00
Lee Rick|01:050:300:02|4.83|4.42|4.67|4.58|4.00|4.58|4.75|3.67|4.42|4.42|4.42|3.40|3.60|3.58|4.00|4.42
FURMAN HARRY|01:050:300:80|4.50|4.50|4.40|4.50|4.45|4.55|4.50|4.45|4.91|4.91|5.00
BARNETT LOUISE|01:050:301:01|4.78|4.81|4.76|4.89|4.70|4.63|4.56|4.04|4.79|4.68
NIGRIN AL|01:050:301:03|4.78|4.81|4.76|4.89|4.70|4.63|4.56|4.04|4.79|4.68
FERGUSON MATTHEW|01:050:308:01|4.47|4.84|4.71|4.75|4.68|4.31|4.53|4.00|4.41|4.44
Fabian Ann|01:050:310:01|4.67|4.89|5.00|4.78|4.89|4.67|4.89|4.56|4.89|4.89
ROCKLAND MICHAEL|01:050:329:01|4.44|4.72|4.84|4.92|4.79|4.44|4.44|3.86|4.42|4.48|5.00
GILLESPIE ANGUS|01:050:366:01|4.67|4.53|4.44|4.75|4.50|4.13|4.31|4.25|4.31|4.13
WIGGINTON, C.|01:050:376:01|4.88|4.75|4.88|4.75|4.50|4.50|4.63|4.25|4.50|4.50|4.40|4.20|4.60|4.40|4.40|4.40
Lee, R. R|01:050:377:01|4.74|4.32|4.21|4.16|3.42|4.05|4.05|4.05|4.26|4.32|3.68|3.31|3.67|3.79|4.21|4.50
URBAN ANDREW|01:050:389:01|4.33|4.25|3.67|4.08|4.09|3.83|3.58|2.67|4.25|3.92
POPPER, F.|01:050:444:01|5.00|5.00|5.00|5.00|5.00|5.00|4.75|3.75|4.75|4.50
GILLESPIE A|01:050:450:01|4.92|4.92|4.92|4.92|5.00|4.75|4.92|4.58|4.92|5.00|5.00|5.00|5.00|5.00|5.00|5.00|5.00|5.00|5.00
BARNETT, L.|01:050:487:01|4.67|4.44|4.11|4.33|4.22|4.11|4.11|3.33|4.22|4.11|4.00|4.50
