St. John Lisa|01:510:101:01|4.61|4.36|3.93|4.25|3.89|3.96|4.39|4.21|4.04|4.00
Hanebrink Paul|01:510:102:01|4.77|4.64|4.62|4.74|4.58|4.41|4.59|4.34|4.57|4.50
Petursson Svanur|01:510:102:02|4.77|4.64|4.62|4.74|4.58|4.41|4.59|4.34|4.57|4.50
Petursson Svanur|01:510:102:04|4.77|4.64|4.62|4.74|4.58|4.41|4.59|4.34|4.57|4.50
St. John Lisa|01:510:211:01|4.71|4.56|4.51|4.58|4.27|4.41|4.51|4.02|4.37|4.37
Dibattista Anthony|01:510:211:03|4.71|4.56|4.51|4.58|4.27|4.41|4.51|4.02|4.37|4.37
MACK|01:510:253:01|4.13|4.05|4.20|4.46|4.02|3.78|3.74|4.00|3.86|3.82
Figueira Thomas|01:510:303:01|4.60|4.80|4.47|4.73|4.60|4.47|4.40|4.00|4.53|4.47
Connolly Serena|01:510:306:01|4.88|4.73|4.78|4.83|4.68|4.58|4.78|4.45|4.68|4.60
Davis Belinda|01:510:327:01|4.26|4.37|4.00|4.32|4.42|3.84|3.95|4.32|3.95|3.89
Jones Jennifer|01:510:333:01|4.80|4.80|4.68|4.88|4.72|4.44|4.60|4.24|4.76|4.68
Kelly Samantha|01:510:337:01|4.94|4.76|4.88|4.71|4.59|4.53|4.82|4.53|4.59|4.76
Hellbeck Jochen|01:510:375:01|4.60|4.40|4.36|4.52|4.08|4.44|4.48|4.08|4.29|4.40
Foglesong David|01:510:377:01|4.89|4.89|4.89|4.89|4.63|4.63|4.79|4.21|4.68|4.63
Bartal Israel|01:510:386:01|3.94|2.94|3.29|3.41|4.12|3.18|3.65|4.35|3.41|3.41
Hanebrink Paul|01:510:392:01|4.71|4.63|4.63|4.67|4.58|4.50|4.75|3.92|4.48|4.50
Davis Belinda|01:510:392:02|4.71|4.63|4.63|4.67|4.58|4.50|4.75|3.92|4.48|4.50
Feinberg Melissa|01:510:394:01|4.17|3.61|3.72|3.56|3.44|3.22|3.50|3.94|3.22|3.33
