SCHJOTT J|01:146:295:01|4.63|4.41|4.50|4.64|4.52|4.39|4.47|4.19|4.58|4.50|5.00|5.00|5.00|5.00|5.00|5.00|5.00|5.00|5.00
FONG DUNNE|01:146:328:00|2.97|3.69|3.68|4.09|4.12|3.00|3.31|3.48|2.97|3.06
GOLFETTI R|01:146:356:00|4.27|4.37|3.97|4.24|4.07|3.76|4.21|4.03|3.93|3.81|4.33|5.00|5.00|5.00|5.00|5.00|5.00|5.00|5.00
JOHNSONWORRELL SOPHIA|01:146:357:01|4.79|4.60|4.44|4.62|4.15|4.36|4.24|4.02|4.55|4.17
PURI VINAM|01:146:357:04|4.79|4.60|4.44|4.62|4.15|4.36|4.24|4.02|4.55|4.17
PURI VINAM|01:146:357:08|4.79|4.60|4.44|4.62|4.15|4.36|4.24|4.02|4.55|4.17
JOHNSONWORRELL SOPHIA|01:146:357:10|4.79|4.60|4.44|4.62|4.15|4.36|4.24|4.02|4.55|4.17
SHAH VATSAL|01:146:357:13|4.79|4.60|4.44|4.62|4.15|4.36|4.24|4.02|4.55|4.17|5.00|5.00|5.00|5.00|5.00|5.00|5.00|5.00|5.00
FIRESTEIN BONNIE|01:146:405:01|4.75|4.78|4.63|4.81|4.83|4.50|4.11|4.04|4.59|4.12
HSU SHU|01:146:405:01|4.75|4.78|4.63|4.81|4.83|4.50|4.11|4.04|4.59|4.12
PLUMMER MARK|01:146:446:01|4.77|4.91|4.83|5.00|5.00|4.83|4.92|4.85|4.85|4.83
PARADISO KENNETH|01:146:446:01|4.77|4.91|4.83|5.00|5.00|4.83|4.92|4.85|4.85|4.83
HSU SHU|01:146:448:01|5.00|5.00|5.00|5.00|5.00|5.00|4.71|4.86|5.00|4.86|4.43
FONG DUNNE|01:146:471:01|5.00|5.00|5.00|5.00|5.00|5.00|4.67|4.43|5.00|4.67|5.00|5.00|5.00|5.00|5.00|5.00|5.00|5.00|5.00
HYNDMAN A|01:146:472:01|4.08|4.19|3.85|4.28|3.96|3.69|3.69|3.38|3.62|3.65
WERLEN GUY|01:146:474:01|4.39|4.22|3.95|4.32|4.18|3.89|4.21|4.13|3.90|3.97|4.50|4.33|4.33|4.20|4.20|4.20|4.20|4.33|4.33
XIE PING|01:146:474:01|4.39|4.22|3.95|4.32|4.18|3.89|4.21|4.13|3.90|3.97|4.50|4.33|4.33|4.20|4.20|4.20|4.20|4.33|4.33
COVEY LORI|01:146:474:01|4.39|4.22|3.95|4.32|4.18|3.89|4.21|4.13|3.90|3.97|4.50|4.33|4.33|4.20|4.20|4.20|4.20|4.33|4.33
XIE PING|01:146:475:01|4.61|4.46|4.29|4.66|4.42|4.23|4.37|4.23|4.41|4.38
XIE PING|01:146:475:01|4.61|4.46|4.29|4.66|4.42|4.23|4.37|4.23|4.41|4.38|5.00|5.00
SCHWANDER MARTIN|01:146:475:01|4.61|4.46|4.29|4.66|4.42|4.23|4.37|4.23|4.41|4.38
SCHWANDER MARTIN|01:146:475:02|4.61|4.46|4.29|4.66|4.42|4.23|4.37|4.23|4.41|4.38
XIE PING|01:146:475:02|4.61|4.46|4.29|4.66|4.42|4.23|4.37|4.23|4.41|4.38|5.00
XIE PING|01:146:475:02|4.61|4.46|4.29|4.66|4.42|4.23|4.37|4.23|4.41|4.38
LIU ALICE|01:146:478:01|4.88|4.94|4.88|5.00|4.88|4.94|4.82|4.35|4.94|4.88|5.00|5.00|5.00|5.00|5.00
