Koychev Anton|01:860:101:01|4.14|4.43|4.43|4.71|4.43|4.14|4.14|4.43|4.14|4.00
Koychev Anton|01:860:103:01|4.80|5.00|4.80|5.00|5.00|4.40|4.60|5.00|4.60|4.80
Medvedeva Natalia|01:860:107:01|4.25|4.50|4.75|4.75|4.00|4.50|4.50|5.00|4.50|4.50
Medvedeva Natalia|01:860:201:01|3.50|4.00|3.50|4.00|4.00|3.50|3.50|4.50|3.00|3.50
Koychev Anton|01:860:203:01|4.33|4.00|4.33|4.00|4.67|4.00|4.33|4.67|4.00|4.33
Mccoy-Rusanova Svetlana|01:860:207:01|5.00|5.00|4.83|4.83|4.50|4.83|4.83|5.00|4.67|5.00
Mccoy-Rusanova Svetlana|01:860:301:01|4.14|4.14|4.00|4.71|4.71|4.29|3.86|4.57|4.33|4.00
Bojanowska Edyta|01:860:322:01|4.60|4.55|4.65|4.55|4.37|4.55|4.60|4.25|4.75|4.75
Bojanowska Edyta|01:860:331:01|4.64|4.71|4.62|4.71|4.54|4.46|4.64|4.00|5.00|4.86
Pirog Gerald|01:860:332:01|4.75|5.00|5.00|5.00|5.00|4.75|5.00|4.75|5.00|5.00
Rosenfeld Alla|01:860:347:01|4.60|4.40|4.20|4.40|5.00|4.40|4.00|4.20|4.60|4.00
