Bronner Stephen|01:790:101:01|4.09|4.04|4.13|4.01|4.16|3.90|3.92|3.83|3.79|3.84
Marandici Ion|01:790:101:02|4.09|4.04|4.13|4.01|4.16|3.90|3.92|3.83|3.79|3.84
Marandici Ion|01:790:101:03|4.09|4.04|4.13|4.01|4.16|3.90|3.92|3.83|3.79|3.84
Marandici Ion|01:790:101:20|4.09|4.04|4.13|4.01|4.16|3.90|3.92|3.83|3.79|3.84
Vamanu Alina|01:790:101:90|0.00|0.00|0.00|0.00|0.00|0.00|0.00|0.00|0.00|0.00
Licklider Roy|01:790:102:01|4.24|4.07|4.00|4.21|3.86|3.75|3.79|4.02|3.70|3.70
Hetou Ghaidaa|01:790:102:12|4.24|4.07|4.00|4.21|3.86|3.75|3.79|4.02|3.70|3.70
Kubik Jan|01:790:103:01|4.32|4.41|4.18|4.46|4.24|4.00|4.06|3.88|4.06|3.92
Baker Ross|01:790:104:01|4.58|4.55|4.37|4.56|4.40|4.16|4.20|3.76|4.33|4.27
Heidt-Forsythe Erin|01:790:104:90|4.58|4.55|4.37|4.56|4.40|4.16|4.20|3.76|4.33|4.27
Levine Bertram|01:790:106:01|4.14|4.28|4.27|4.55|4.40|4.12|4.14|4.14|4.08|4.15
Canabal-Alvear Daniela|01:790:106:03|4.14|4.28|4.27|4.55|4.40|4.12|4.14|4.14|4.08|4.15
Canabal-Alvear Daniela|01:790:106:04|4.14|4.28|4.27|4.55|4.40|4.12|4.14|4.14|4.08|4.15
Canabal-Alvear Daniela|01:790:106:05|4.14|4.28|4.27|4.55|4.40|4.12|4.14|4.14|4.08|4.15
Ward John|01:790:106:08|4.14|4.28|4.27|4.55|4.40|4.12|4.14|4.14|4.08|4.15
Matto Elizabeth|01:790:250:01|4.88|4.88|4.88|4.75|4.75|5.00|4.88|4.75|4.88|4.86
Saraeva Gulhabor|01:790:300:01|4.14|3.98|3.45|4.06|4.14|3.41|3.31|3.14|3.49|3.47
Jan Farah|01:790:300:02|4.14|3.98|3.45|4.06|4.14|3.41|3.31|3.14|3.49|3.47
Andersen David|01:790:301:01|4.88|4.79|4.88|4.82|4.76|4.82|4.88|4.71|4.79|4.91
Gertzog Irwin|01:790:304:01|4.83|4.75|4.40|4.65|4.45|4.13|4.53|3.93|4.40|4.38
Glascock John|01:790:305:01|3.62|3.92|3.92|4.15|4.31|3.69|3.85|3.38|3.46|3.58
Gertzog Irwin|01:790:306:01|4.67|4.67|4.26|4.55|4.05|3.94|4.40|4.31|4.38|4.33
Kaufman Robert|01:790:312:01|4.20|4.10|3.60|4.00|3.75|3.25|3.85|3.95|3.40|3.65
Rossi Michael|01:790:315:01|4.93|4.90|4.76|4.79|4.55|4.69|4.66|4.00|4.72|4.52
Peleg Samuel|01:790:316:02|4.80|4.80|4.80|4.80|4.20|4.40|4.60|4.40|4.60|4.60
Mazureanu Martian|01:790:317:01|3.75|4.00|3.63|4.38|4.00|3.88|3.63|4.38|3.71|3.63
Lehne Richard|01:790:318:01|3.67|3.67|3.33|4.44|4.11|3.00|3.56|3.56|3.00|3.11
Mckoy Michael|01:790:319:01|4.64|4.70|4.66|4.64|4.40|4.30|4.36|4.23|4.49|4.34
Harrison R. Ewan|01:790:321:01|4.50|4.50|4.50|4.00|4.00|4.50|4.50|4.50|4.50|4.50
Wallace Geoffrey|01:790:324:01|4.80|4.53|4.00|4.60|4.27|3.80|4.13|4.07|4.43|4.14
Poast Paul|01:790:327:01|4.92|4.89|4.89|4.86|4.61|4.72|4.86|4.28|4.81|4.69
Geller Peter|01:790:334:01|4.78|4.56|4.89|5.00|5.00|4.89|4.89|4.89|4.44|4.67
Sanbonmatsu Kira|01:790:335:01|4.25|4.00|4.15|4.20|4.33|3.88|3.80|3.80|3.78|3.82
Rubenstein Harold|01:790:340:01|3.90|4.23|4.51|4.38|3.90|4.03|4.18|4.15|4.00|3.92
White James|01:790:341:80|4.31|4.54|4.46|4.54|4.54|4.00|3.92|3.00|3.85|3.77
Kleinberg Mona|01:790:345:01|4.17|4.54|4.33|4.57|4.33|4.13|4.24|4.09|4.13|4.07
Lau Richard|01:790:348:01|4.83|4.58|4.50|4.67|4.75|4.42|4.00|4.17|4.17|4.17
Decker Jefferson|01:790:349:02|4.55|4.32|4.64|4.68|4.59|4.41|4.36|4.45|4.41|4.50
Doria Joseph|01:790:349:03|4.55|4.32|4.64|4.68|4.59|4.41|4.36|4.45|4.41|4.50
Abdeljaber Hamid|01:790:351:01|4.72|4.75|4.78|4.72|4.66|4.50|4.75|4.69|4.69|4.66
Peleg Samuel|01:790:352:01|4.50|4.25|4.50|4.25|4.00|3.25|4.75|5.00|3.50|3.75
Zucco Cesar|01:790:357:01|5.00|4.71|4.29|4.71|4.43|4.00|4.14|4.29|4.29|4.00
Harrison R. Ewan|01:790:361:01|4.17|4.00|3.83|3.50|4.33|3.67|4.33|4.33|3.83|4.00
Wallace Geoffrey|01:790:362:01|4.95|4.85|4.35|4.80|4.40|4.05|4.40|4.60|4.25|4.15
Peleg Samuel|01:790:363:01|4.17|4.00|3.80|4.00|3.83|3.67|4.33|4.50|3.83|4.17
Abdeljaber Hamid|01:790:367:02|4.67|4.72|4.67|4.89|4.78|4.56|4.72|4.53|4.72|4.72
Harrison R. Ewan|01:790:369:01|4.86|4.86|4.86|4.86|4.86|4.71|4.71|4.57|4.86|4.86
Cornell Drucilla|01:790:370:02|4.00|5.00|5.00|5.00|5.00|4.00|4.33|3.67|4.33|4.67
Bathory Dennis|01:790:371:01|4.60|4.67|4.33|4.80|4.67|4.20|4.13|3.67|4.20|4.33
McFall Jonathan|01:790:373:01|4.71|4.80|4.46|4.80|4.69|4.54|4.60|4.14|4.69|4.54
Murphy Andrew|01:790:375:01|4.82|4.74|4.74|4.85|4.61|4.69|4.67|4.23|4.77|4.68
Marandici Ion|01:790:381:01|4.55|4.50|4.25|4.65|4.55|4.15|4.20|4.30|4.05|4.20
Krook Mona|01:790:389:01|3.70|3.30|3.60|3.90|3.22|3.20|4.00|3.50|3.20|3.30
Field William|01:790:393:01|3.60|4.60|3.80|4.20|5.00|3.40|3.20|3.75|3.20|3.60
Levy Jack|01:790:395:01|4.50|4.49|4.38|4.57|4.44|4.28|4.39|4.02|4.23|4.23
Lehne Richard|01:790:395:04|4.50|4.49|4.38|4.57|4.44|4.28|4.39|4.02|4.23|4.23
Zucco Cesar|01:790:395:05|4.50|4.49|4.38|4.57|4.44|4.28|4.39|4.02|4.23|4.23
Leech Beth|01:790:395:09|4.50|4.49|4.38|4.57|4.44|4.28|4.39|4.02|4.23|4.23
Kelemen R. Daniel|01:790:395:10|4.50|4.49|4.38|4.57|4.44|4.28|4.39|4.02|4.23|4.23
Daniels Cynthia|01:790:395:11|4.50|4.49|4.38|4.57|4.44|4.28|4.39|4.02|4.23|4.23
Kaufman Robert|01:790:395:12|4.50|4.49|4.38|4.57|4.44|4.28|4.39|4.02|4.23|4.23
Heumann Milton|01:790:395:13|4.50|4.49|4.38|4.57|4.44|4.28|4.39|4.02|4.23|4.23
Midlarsky Manus|01:790:395:14|4.50|4.49|4.38|4.57|4.44|4.28|4.39|4.02|4.23|4.23
Krook Mona|01:790:395:15|4.50|4.49|4.38|4.57|4.44|4.28|4.39|4.02|4.23|4.23
Levine Bertram|01:790:401:01|4.05|4.44|4.54|4.66|4.02|4.00|4.22|4.29|3.98|4.03
Heumann Milton|01:790:404:01|3.95|4.48|4.67|4.57|4.33|4.29|4.43|4.38|4.14|4.19
Baker Ross|01:790:428:12|4.89|4.89|4.89|4.89|4.71|4.89|5.00|4.89|4.89|4.89
Field William|01:790:472:01|4.40|4.67|4.53|4.60|4.43|4.53|4.47|4.47|4.47|4.57
Field William|01:790:481:01|4.81|4.79|4.92|4.69|4.88|4.88|4.43|4.75|4.68|4.71
Rosenthal Alan|01:790:481:05|4.81|4.79|4.92|4.69|4.88|4.88|4.43|4.75|4.68|4.71
Matto Elizabeth|01:790:481:08|4.81|4.79|4.92|4.69|4.88|4.88|4.43|4.75|4.68|4.71
Angevine Sara|01:790:491:03|5.00|5.00|5.00|5.00|5.00|5.00|5.00|5.00|5.00|5.00
