Widdis Melissa|01:940:101:04|4.73|4.78|4.76|4.80|4.71|4.55|4.65|4.26|4.63|4.41|4.80|4.78|4.54|4.34|4.35|4.18
Widdis Melissa|01:940:101:05|4.73|4.78|4.76|4.80|4.71|4.55|4.65|4.26|4.63|4.41|4.80|4.78|4.54|4.34|4.35|4.18
Millan Maria|01:940:101:90|0.00|0.00|0.00|0.00|0.00|0.00|0.00|0.00|0.00|0.00
Palmer Molly|01:940:101:91|0.00|0.00|0.00|0.00|0.00|0.00|0.00|0.00|0.00|0.00
Palmer Molly|01:940:101:92|0.00|0.00|0.00|0.00|0.00|0.00|0.00|0.00|0.00|0.00
Clifford Jeremiah|01:940:102:01|4.67|4.67|4.67|5.00|4.33|4.67|4.00|4.33|4.33|4.00|4.67|4.33|4.00|4.33|4.33|4.00
|01:940:102:90|0.00|0.00|0.00|0.00|0.00|0.00|0.00|0.00|0.00|0.00
|01:940:102:91|0.00|0.00|0.00|0.00|0.00|0.00|0.00|0.00|0.00|0.00
Millan Maria|01:940:121:90|0.00|0.00|0.00|0.00|0.00|0.00|0.00|0.00|0.00|0.00
Millan Maria|01:940:121:91|0.00|0.00|0.00|0.00|0.00|0.00|0.00|0.00|0.00|0.00
Chivukula Lucrecia|01:940:131:04|3.84|4.03|4.10|4.34|4.46|3.96|3.83|4.22|3.74|3.70|4.36|4.63|3.99|3.97|3.94|3.51
Dallmann Harry|01:940:131:06|3.84|4.03|4.10|4.34|4.46|3.96|3.83|4.22|3.74|3.70|4.36|4.63|3.99|3.97|3.94|3.51
Nava Rafael|01:940:132:02|4.68|4.68|4.76|4.80|4.61|4.51|4.24|4.24|4.61|4.41|4.50|4.80|4.40|4.33|4.33|4.10
Slinger William|01:940:132:04|4.68|4.68|4.76|4.80|4.61|4.51|4.24|4.24|4.61|4.41|4.50|4.80|4.40|4.33|4.33|4.10
Gonzalez-Darriba Patricia|01:940:139:01|4.70|4.80|4.80|4.70|4.60|4.60|4.60|4.20|4.40|4.40|4.70|4.80|4.60|4.30|4.30|4.40
Stephens Tom|01:940:160:01|4.83|5.00|4.92|5.00|4.67|4.67|4.83|4.25|4.83|4.67|4.92|5.00|4.10|3.90|4.27|4.18
Nunez Olga|01:940:202:01|5.00|4.75|4.75|4.75|4.50|4.50|4.75|5.00|4.50|4.50|4.50|5.00|4.50|4.75|4.33|4.25
Butler Bonnie|01:940:203:03|4.16|4.47|4.19|4.58|4.14|3.99|3.68|4.46|3.91|3.78|4.18|4.69|3.76|3.82|3.82|3.49
Butler Bonnie|01:940:203:04|4.16|4.47|4.19|4.58|4.14|3.99|3.68|4.46|3.91|3.78|4.18|4.69|3.76|3.82|3.82|3.49
Sanchez Karen|01:940:204:90|4.44|4.62|4.44|4.85|4.83|4.50|4.15|4.42|4.44|4.19|4.19|4.79|4.00|3.96|3.92|3.92
Sanchez Karen|01:940:204:91|4.44|4.62|4.44|4.85|4.83|4.50|4.15|4.42|4.44|4.19|4.19|4.79|4.00|3.96|3.92|3.92
Persin Margo|01:940:215:01|4.77|4.69|4.56|4.69|4.39|4.48|4.54|4.16|4.52|4.49|4.64|4.85|4.36|4.15|4.16|4.34
Schwartz Marcy|01:940:215:02|4.77|4.69|4.56|4.69|4.39|4.48|4.54|4.16|4.52|4.49|4.64|4.85|4.36|4.15|4.16|4.34
Butler Bonnie|01:940:215:03|4.77|4.69|4.56|4.69|4.39|4.48|4.54|4.16|4.52|4.49|4.64|4.85|4.36|4.15|4.16|4.34
Kim Hoon|01:940:215:04|4.77|4.69|4.56|4.69|4.39|4.48|4.54|4.16|4.52|4.49|4.64|4.85|4.36|4.15|4.16|4.34
Bishop Karen|NONE|4.77|4.69|4.56|4.69|4.39|4.48|4.54|4.16|4.52|4.49|4.64|4.85|4.36|4.15|4.16|4.34
Rothwell Phillip|01:940:240:01|4.29|4.14|4.29|5.00|4.33|5.00|4.57|3.57|4.57|4.57|4.86|5.00|4.00|4.00|3.50|4.57
Nunez Olga|01:940:261:01|4.90|4.77|4.71|4.84|4.77|4.71|4.77|4.19|4.80|4.71|4.90|4.97|4.65|4.39|4.77|4.16
Nunez Olga|01:940:261:02|4.90|4.77|4.71|4.84|4.77|4.71|4.77|4.19|4.80|4.71|4.90|4.97|4.65|4.39|4.77|4.16
Venis Connie|01:940:313:01|4.52|4.70|4.65|4.78|4.57|4.48|4.30|4.48|4.70|4.61|4.39|4.78|4.52|4.05|4.22|3.68
Kim Hoon|01:940:325:01|4.22|4.46|4.36|4.53|4.31|4.14|4.08|4.51|4.10|4.05|4.22|4.80|4.19|4.36|4.02|3.79
Kim Hoon|01:940:325:03|4.22|4.46|4.36|4.53|4.31|4.14|4.08|4.51|4.10|4.05|4.22|4.80|4.19|4.36|4.02|3.79
Sanchez Karen|01:940:325:04|4.22|4.46|4.36|4.53|4.31|4.14|4.08|4.51|4.10|4.05|4.22|4.80|4.19|4.36|4.02|3.79
Bishop Stephen|01:940:325:05|4.22|4.46|4.36|4.53|4.31|4.14|4.08|4.51|4.10|4.05|4.22|4.80|4.19|4.36|4.02|3.79
Garcia Humberto|01:940:326:01|4.78|4.87|4.74|4.96|4.74|4.70|4.57|4.22|4.52|4.61|4.87|4.87|4.41|4.48|4.30|4.27
Gonzalez-Darriba Patricia|01:940:326:02|4.78|4.87|4.74|4.96|4.74|4.70|4.57|4.22|4.52|4.61|4.87|4.87|4.41|4.48|4.30|4.27
Narvaez Carlos|01:940:331:01|4.94|4.94|5.00|5.00|5.00|4.94|5.00|3.94|5.00|5.00|4.94|5.00|4.75|4.75|4.75|4.94
Garrote Valeria|01:940:333:01|2.56|2.81|3.00|3.27|3.06|2.75|2.69|3.75|2.50|2.56|3.06|4.13|2.73|2.81|2.56|2.69
Schwartz Marcy|01:940:333:03|2.56|2.81|3.00|3.27|3.06|2.75|2.69|3.75|2.50|2.56|3.06|4.13|2.73|2.81|2.56|2.69
Otero-Torres Damaris|01:940:335:01|4.60|4.40|4.40|4.60|4.30|4.50|4.30|4.30|4.40|4.40|4.50|4.80|4.00|4.10|3.80|4.20
Sanchez Celso|01:940:360:01|5.00|5.00|4.63|4.89|5.00|4.88|4.89|4.56|4.78|4.56|4.89|4.89|4.33|4.11|4.33|4.11
Stephens Thomas|01:940:362:01|4.75|4.83|4.67|4.75|4.83|4.67|4.83|4.50|4.75|4.58|4.83|4.83|4.67|4.36|4.92|4.42
Sanchez Celso|01:940:388:01|4.75|4.75|4.50|4.75|4.75|4.75|4.25|3.75|4.50|4.50|4.25|5.00|4.25|5.00|5.00|4.67
Sanchez Celso|01:940:388:02|4.75|4.75|4.50|4.75|4.75|4.75|4.25|3.75|4.50|4.50|4.25|5.00|4.25|5.00|5.00|4.67
Villalba Celines|01:940:389:01|4.86|4.82|4.41|4.67|4.57|4.50|4.36|4.77|4.50|4.14|3.68|5.00|4.64|3.74|4.14|3.41
Slinger William|01:940:389:02|4.86|4.82|4.41|4.67|4.57|4.50|4.36|4.77|4.50|4.14|3.68|5.00|4.64|3.74|4.14|3.41
Slinger William|01:940:389:04|4.86|4.82|4.41|4.67|4.57|4.50|4.36|4.77|4.50|4.14|3.68|5.00|4.64|3.74|4.14|3.41
Revera Margot|01:940:401:01|3.73|3.82|4.18|4.36|3.64|3.73|4.36|4.73|3.64|3.82|4.09|4.64|4.27|4.09|4.00|4.00
Flores Nydia|01:940:418:01|4.33|4.20|3.83|4.00|4.25|3.67|3.67|3.67|3.67|3.83|4.50|4.67|4.00|4.33|3.40|3.60
Persin Margo|01:940:438:01|4.33|4.50|4.67|4.67|4.50|4.67|4.50|4.33|4.33|4.33|3.83|5.00|4.33|3.67|3.83|4.50
Cardemil Krause Cristobal|01:940:446:90|0.00|0.00|0.00|0.00|0.00|0.00|0.00|0.00|0.00|0.00
Jimenez Miguel|01:940:475:01|4.73|4.55|4.82|4.91|4.91|4.82|4.91|4.82|4.91|4.82|5.00|4.91|4.91|4.44|4.64|4.50
Jimenez Miguel|01:940:478:01|4.83|4.83|5.00|5.00|4.50|4.83|4.83|4.83|4.83|4.83|4.67|5.00|4.67|4.67|4.67|4.60
Stevens Camilla|01:940:489:01|4.75|5.00|5.00|5.00|4.92|4.75|4.83|4.00|4.83|4.75|4.14|4.71
Slinger William|01:940:499:01|4.80|4.80|4.73|4.93|4.79|4.73|4.60|4.36|4.80|4.60|4.27|4.67|4.67|4.20|4.25
Slinger William|01:940:499:02|4.80|4.80|4.73|4.93|4.79|4.73|4.60|4.36|4.80|4.60|4.27|4.67|4.67|4.20|4.25|3.71
Villalba Celines|01:940:499:03|4.80|4.80|4.73|4.93|4.79|4.73|4.60|4.36|4.80|4.60|4.27|4.67|4.67|4.20|4.25|3.71
Villalba Celines|01:940:499:04|4.80|4.80|4.73|4.93|4.79|4.73|4.60|4.36|4.80|4.60|4.27|4.67|4.67|4.20|4.25|3.71
