Walker Janet|01:195:101:01|4.62|4.59|4.36|4.59|4.56|4.41|4.44|4.00|4.44|4.38
Sokowski|01:195:101:01|4.62|4.59|4.36|4.59|4.56|4.41|4.44|4.00|4.44|4.38
Walker Janet|NONE|4.62|4.59|4.36|4.59|4.56|4.41|4.44|4.00|4.44|4.38
Anderson Vaughn|01:195:135:05|4.58|4.68|4.39|4.84|4.87|4.58|4.29|3.97|4.52|4.42
|01:195:135:90|0.00|0.00|0.00|0.00|0.00|0.00|0.00|0.00|0.00|0.00
Troiano Renee|01:195:150:02|4.59|4.63|4.69|4.70|4.71|4.53|4.48|4.02|4.56|4.46
Aloo Enock|01:195:150:04|4.59|4.63|4.69|4.70|4.71|4.53|4.48|4.02|4.56|4.46
Sokowski Sandra|01:195:150:05|4.59|4.63|4.69|4.70|4.71|4.53|4.48|4.02|4.56|4.46
Troiano Renee|01:195:150:06|4.59|4.63|4.69|4.70|4.71|4.53|4.48|4.02|4.56|4.46
Uhlirova Romana|01:195:150:07|4.59|4.63|4.69|4.70|4.71|4.53|4.48|4.02|4.56|4.46
Stephens Michelle|01:195:216:01|4.63|4.88|4.63|4.88|4.38|4.63|4.50|3.88|4.38|4.25
Mani Preetha|01:195:243:01|4.67|4.75|4.50|4.67|4.33|4.42|4.58|4.25|4.55|4.58
Cihan-Artun Fatma Betul|01:195:244:01|4.04|4.00|3.62|4.04|4.27|3.46|3.62|3.58|3.54|3.58
Sclafani Kathy|01:195:244:02|4.04|4.00|3.62|4.04|4.27|3.46|3.62|3.58|3.54|3.58
Toymentsev, Sergey|01:195:244:90|0.00|0.00|0.00|0.00|0.00|0.00|0.00|0.00|0.00|0.00
SCLAFANI, KATHLEEN|01:195:244:91|0.00|0.00|0.00|0.00|0.00|0.00|0.00|0.00|0.00|0.00
Nerlekar Anjali|01:195:249:01|4.89|5.00|5.00|5.00|5.00|5.00|5.00|4.44|5.00|4.78
White Laura|01:195:256:01|4.40|4.37|4.27|4.34|4.10|3.97|4.10|3.63|4.10|4.03
Martinez-San Miguel Yolanda|01:195:295:01|4.90|5.00|5.00|5.00|4.90|5.00|4.90|3.90|4.90|4.90|4.50|4.50
Parker Andrew|01:195:301:01|4.29|4.67|4.60|4.73|4.87|4.47|4.14|4.27|4.47|4.40
Walker Janet|01:195:307:01|4.54|4.54|4.38|4.69|4.69|4.08|4.38|3.31|4.31|4.08
Baldi Andrea|01:195:308:01|4.47|4.60|4.53|4.60|4.47|4.20|4.29|3.73|4.47|4.73
Serrano Richard|01:195:333:01|5.00|5.00|5.00|5.00|4.67|5.00|4.33|4.00|4.33|4.67
Nerlekar Anjali|01:195:336:01|5.00|5.00|5.00|5.00|5.00|5.00|5.00|4.40|5.00|5.00|5.00|3.00|4.00|5.00|3.00|3.00
Walker Steven|01:195:346:01|4.55|4.91|4.82|4.91|4.91|4.64|4.64|4.18|4.73|4.36|4.17|3.25|3.00|4.00|4.00|4.83
Parker Andrew|01:195:354:01|4.92|4.92|4.75|4.83|4.83|4.75|4.75|3.92|4.75|4.83
DELAURENTIS John|01:195:358:01|4.83|4.83|4.75|4.83|4.75|4.67|4.67|3.75|4.75|4.67
Flitterman-Lewis Sandy|01:195:377:01|3.93|3.71|3.86|3.79|4.08|3.71|3.57|4.29|3.50|3.50|3.63|2.50|2.50|2.83|2.75|3.88
Sen Meheli|01:195:377:02|3.93|3.71|3.86|3.79|4.08|3.71|3.57|4.29|3.50|3.50
Portnoy Edward|01:195:395:01|4.60|4.67|4.27|4.60|4.62|4.13|3.93|4.27|4.40|4.20
Rosenfeld Alla|01:195:395:02|4.60|4.67|4.27|4.60|4.62|4.13|3.93|4.27|4.40|4.20
Bojanowska Edyta|01:195:396:01|4.64|4.71|4.62|4.71|4.54|4.46|4.64|4.00|5.00|4.86
Mani Preetha|01:195:397:01|4.61|4.61|4.70|4.61|4.45|4.48|4.65|4.35|4.78|4.74
Bojanowska Edyta|01:195:397:02|4.61|4.61|4.70|4.61|4.45|4.48|4.65|4.35|4.78|4.74
Rennie Nicholas|01:195:398:01|4.78|4.56|4.67|4.78|4.67|4.56|4.78|4.67|4.67|4.67
Stevens Camilla|01:195:480:01|4.67|4.72|4.89|4.72|4.78|4.56|4.61|4.06|4.56|4.50|4.08|4.58
Diamond Elin|01:195:480:02|4.67|4.72|4.89|4.72|4.78|4.56|4.61|4.06|4.56|4.50|4.50|4.33|4.33|3.40|4.08|4.58
