MASUR LOUIS|01:050:101:01|4.71|4.77|4.80|4.77|4.52|4.61|4.43|3.30|4.76|4.64|5.00|5.00|5.00|5.00
CHANMALIK SYLVIA|01:050:102:01|4.00|3.71|4.86|4.43|4.57|4.29|4.00|3.43|3.86|3.83
Prisock Louis|01:050:200:01|4.89|4.78|4.56|4.89|4.67|4.33|4.44|3.44|4.56|4.25
Martinez-San Miguel Yolanda|01:050:200:02|4.90|5.00|5.00|5.00|4.90|5.00|4.90|3.90|4.90|4.90|4.50|4.50
WIGGINTON CAROLINE|01:050:201:01|5.00|4.88|4.71|4.94|4.82|4.63|4.65|3.71|4.82|4.53
Popper F|01:050:201:02|5.00|5.00|5.00|5.00|5.00|5.00|5.00|5.00|5.00|5.00
BARNETT LOUISE|01:050:202:01|4.38|4.44|4.06|4.56|4.25|3.69|3.69|2.75|4.19|3.88
FLEETWOOD NICOLE|01:050:247:01|4.44|4.24|4.55|4.35|4.46|4.18|4.33|4.25|4.24|4.25|4.00|4.00|4.00|5.00|4.00|4.00|5.00|4.00|5.00
SERRA Ana|01:050:250:01|5.00|5.00|5.00|5.00|5.00|5.00|5.00|5.00|5.00|5.00|5.00|5.00|5.00|5.00|5.00|5.00
NIGRIN ALBERT|01:050:265:01|4.84|4.88|4.81|4.94|4.87|4.63|4.63|3.71|4.72|4.61|4.00|5.00|4.00|5.00|4.00|5.00|4.00
Decker Jefferson|01:050:300:02|4.60|4.44|4.67|4.64|4.40|4.44|4.40|4.36|4.48|4.44
Zoccolillo A.|01:050:300:80|4.60|4.44|4.67|4.64|4.40|4.44|4.40|4.36|4.48|4.44
MASUR LOUIS|01:050:301:01|5.00|5.00|5.00|5.00|4.88|5.00|4.85|3.83|5.00|5.00|5.00|5.00|5.00|5.00|5.00|5.00|5.00|5.00
Lee R|01:050:301:02|4.81|4.63|4.81|4.81|4.44|4.56|4.63|3.88|4.56|4.44|4.67|4.60|4.60|3.83|4.00|4.33
Furman H.|01:050:301:80|4.81|4.63|4.81|4.81|4.44|4.56|4.63|3.88|4.56|4.44
Appels J.|01:050:301:81|4.81|4.63|4.81|4.81|4.44|4.56|4.63|3.88|4.56|4.44
DECKER JEFFERSON|01:050:303:01|4.80|4.93|4.40|4.93|4.73|4.53|4.40|4.13|4.38|4.38
Backes M.|01:050:303:80|4.56|4.69|4.75|4.44|4.44|4.31|4.38|4.06|4.44|4.31
Backes|01:050:303:81|4.56|4.69|4.75|4.44|4.44|4.31|4.38|4.06|4.44|4.31
ROCKLAND MICHAEL|01:050:305:01|4.47|4.76|4.78|4.94|4.83|4.33|4.50|3.94|4.56|4.44
URBAN ANDREW|01:050:310:01|4.80|4.83|4.67|4.83|4.83|4.83|5.00|3.67|5.00|4.33
URBAN ANDREW|01:050:324:01|4.70|4.67|4.22|4.74|4.48|4.04|4.00|3.62|4.22|3.93
ROCKLAND MICHAEL|01:050:330:01|4.08|4.42|4.67|4.75|4.75|4.25|4.33|4.17|4.00|4.00
FISHBEIN LESLIE|01:050:359:01|4.50|4.50|3.86|4.13|4.25|4.00|4.50|3.25|4.00|4.00|3.88|4.38|4.38
Lee R.|01:050:377:01|4.88|4.50|4.71|4.69|4.59|4.75|4.65|4.24|4.71|4.53|4.57|4.38|4.75|4.36|4.57|4.79
FLEETWOOD NICOLE|01:050:389:01|4.78|5.00|5.00|4.88|4.56|4.44|4.88|4.00|4.89|4.78
FISHBEIN LESLIE|01:050:487:01|4.56|4.11|3.67|4.78|4.11|4.11|3.78|3.33|4.22|3.56|4.11|4.56|4.44
