Vershon A|NONE|4.62|4.32|4.29|4.30|4.18|4.26|4.50|4.21|4.18|4.29
Sakenko Kyle|NONE|4.62|4.32|4.29|4.30|4.18|4.26|4.50|4.21|4.18|4.29
Parent Janet|NONE|4.62|4.32|4.29|4.30|4.18|4.26|4.50|4.21|4.18|4.29
Deis F|01:694:301:01|4.14|4.29|4.09|4.43|4.41|4.07|4.23|3.80|4.06|4.04|4.32|4.27|3.71
Deis F.|01:694:301:02|4.14|4.29|4.09|4.43|4.41|4.07|4.23|3.80|4.06|4.04|4.32|4.27|3.71
GUNDERSON SAMUEL|01:694:383:01|4.32|4.25|4.07|4.07|3.64|3.89|4.11|4.04|3.96|4.00
Deis F|01:694:407:01|3.91|3.67|3.44|3.66|3.77|3.29|3.70|3.79|3.26|3.47|4.15|4.20|3.84
Severinov Konstantin|01:694:407:01|3.91|3.67|3.44|3.66|3.77|3.29|3.70|3.79|3.26|3.47
Niederman Robert|01:694:407:01|3.91|3.67|3.44|3.66|3.77|3.29|3.70|3.79|3.26|3.47
MATSUMURA FUMIO|01:694:411:01|4.44|4.32|4.18|4.55|4.75|4.00|4.06|3.93|3.85|3.97
GABRIEL ABRAM|01:694:411:01|4.44|4.32|4.18|4.55|4.75|4.00|4.06|3.93|3.85|3.97
ANDERSON STEPHAN|01:694:411:01|4.44|4.32|4.18|4.55|4.75|4.00|4.06|3.93|3.85|3.97
