Rodgers Y.|01:988:101:02|4.18|4.24|4.32|4.31|4.21|4.03|3.92|3.30|4.01|3.96
Lamaster J.|01:988:101:03|4.18|4.24|4.32|4.31|4.21|4.03|3.92|3.30|4.01|3.96
Nazombe E.|01:988:101:10|4.18|4.24|4.32|4.31|4.21|4.03|3.92|3.30|4.01|3.96
Sandler K.|01:988:101:12|4.18|4.24|4.32|4.31|4.21|4.03|3.92|3.30|4.01|3.96
Georges C.|01:988:130:01|4.43|4.50|4.41|4.55|4.46|4.24|4.02|3.04|4.28|4.03
Angevine S.|01:988:130:06|4.43|4.50|4.41|4.55|4.46|4.24|4.02|3.04|4.28|4.03
Agans C.|01:988:130:07|4.43|4.50|4.41|4.55|4.46|4.24|4.02|3.04|4.28|4.03
Zundl E.|01:988:130:08|4.43|4.50|4.41|4.55|4.46|4.24|4.02|3.04|4.28|4.03
Kalinsky Y.|01:988:130:09|4.43|4.50|4.41|4.55|4.46|4.24|4.02|3.04|4.28|4.03
Kalinsky Y.|01:988:130:10|4.43|4.50|4.41|4.55|4.46|4.24|4.02|3.04|4.28|4.03
Gougon D.|01:988:130:11|4.43|4.50|4.41|4.55|4.46|4.24|4.02|3.04|4.28|4.03
Gough-Gordon|01:988:130:12|4.43|4.50|4.41|4.55|4.46|4.24|4.02|3.04|4.28|4.03
Beetham G.|01:988:130:13|4.43|4.50|4.41|4.55|4.46|4.24|4.02|3.04|4.28|4.03
Jesionka N.|01:988:130:14|4.43|4.50|4.41|4.55|4.46|4.24|4.02|3.04|4.28|4.03
Hashemi M.|01:988:130:15|4.43|4.50|4.41|4.55|4.46|4.24|4.02|3.04|4.28|4.03
Reyes Rosanna|01:988:130:16|4.43|4.50|4.41|4.55|4.46|4.24|4.02|3.04|4.28|4.03
Leung K.|01:988:130:18|4.43|4.50|4.41|4.55|4.46|4.24|4.02|3.04|4.28|4.03
Dasgupta A.|01:988:130:19|4.43|4.50|4.41|4.55|4.46|4.24|4.02|3.04|4.28|4.03
Loeb J.|01:988:130:20|4.43|4.50|4.41|4.55|4.46|4.24|4.02|3.04|4.28|4.03
Sanon-Jules L|01:988:130:22|4.43|4.50|4.41|4.55|4.46|4.24|4.02|3.04|4.28|4.03
Whitney S.|01:988:130:23|4.43|4.50|4.41|4.55|4.46|4.24|4.02|3.04|4.28|4.03
Hawkesworth M.|01:988:201:01|5.00|5.00|4.90|5.00|5.00|4.89|4.65|4.55|4.85|4.85
Alexander-Floyd|01:988:202:01|4.45|4.14|4.38|4.41|4.10|4.17|4.28|3.69|4.07|4.00
Aizura A.|01:988:202:02|4.45|4.14|4.38|4.41|4.10|4.17|4.28|3.69|4.07|4.00
Mackendrick|01:988:216:01|4.74|4.72|4.53|4.70|4.65|4.32|4.33|4.14|4.47|4.47
Jackson-Brewer|01:988:235:01|4.50|4.80|4.65|4.75|4.65|4.55|4.60|4.45|4.50|4.55
Schuller K.|01:988:240:01|4.50|4.75|4.50|4.75|4.75|4.00|4.50|4.00|4.75|4.25
Athanassakis Y.|01:988:250:01|5.00|5.00|5.00|5.00|4.67|5.00|5.00|4.33|5.00|5.00
Taner S.|01:988:252:01|3.67|3.67|3.67|3.67|3.67|3.67|3.67|3.33|3.33|3.33
Griefen Kat|01:988:255:01|0.00|0.00|0.00|0.00|0.00|0.00|0.00|0.00|0.00|0.00
Griefen Kat|01:988:255:02|0.00|0.00|0.00|0.00|0.00|0.00|0.00|0.00|0.00|0.00
Griefen Kat|01:988:255:03|0.00|0.00|0.00|0.00|0.00|0.00|0.00|0.00|0.00|0.00
Stephens M.|01:988:265:01|5.00|5.00|5.00|5.00|3.50|4.67|4.00|3.00|5.00|4.67|4.00|5.00|5.00|4.50|3.50|3.50
Brooks E.|01:988:270:01|3.64|4.14|4.23|4.38|4.33|3.77|3.68|3.80|3.73|3.69|3.41
Lee E.|01:988:270:01|3.64|4.14|4.23|4.38|4.33|3.77|3.68|3.80|3.73|3.69
Lee E.|01:988:270:03|3.64|4.14|4.23|4.38|4.33|3.77|3.68|3.80|3.73|3.69
Lee E.|01:988:270:04|3.64|4.14|4.23|4.38|4.33|3.77|3.68|3.80|3.73|3.69
Brooks E.|NONE|3.64|4.14|4.23|4.38|4.33|3.77|3.68|3.80|3.73|3.69
Springer|01:988:272:01|4.79|4.80|4.76|4.85|4.70|4.60|4.55|4.00|4.63|4.54
Angevine S.|01:988:299:01|3.92|4.00|4.83|4.67|4.50|4.42|4.17|4.50|3.92|4.08
Asaka I|01:988:301:01|4.75|4.75|4.63|4.88|4.75|4.38|4.75|4.25|4.38|4.38
Otasevic S.|01:988:302:01|3.71|3.67|3.81|4.48|3.95|3.62|3.81|3.67|3.48|3.38
Salime Z.|01:988:303:01|4.43|4.43|4.50|4.50|4.07|4.00|4.14|3.93|4.07|4.07
Tate G|01:988:306:01|4.75|4.75|4.75|4.75|4.75|4.67|4.75|4.58|4.58|4.55
Carter R.|01:988:307:01|4.78|4.44|4.11|4.33|4.56|4.33|4.11|3.44|4.22|4.22
Rizzo D.|01:988:307:02|4.78|4.44|4.11|4.33|4.56|4.33|4.11|3.44|4.22|4.22
Nisbet E.|01:988:309:03|4.05|4.05|4.24|4.33|4.33|4.38|4.20|3.86|3.95|3.85|4.65|4.70|4.50|4.55|4.80|3.21
Gossy M.|01:988:318:01|4.25|4.90|4.95|4.95|5.00|4.95|4.90|4.30|4.80|4.80
Rajan J.|01:988:329:02|4.88|4.88|4.88|4.88|4.75|4.88|4.88|4.50|4.88|4.88
Cohen E.|01:988:331:01|4.60|4.50|4.60|4.40|4.50|4.00|4.10|4.40|4.30|4.40
Sanbonmatsu K|01:988:336:01|4.18|3.84|4.03|4.06|4.22|3.70|3.70|3.82|3.64|3.67
Bunch C.|01:988:344:01|4.50|4.63|4.63|4.63|4.63|4.38|4.50|4.38|4.63|4.50
Schuster S.|01:988:354:01|4.17|3.50|4.00|3.00|2.67|3.17|3.67|3.83|3.17|3.00
Cohen E.|01:988:368:01|4.73|4.55|4.82|4.73|4.73|4.36|4.36|4.64|4.36|4.36
Kaplan Temma|01:988:372:01|3.75|4.00|3.50|4.50|3.38|3.38|3.88|3.00|3.50|3.63
Miller Allison|01:988:380:01|4.15|4.62|4.08|4.54|4.08|3.77|4.00|3.46|3.85|3.85
Gulya J.|01:988:382:01|4.83|4.83|4.39|4.94|4.72|4.72|4.39|3.50|4.67|4.50|4.86|4.38|4.57|4.36|4.14|4.14
Sadoff D.|01:988:383:01|4.71|4.71|4.71|4.86|4.67|4.43|4.57|3.71|4.57|4.57|4.20|3.67|4.80|3.86|3.57|3.57
Dekoven M.|01:988:386:01|4.00|3.75|3.88|4.13|2.64|3.54|3.42|4.13|3.58|3.50|2.53|3.50|2.71|3.57|4.23|4.41
Gerson J.|01:988:396:01|4.45|4.55|4.55|4.55|4.47|4.42|4.46|3.87|4.55|4.61
Hewitt Nancy|01:988:396:02|4.45|4.55|4.55|4.55|4.47|4.42|4.46|3.87|4.55|4.61
Baldi|01:988:396:03|4.45|4.55|4.55|4.55|4.47|4.42|4.46|3.87|4.55|4.61
Monk J.|01:988:396:04|4.45|4.55|4.55|4.55|4.47|4.42|4.46|3.87|4.55|4.61
Busia A.|01:988:396:06|4.45|4.55|4.55|4.55|4.47|4.42|4.46|3.87|4.55|4.61|4.00|4.00
Coogan-Gehr K|01:988:396:90|4.45|4.55|4.55|4.55|4.47|4.42|4.46|3.87|4.55|4.61
Trigg M.|01:988:399:01|5.00|5.00|5.00|5.00|5.00|5.00|5.00|5.00
Trigg M.|01:988:430:01|4.90|4.90|4.80|4.90|4.90|4.90|4.80|4.90|4.80|4.80
Hughes M.|01:988:440:01|4.52|4.78|4.87|4.78|4.43|4.57|4.65|4.36|4.57|4.57
Butts A.|01:988:440:02|4.52|4.78|4.87|4.78|4.43|4.57|4.65|4.36|4.57|4.57
Gossy M.|01:988:491:01|4.42|4.83|4.92|5.00|4.91|4.67|4.58|4.25|4.75|4.67
Cooper B.|01:988:497:01|5.00|5.00|5.00|5.00|5.00|5.00|5.00|5.00|5.00|5.00
