JACKSONBREWER KARLA|01:014:103:01|4.62|4.68|4.71|4.69|4.45|4.50|4.52|3.78|4.65|4.52
BONADIE DENNISTON|01:014:103:02|4.62|4.68|4.71|4.69|4.45|4.50|4.52|3.78|4.65|4.52|3.50|4.00
SHUFORD DEBORAH|01:014:132:01|3.17|2.78|4.05|3.87|3.78|3.43|3.22|3.48|3.13|3.41|4.00
GARDINER M|01:014:212:01|5.00|4.88|4.88|5.00|5.00|4.75|5.00|4.13|4.63|4.63
REED SAMUEL|01:014:230:01|4.00|4.35|4.42|4.44|4.48|4.19|4.12|4.11|4.00|4.04
RICHMOND V|01:014:240:01|3.36|3.33|4.07|3.87|3.27|3.47|3.27|2.80|3.13|3.27
GRIMMET M|01:014:255:01|4.60|4.25|4.50|4.75|4.75|4.40|4.25|4.00|4.20|4.25
WHITNEY JAMES|01:014:258:01|4.29|4.38|4.59|4.59|4.36|4.29|4.53|3.76|4.47|4.57
BROWN TIMOTHY|01:014:269:01|4.80|5.00|5.00|5.00|4.60|4.80|4.75|4.20|4.80|4.50
NASH MIKAL|01:014:274:01|3.33|4.67|4.33|4.80|4.67|3.83|4.50|3.83|3.83|3.83
BROWN TIMOTHY|01:014:301:01|4.71|4.67|4.85|4.68|4.70|4.68|4.70|4.05|4.78|4.62|4.67|5.00|5.00|5.00|5.00|5.00|5.00|5.00|5.00
ALEXIS YVELINE|01:014:301:02|4.71|4.67|4.85|4.68|4.70|4.68|4.70|4.05|4.78|4.62
Monk J.|01:014:301:04|4.50|4.50|4.50|4.50|4.50|4.50|4.50|3.50|4.50|4.50
PLUMMER JOEL|01:014:301:06|4.71|4.67|4.85|4.68|4.70|4.68|4.70|4.05|4.78|4.62|4.67|5.00|5.00|5.00|5.00|5.00|5.00|5.00|5.00
RICHMOND VONDELL|01:014:301:07|4.71|4.67|4.85|4.68|4.70|4.68|4.70|4.05|4.78|4.62
SHOFORD DEBORAH|01:014:301:09|4.71|4.67|4.85|4.68|4.70|4.68|4.70|4.05|4.78|4.62
GRIER A|01:014:304:01|3.52|3.49|3.91|3.54|3.61|3.55|3.56|3.84|3.40|3.51|5.00
GRIER APRIL|01:014:304:02|3.52|3.49|3.91|3.54|3.61|3.55|3.56|3.84|3.40|3.51|5.00
Tate G|01:014:306:01|4.75|4.75|4.75|4.75|4.75|4.67|4.75|4.58|4.58|4.55
GRIMMET M|01:014:321:01|4.67|5.00|4.86|5.00|5.00|4.57|5.00|3.86|4.57|4.86
WHITNEY JAMES|01:014:323:01|4.67|4.67|5.00|4.67|5.00|4.33|4.67|4.67|4.67|4.67
JOHNSON WALTON|01:014:330:01|5.00|5.00|5.00|5.00|3.75|5.00|5.00|4.00|4.75|4.75
KHAN KAMAL|01:014:347:01|4.54|3.92|4.67|4.13|4.42|4.00|4.46|3.75|4.13|4.22
DETRAVIUS BETHEA|01:014:349:01|4.00|4.50|4.63|4.43|4.83|4.29|4.38|3.13|4.25|4.00
DAVIS W|01:014:349:01|4.00|4.50|4.63|4.43|4.83|4.29|4.38|3.13|4.25|4.00
PAXTON J|01:014:355:01|4.50|4.42|4.53|4.58|4.58|4.47|4.42|3.79|4.53|4.58
WASH MIKAL|01:014:357:01|3.33|5.00|5.00|4.67|4.67|5.00|4.67|4.33|4.33|4.67
FISHBEIN LESLIE|01:014:359:01|4.00|3.00|3.00|3.00|3.00|4.00|4.00|2.00|4.00|4.00|3.00|5.00|3.00
GARDINER M|01:014:362:01|4.67|4.40|4.67|4.67|4.67|4.50|4.67|4.67|4.67|4.60
GRIER A|01:014:363:01|4.07|4.67|4.53|4.71|4.40|4.33|4.33|4.13|4.07|4.23|5.00
JOHNSON WALTON|01:014:371:01|3.67|4.50|4.50|4.17|3.40|4.33|4.20|4.80|4.25|4.00
BONADIE DENNISTON|01:014:376:01|5.00|4.86|5.00|5.00|5.00|5.00|5.00|4.43|5.00|5.00
HOVE EMMANUEL|01:014:380:01|5.00|5.00|5.00|5.00|5.00|5.00|5.00|4.50|5.00|4.75
Geller Peter|01:014:381:01|4.78|4.56|4.89|5.00|5.00|4.89|4.89|4.89|4.44|4.67
REED SAMUEL|01:014:383:01|4.67|4.83|4.67|4.83|4.40|4.17|4.67|4.57|4.43|4.29
PRISOCK LOUIS|01:014:384:01|5.00|5.00|5.00|5.00|4.57|5.00|5.00|4.00|4.86|4.71
Butler Kim|01:014:410:01|4.86|4.86|5.00|4.86|4.86|5.00|4.86|3.86|4.86|4.86
BROWN TIMOTHY|01:014:423:01|4.80|4.50|5.00|4.75|4.75|4.75|4.75|3.75|5.00|5.00
Kwate Naa Oyo|01:014:436:01|4.00|4.33|4.00|4.00|4.00|3.67|3.67|2.67|3.33|3.67
WHITNEY JAMES|01:014:481:01|4.67|4.93|4.93|4.71|4.40|4.54|4.77|4.14|4.77|4.57
BUTLER KIM|01:014:490:01|4.64|4.77|4.81|4.80|4.83|4.60|4.76|4.00|4.68|4.83
REED SAMUEL|01:014:490:02|4.64|4.77|4.81|4.80|4.83|4.60|4.76|4.00|4.68|4.83
