Sellwood J.|01:750:109:01|4.70|4.53|4.48|4.60|4.57|4.30|4.22|3.71|4.40|4.29|4.71|3.56|4.13|4.18|4.71|3.75
Keeton C.|01:750:109:02|4.70|4.53|4.48|4.60|4.57|4.30|4.22|3.71|4.40|4.29|4.71|3.56|4.13|4.18|4.71|3.75
Jha S.|01:750:110:01|4.93|4.80|4.84|4.85|4.69|4.65|4.70|4.28|4.77|4.67|4.95|4.62|4.44|4.66|4.90|3.65
Brahmia S.|NONE|4.52|4.52|4.42|4.59|4.44|4.36|4.28|4.15|4.25|4.27|4.93|3.23|4.34|3.94|4.46|3.70
Zimmermann F.|01:750:123:01|4.33|4.05|4.03|4.19|4.11|3.73|3.47|3.72|3.62|3.67|4.47|3.18|3.68|3.42|4.27|3.59
Basirnia A.|01:750:123:02|4.16|4.08|4.03|4.11|4.24|3.84|3.73|3.85|3.86|3.76|4.46|3.73
Basirnia A.|01:750:123:06|4.16|4.08|4.03|4.11|4.24|3.84|3.73|3.85|3.86|3.76|4.46|3.73
Basirnia A.|01:750:123:08|4.16|4.08|4.03|4.11|4.24|3.84|3.73|3.85|3.86|3.76|4.46|3.73
Chandra P.|01:750:123:16|4.16|4.08|4.03|4.11|4.24|3.84|3.73|3.85|3.86|3.76|4.46|3.73
Zimmermann F.|01:750:123:22|4.33|4.05|4.03|4.19|4.11|3.73|3.47|3.72|3.62|3.67|4.47|3.18|3.68|3.42|4.27|3.59
Basirnia A.|01:750:123:22|4.16|4.08|4.03|4.11|4.24|3.84|3.73|3.85|3.86|3.76|4.46|3.73
Kloet W.|01:750:161:01|3.82|3.49|3.30|3.65|3.93|3.35|3.28|2.94|3.33|3.32|3.44|3.09
Viswanath S.|01:750:161:02|3.82|3.49|3.30|3.65|3.93|3.35|3.28|2.94|3.33|3.32|3.44|3.09
Viswanath S.|01:750:161:04|3.82|3.49|3.30|3.65|3.93|3.35|3.28|2.94|3.33|3.32|3.44|3.09
Viswanath S.|01:750:161:06|3.82|3.49|3.30|3.65|3.93|3.35|3.28|2.94|3.33|3.32|3.44|3.09
Schnetzer S.|01:750:161:06|4.00|4.04|3.96|4.29|4.02|3.72|3.52|2.88|3.68|3.54|4.50|3.54|3.77|3.78|4.05|3.59
Gomez A.|01:750:161:07|3.82|3.49|3.30|3.65|3.93|3.35|3.28|2.94|3.33|3.32|3.44|3.09
Gentile M.|01:750:193:01|4.35|4.31|4.26|4.53|4.29|4.14|4.10|3.35|4.17|4.18|4.84|3.86
Gentile M.|01:750:193:01|4.79|4.81|4.78|4.85|4.61|4.65|4.45|3.43|4.65|4.46|4.99|3.71|4.04|4.19|4.19|3.79
Davenport T|01:750:193:02|4.35|4.31|4.26|4.53|4.29|4.14|4.10|3.35|4.17|4.18|4.84|3.86
Lai J|01:750:193:03|4.35|4.31|4.26|4.53|4.29|4.14|4.10|3.35|4.17|4.18|4.84|3.86
Smith J|01:750:193:04|4.35|4.31|4.26|4.53|4.29|4.14|4.10|3.35|4.17|4.18|4.84|3.86
Kalu H|01:750:193:06|4.35|4.31|4.26|4.53|4.29|4.14|4.10|3.35|4.17|4.18|4.84|3.86
Resnick E|01:750:193:09|4.35|4.31|4.26|4.53|4.29|4.14|4.10|3.35|4.17|4.18|4.84|3.86
Gentile M.|01:750:193:20|4.64|4.57|4.52|4.76|4.55|4.56|4.38|3.50|4.50|4.36|4.88|4.27|4.08|4.00|2.98|3.77|4.02
Zubrzycki W.|01:750:193:22|4.64|4.57|4.52|4.76|4.55|4.56|4.38|3.50|4.50|4.36|4.88|4.27|4.08|4.00|2.98|3.77|4.02
Lai J|01:750:193:23|4.64|4.57|4.52|4.76|4.55|4.56|4.38|3.50|4.50|4.36|4.88|4.27|4.08|4.00|2.98|3.77|4.02
Davenport T|01:750:193:26|4.64|4.57|4.52|4.76|4.55|4.56|4.38|3.50|4.50|4.36|4.88|4.27|4.08|4.00|2.98|3.77|4.02
Smith J|01:750:193:27|4.64|4.57|4.52|4.76|4.55|4.56|4.38|3.50|4.50|4.36|4.88|4.27|4.08|4.00|2.98|3.77|4.02
Wright N|01:750:193:28|4.64|4.57|4.52|4.76|4.55|4.56|4.38|3.50|4.50|4.36|4.88|4.27|4.08|4.00|2.98|3.77|4.02
Kalu H|01:750:193:30|4.64|4.57|4.52|4.76|4.55|4.56|4.38|3.50|4.50|4.36|4.88|4.27|4.08|4.00|2.98|3.77|4.02
Brahmia A.|NONE|4.87|4.89|4.87|4.93|4.69|4.78|4.75|3.75|4.80|4.69|4.65|3.36|4.45|4.30|4.69|3.89
Liu W.|NONE|4.10|4.12|3.83|4.16|4.38|3.94|4.04|3.35|3.84|4.00|4.15|3.74
Liu W.|NONE|4.10|4.12|3.83|4.16|4.38|3.94|4.04|3.35|3.84|4.00|4.15|3.74
Brahmia A.|01:750:203:01|4.93|4.84|4.88|4.90|4.69|4.80|4.70|3.84|4.82|4.62|4.79|3.49|4.29|4.37|4.80|4.01
Dieguez O|01:750:203:02|3.99|3.87|3.82|4.09|3.95|3.68|3.70|3.42|3.61|3.70|4.23
Yin Q|01:750:203:04|3.99|3.87|3.82|4.09|3.95|3.68|3.70|3.42|3.61|3.70|4.23
Dieguez O|01:750:203:05|3.99|3.87|3.82|4.09|3.95|3.68|3.70|3.42|3.61|3.70|4.23
Brahmia A.|01:750:203:13|4.93|4.84|4.88|4.90|4.69|4.80|4.70|3.84|4.82|4.62|4.79|3.49|4.29|4.37|4.80|4.01
Friedan D.|01:750:204:05|3.87|4.18|4.07|4.40|4.29|3.85|3.77|3.45|3.74|3.68|4.73|4.08|4.19|4.58|4.18|3.67
Marthi S|01:750:205:01|3.97|3.84|3.68|4.10|4.07|3.73|3.52|3.35|3.62|3.63|3.65|3.75|3.99|3.67|2.60|3.23|3.23
Viswanath S|01:750:205:02|3.97|3.84|3.68|4.10|4.07|3.73|3.52|3.35|3.62|3.63|3.65|3.75|3.99|3.67|2.60|3.23|3.23
McGarvey J.|01:750:205:06|3.97|3.84|3.68|4.10|4.07|3.73|3.52|3.35|3.62|3.63|3.65|3.75|3.99|3.67|2.60|3.23|3.23
Marthi S|01:750:205:07|3.97|3.84|3.68|4.10|4.07|3.73|3.52|3.35|3.62|3.63|3.65|3.75|3.99|3.67|2.60|3.23|3.23
Viswanath S|01:750:205:09|3.97|3.84|3.68|4.10|4.07|3.73|3.52|3.35|3.62|3.63|3.65|3.75|3.99|3.67|2.60|3.23|3.23
Yin Q|01:750:205:10|3.97|3.84|3.68|4.10|4.07|3.73|3.52|3.35|3.62|3.63|3.65|3.75|3.99|3.67|2.60|3.23|3.23
Yin Q|01:750:205:14|3.97|3.84|3.68|4.10|4.07|3.73|3.52|3.35|3.62|3.63|3.65|3.75|3.99|3.67|2.60|3.23|3.23
Bhattiprolu N|01:750:205:17|3.97|3.84|3.68|4.10|4.07|3.73|3.52|3.35|3.62|3.63|3.65|3.75|3.99|3.67|2.60|3.23|3.23
Audunoori S|01:750:205:18|3.97|3.84|3.68|4.10|4.07|3.73|3.52|3.35|3.62|3.63|3.65|3.75|3.99|3.67|2.60|3.23|3.23
Audunoori S|01:750:205:20|3.97|3.84|3.68|4.10|4.07|3.73|3.52|3.35|3.62|3.63|3.65|3.75|3.99|3.67|2.60|3.23|3.23
Audunoori S|01:750:205:21|3.97|3.84|3.68|4.10|4.07|3.73|3.52|3.35|3.62|3.63|3.65|3.75|3.99|3.67|2.60|3.23|3.23
Kamat A.|01:750:205:22|3.97|3.84|3.68|4.10|4.07|3.73|3.52|3.35|3.62|3.63|3.65|3.75|3.99|3.67|2.60|3.23|3.23
Kamat A.|01:750:205:23|3.97|3.84|3.68|4.10|4.07|3.73|3.52|3.35|3.62|3.63|3.65|3.75|3.99|3.67|2.60|3.23|3.23
Basirnia A.|01:750:206:02|4.57|4.61|4.46|4.69|4.57|4.48|4.33|3.43|4.46|4.23|4.72|4.31|4.07|3.80|3.02|3.47|3.95
Rajasekaran R|01:750:206:03|4.57|4.61|4.46|4.69|4.57|4.48|4.33|3.43|4.46|4.23|4.72|4.31|4.07|3.80|3.02|3.47|3.95
Rajasekaran R|01:750:206:04|4.57|4.61|4.46|4.69|4.57|4.48|4.33|3.43|4.46|4.23|4.72|4.31|4.07|3.80|3.02|3.47|3.95
Krishnapur M.|01:750:206:05|4.57|4.61|4.46|4.69|4.57|4.48|4.33|3.43|4.46|4.23|4.72|4.31|4.07|3.80|3.02|3.47|3.95
Alba G.|01:750:206:06|4.57|4.61|4.46|4.69|4.57|4.48|4.33|3.43|4.46|4.23|4.72|4.31|4.07|3.80|3.02|3.47|3.95
Rajasekaran R|01:750:206:08|4.57|4.61|4.46|4.69|4.57|4.48|4.33|3.43|4.46|4.23|4.72|4.31|4.07|3.80|3.02|3.47|3.95
Rajasekaran R|01:750:206:09|4.57|4.61|4.46|4.69|4.57|4.48|4.33|3.43|4.46|4.23|4.72|4.31|4.07|3.80|3.02|3.47|3.95
Krishnapur M.|01:750:206:11|4.57|4.61|4.46|4.69|4.57|4.48|4.33|3.43|4.46|4.23|4.72|4.31|4.07|3.80|3.02|3.47|3.95
Cizewski J.|01:750:227:01|4.10|4.17|4.01|4.25|4.21|3.94|3.94|3.67|3.90|3.84|4.34
Gershenson M.|01:750:227:01|4.21|4.07|3.84|4.20|4.05|3.59|3.72|3.57|3.59|3.58|3.88|3.87|3.76|3.63|3.90|3.61
Dai W.|01:750:227:07|4.10|4.17|4.01|4.25|4.21|3.94|3.94|3.67|3.90|3.84|4.34
Gershenson M.|01:750:227:11|4.21|4.07|3.84|4.20|4.05|3.59|3.72|3.57|3.59|3.58|3.88|3.87|3.76|3.63|3.90|3.61
Cizewski J|01:750:227:11|4.10|4.17|4.01|4.25|4.21|3.94|3.94|3.67|3.90|3.84|4.34
Yin Q|01:750:229:01|3.95|3.88|3.72|4.14|4.23|3.75|3.49|3.43|3.56|3.49|3.38|3.59|3.74|3.40|2.57|3.17|3.08
Singh J|01:750:229:05|3.95|3.88|3.72|4.14|4.23|3.75|3.49|3.43|3.56|3.49|3.38|3.59|3.74|3.40|2.57|3.17|3.08
Singh J|01:750:229:08|3.95|3.88|3.72|4.14|4.23|3.75|3.49|3.43|3.56|3.49|3.38|3.59|3.74|3.40|2.57|3.17|3.08
Balasubramanian V.|01:750:229:13|3.95|3.88|3.72|4.14|4.23|3.75|3.49|3.43|3.56|3.49|3.38|3.59|3.74|3.40|2.57|3.17|3.08
Balasubramanian V.|01:750:229:16|3.95|3.88|3.72|4.14|4.23|3.75|3.49|3.43|3.56|3.49|3.38|3.59|3.74|3.40|2.57|3.17|3.08
Kathari Y|01:750:229:20|3.95|3.88|3.72|4.14|4.23|3.75|3.49|3.43|3.56|3.49|3.38|3.59|3.74|3.40|2.57|3.17|3.08
Singh J|01:750:229:25|3.95|3.88|3.72|4.14|4.23|3.75|3.49|3.43|3.56|3.49|3.38|3.59|3.74|3.40|2.57|3.17|3.08
Dai W.|NONE|4.31|4.32|3.92|4.45|4.52|3.95|3.81|3.68|3.92|3.92|3.66
Salur S.|NONE|4.53|4.35|4.29|4.70|4.63|4.21|4.16|3.88|4.10|4.09|3.93|3.84|4.30|3.93|4.60|3.84
Dai W.|NONE|4.31|4.32|3.92|4.45|4.52|3.95|3.81|3.68|3.92|3.92|3.66
Dai W.|NONE|4.31|4.32|3.92|4.45|4.52|3.95|3.81|3.68|3.92|3.92|3.66
Dai W.|NONE|4.31|4.32|3.92|4.45|4.52|3.95|3.81|3.68|3.92|3.92|3.66
Chou JP|NONE|4.30|4.37|4.46|4.59|4.58|4.09|4.37|4.30|4.04|4.33|4.89|3.77|4.46|3.74|3.65|3.65
Blumberg G.|NONE|4.00|3.69|3.45|4.01|3.93|3.63|3.34|3.41|3.62|3.37|4.00|3.70|3.75|3.10|2.44|3.41|3.24
Blumberg G.|NONE|4.00|3.69|3.45|4.01|3.93|3.63|3.34|3.41|3.62|3.37|4.00|3.70|3.75|3.10|2.44|3.41|3.24
Diaconescu D.|01:750:305:01|4.45|4.09|4.00|4.27|4.18|3.73|3.82|3.64|3.73|3.64|4.55|2.90|3.64|4.36|4.18
Gustafsson T.|01:750:313:01|4.00|4.00|3.92|4.38|4.38|3.85|3.92|4.08|4.00|4.08|4.38|4.23|4.08|3.85|3.15
Mekjian A.|01:750:323:01|3.80|3.56|3.38|3.50|4.36|3.21|3.81|4.06|3.36|3.13|4.31|3.56|3.50|3.23|3.77
Mekjian A.|01:750:323:02|3.80|3.56|3.38|3.50|4.36|3.21|3.81|4.06|3.36|3.13|4.31|3.56|3.50|3.23|3.77
Wu Weida|01:750:326:02|4.50|4.62|4.09|4.62|4.53|4.26|4.15|3.74|4.29|4.00|4.47|4.26|4.28|3.68|2.74|3.21|3.88
Wu W.|01:750:326:03|4.41|4.24|3.56|4.41|4.62|3.94|3.82|3.76|3.85|3.82|3.44|3.37|3.65|3.45|3.32
Gawiser E.|01:750:341:01|4.91|4.91|4.94|5.00|4.67|4.88|4.85|4.74|4.85|4.85|5.00|3.76|4.74|4.88|3.50
Piatek S|01:750:344:01|4.00|4.00|3.88|3.79|3.93|3.69|4.17|4.72|3.81|4.06|4.53|3.47|4.33|3.31|3.37
Pryor C.|01:750:344:01|4.00|4.00|3.88|3.79|3.93|3.69|4.17|4.72|3.81|4.06|4.53|3.47|4.33|3.31|3.37
Podzorov V.|01:750:361:01|4.62|4.54|3.88|4.46|4.44|3.92|4.27|4.62|4.08|4.19|4.65|4.23|4.54|4.73|3.85
Kiryukhin V.|01:750:381:01|4.69|4.28|4.14|4.21|4.59|4.21|4.52|4.52|4.17|4.28|4.69|4.68|4.69|4.52|4.03
Somalwar S.|01:750:385:01|4.85|4.88|4.67|4.91|4.82|4.62|4.65|4.65|4.74|4.71|4.94|4.59|4.68|4.85|3.79
Andrei E.|01:750:387:01|4.00|4.07|3.92|4.08|4.29|4.31|4.21|4.07|4.08|3.86|4.79|4.15|2.71|2.79|3.64|3.79|3.46
Lath A.|01:750:417:01|4.50|4.14|4.21|4.43|4.29|4.43|4.64|4.36|4.07|4.29|4.93|4.71|4.64|5.00|3.79
Matilsky T.|01:750:444:01|5.00|5.00|5.00|5.00|4.75|4.88|4.88|4.88|5.00|5.00|5.00|4.63|4.50|5.00|3.88
Haidvogel D.|01:750:451:01|3.67|4.25|3.92|4.50|4.75|3.75|3.92|4.17|3.75|3.83
Chant B.|01:750:451:01|3.67|4.25|3.92|4.50|4.75|3.75|3.92|4.17|3.75|3.83
