Liu Ruonan|01:214:245:01|4.20|3.97|3.66|4.10|3.80|3.53|3.62|3.19|3.58|3.61
Tschanz Dietrich|01:214:245:01|4.20|3.97|3.66|4.10|3.80|3.53|3.62|3.19|3.58|3.61|3.48
Zhang Yu|01:214:245:02|4.20|3.97|3.66|4.10|3.80|3.53|3.62|3.19|3.58|3.61
Ning Jing|01:214:245:03|4.20|3.97|3.66|4.10|3.80|3.53|3.62|3.19|3.58|3.61
Park Sungmin|01:214:245:04|4.20|3.97|3.66|4.10|3.80|3.53|3.62|3.19|3.58|3.61
Liu Ruonan|01:214:245:05|4.20|3.97|3.66|4.10|3.80|3.53|3.62|3.19|3.58|3.61
Zhang Yu|01:214:245:07|4.20|3.97|3.66|4.10|3.80|3.53|3.62|3.19|3.58|3.61
Ning Jing|01:214:245:08|4.20|3.97|3.66|4.10|3.80|3.53|3.62|3.19|3.58|3.61
Park Sungmin|01:214:245:09|4.20|3.97|3.66|4.10|3.80|3.53|3.62|3.19|3.58|3.61
Cho Young-mee|01:214:310:01|3.93|4.13|4.29|4.53|4.60|4.33|4.53|4.27|4.00|4.20
