Tartakoff Paola|01:510:101:01|4.46|4.49|4.24|4.59|4.16|4.14|4.12|4.03|4.11|4.09
Tartakoff Paola|01:510:101:01|4.46|4.49|4.24|4.59|4.16|4.14|4.12|4.03|4.11|4.09
DeVun Leah|01:510:101:07|4.46|4.49|4.24|4.59|4.16|4.14|4.12|4.03|4.11|4.09
DeVun Leah|01:510:101:08|4.46|4.49|4.24|4.59|4.16|4.14|4.12|4.03|4.11|4.09
Van Der Meer Arnout|01:510:101:09|4.46|4.49|4.24|4.59|4.16|4.14|4.12|4.03|4.11|4.09
Van Der Meer Arnout|01:510:101:11|4.46|4.49|4.24|4.59|4.16|4.14|4.12|4.03|4.11|4.09
Jones Jennifer|01:510:102:03|4.50|4.75|4.75|4.92|4.42|4.67|4.67|4.75|4.67|4.50
Figueira Tom|01:510:201:01|4.53|4.41|4.12|4.59|4.47|4.00|4.18|4.06|4.12|4.12
Di Battista Anthony|01:510:209:01|4.88|4.84|4.91|4.94|4.75|4.71|4.75|4.16|4.88|4.81
Di Battista Anthony|01:510:209:03|4.88|4.84|4.91|4.94|4.75|4.71|4.75|4.16|4.88|4.81
Surkis Judith|01:510:224:01|4.44|4.78|4.67|4.78|4.89|4.44|4.44|3.56|4.44|4.56
Hanebrink Paul|01:510:261:01|4.75|4.70|4.66|4.61|4.16|4.47|4.67|4.57|4.57|4.61
Wasdin Katherine|01:510:300:01|4.22|4.26|4.17|4.52|4.43|3.91|4.09|4.00|4.09|4.09
Morrison Karl|01:510:309:01|3.43|3.14|3.14|4.14|3.29|3.14|3.00|3.71|3.00|3.29
Morrison Karl|01:510:315:01|4.80|4.40|4.80|4.80|5.00|4.60|5.00|4.20|4.80|4.60
Di Battista Anthony|01:510:319:01|4.93|5.00|4.93|5.00|4.64|4.93|4.93|4.00|5.00|4.86
Figueira Tom|01:510:320:01|4.33|4.50|4.50|4.50|4.50|3.50|4.00|3.17|4.33|4.17
Mack Phyllis|01:510:321:01|4.07|4.20|4.53|4.67|4.50|4.23|4.23|3.93|3.97|4.07
Feinberg Melissa|01:510:327:01|4.53|4.13|4.13|4.33|4.13|4.00|4.29|4.27|3.87|3.93
Surkis Judith|01:510:335:01|4.58|4.83|4.17|4.83|4.92|4.33|4.58|4.25|4.42|4.25
Davis Belinda|01:510:363:01|4.43|4.57|4.14|4.79|4.64|3.93|3.93|4.21|4.00|3.93
Hellbeck Jochen|01:510:373:01|4.23|4.50|4.00|4.55|4.00|3.95|4.05|4.14|4.09|3.82
Galili Ziva|01:510:378:01|4.00|4.25|4.00|4.00|4.00|4.00|4.00|3.25|3.75|3.75
Hanebrink Paul|01:510:381:01|4.76|4.76|4.65|4.71|4.71|4.71|4.76|4.12|4.71|4.65
Fishkin D.|01:510:388:01|4.50|5.00|4.83|5.00|4.83|4.50|4.83|3.67|4.83|4.50
Hellbeck Jochen|01:510:391:01|4.82|4.87|4.84|4.87|4.53|4.50|4.63|4.50|4.71|4.61
Petursson S.|01:510:391:02|4.82|4.87|4.84|4.87|4.53|4.50|4.63|4.50|4.71|4.61
