MCDOWELL DOUGLAS|01:920:101:01|4.32|4.14|4.12|4.29|4.22|3.85|3.80|3.47|3.92|3.88
WINEBERG HOWARD|01:920:101:04|4.32|4.14|4.12|4.29|4.22|3.85|3.80|3.47|3.92|3.88|4.67|4.33|4.33|4.33|4.50|4.33|4.33|4.33|4.33
CLARKE LEE|01:920:101:06|4.32|4.14|4.12|4.29|4.22|3.85|3.80|3.47|3.92|3.88|4.67
DEVGAN SHRUTI|01:920:101:72|4.32|4.14|4.12|4.29|4.22|3.85|3.80|3.47|3.92|3.88|4.67|4.33|4.33|4.33|4.50|4.33|4.33|4.33|4.33
PAROW MONIQUE|01:920:103:05|4.66|4.57|4.50|4.57|4.35|4.21|4.09|3.63|4.35|4.24|5.00
Lee Catherine|01:920:108:01|4.25|3.93|3.89|3.74|3.66|3.40|3.58|3.19|3.50|3.44|5.00|5.00|5.00|5.00|5.00|5.00|5.00|5.00|5.00
RAND JOHN|01:920:205:01|4.72|4.77|4.67|4.73|4.63|4.59|4.44|3.89|4.71|4.63|4.00
SALIME|01:920:216:01|3.47|3.32|3.98|3.53|4.00|3.56|3.79|3.25|3.45|3.49
HIRSCHFIELD PAUL|01:920:222:01|4.19|4.06|3.92|4.10|4.20|3.60|3.72|3.93|3.76|3.74|4.33|4.00|4.00|3.00|3.00|3.00|3.00|3.00|3.00
BATEMAN MICHAEL|01:920:222:03|4.19|4.06|3.92|4.10|4.20|3.60|3.72|3.93|3.76|3.74|4.33|4.00|4.00
COVINGTON JEANETTE|01:920:222:04|4.19|4.06|3.92|4.10|4.20|3.60|3.72|3.93|3.76|3.74
BZOSTEK SHARON|01:920:227:01|4.88|4.90|4.76|4.95|4.90|4.59|4.57|3.42|4.68|4.63
HORWITZ ALLAN|01:920:240:00|4.49|4.44|4.49|4.52|4.15|4.12|4.02|4.01|4.27|4.16|5.00
HAREWOOD ANNA|01:920:240:09|4.49|4.44|4.49|4.52|4.15|4.12|4.02|4.01|4.27|4.16
HAREWOOD ANNA|01:920:240:10|4.49|4.44|4.49|4.52|4.15|4.12|4.02|4.01|4.27|4.16|5.00
SMITH DRANDALL|01:920:248:01|4.76|4.32|4.13|4.42|4.38|3.65|4.02|4.08|4.08|3.92|5.00|5.00|5.00|5.00|5.00|5.00|5.00|5.00|5.00
SALIME ZAKIA|01:920:270:01|3.98|4.02|4.37|4.18|3.92|3.90|4.00|3.65|3.92|3.84
Carelli|01:920:272:02|3.95|3.56|3.73|4.03|4.07|3.60|3.56|3.85|3.37|3.49
FRIEDMAN JUDITH|01:920:292:02|4.06|4.16|3.90|4.27|4.10|3.52|3.67|3.33|3.75|3.60
WINEBERG HOWARD|01:920:304:01|3.77|3.76|3.99|3.81|3.71|3.34|3.35|3.85|3.49|3.49|5.00
WILHELMS JEFFREY|01:920:306:01|4.54|4.42|4.36|4.50|4.45|4.16|4.16|3.65|4.26|4.22|5.00|5.00|5.00|5.00|5.00
MITCHELL ELIZABETH|01:920:306:04|4.54|4.42|4.36|4.50|4.45|4.16|4.16|3.65|4.26|4.22|5.00
LAPOINTE|01:920:306:80|0.00|0.00|0.00|0.00|0.00|0.00|0.00|0.00|0.00|0.00
CARELLI LINDA|01:920:307:02|3.73|4.21|4.09|4.52|4.41|3.69|3.86|4.10|3.66|3.79|3.00|4.00|5.00|4.00|3.00|2.00|1.00|2.00|3.00
HAREWOOD ANNA|01:920:311:00|4.17|3.81|3.75|4.10|3.92|3.55|3.58|3.18|3.66|3.73|4.00
PHILLIPS JULIE|01:920:311:00|4.17|3.81|3.75|4.10|3.92|3.55|3.58|3.18|3.66|3.73|4.00
LEE CHIOUN|01:920:311:03|4.17|3.81|3.75|4.10|3.92|3.55|3.58|3.18|3.66|3.73|4.00
LEE CHIOUN|01:920:311:04|4.17|3.81|3.75|4.10|3.92|3.55|3.58|3.18|3.66|3.73|4.00
LIN YU SHENG|01:920:311:05|4.17|3.81|3.75|4.10|3.92|3.55|3.58|3.18|3.66|3.73|4.00
LIN YU SHENG|01:920:311:06|4.17|3.81|3.75|4.10|3.92|3.55|3.58|3.18|3.66|3.73
LU WENBO|01:920:311:08|4.17|3.81|3.75|4.10|3.92|3.55|3.58|3.18|3.66|3.73|4.00|4.50|4.00|4.00|5.00
GONDAL NEHA|01:920:312:01|4.56|4.33|3.88|4.28|4.22|4.28|4.06|2.89|4.13|3.94|5.00
MITCHELL ELIZABETH|01:920:313:00|4.56|4.57|4.36|4.62|4.44|4.15|4.18|3.49|4.33|4.24
DAIPHA PHAEDRA|01:920:313:00|4.56|4.57|4.36|4.62|4.44|4.15|4.18|3.49|4.33|4.24|5.00
LAPOINTE ELEANOR|01:920:314:00|4.41|4.36|4.10|4.48|4.19|3.96|4.01|3.34|4.17|4.01
MITCHELL ELIZABETH|01:920:314:00|4.41|4.36|4.10|4.48|4.19|3.96|4.01|3.34|4.17|4.01
LAPOINTE ELEANOR|01:920:314:09|4.41|4.36|4.10|4.48|4.19|3.96|4.01|3.34|4.17|4.01|4.00
MACKENDRICK N|01:920:324:01|4.35|4.44|4.50|4.55|4.43|4.23|4.23|4.05|4.12|4.16
GERSON|01:920:324:03|4.35|4.44|4.50|4.55|4.43|4.23|4.23|4.05|4.12|4.16
WILLIAMS RICHARD|01:920:326:01|4.05|3.77|3.73|3.82|3.59|3.45|3.32|3.18|3.59|3.55
MCDOWELL DOUGLAS|01:920:349:01|4.77|4.71|4.63|4.81|4.69|4.42|4.50|4.02|4.52|4.48
BATEMAN MICHAEL|01:920:349:03|4.77|4.71|4.63|4.81|4.69|4.42|4.50|4.02|4.52|4.48|5.00|5.00|5.00|5.00
SCHUSTER s|01:920:354:01|3.09|1.73|3.18|2.36|2.36|1.82|3.18|4.00|2.18|2.45
Rudel Thomas|01:920:359:01|4.63|4.81|4.63|4.81|4.26|4.11|4.26|3.19|4.54|4.26
COVINGTON JEANETTE|01:920:361:01|4.55|4.14|3.68|3.90|3.48|3.41|4.09|4.14|3.59|3.77
MCCLEAN PAUL|01:920:375:01|4.21|4.48|4.21|4.52|4.38|3.90|4.14|3.00|4.17|4.03
MCCLEAN PAUL|01:920:422:01|4.43|4.41|4.43|4.38|4.37|4.00|4.20|3.41|4.30|4.15
WILLIAMS RICHARD|01:920:422:03|4.43|4.41|4.43|4.38|4.37|4.00|4.20|3.41|4.30|4.15
FRIEDMAN JUDITH|01:920:422:04|4.43|4.41|4.43|4.38|4.37|4.00|4.20|3.41|4.30|4.15
SMITH DRANDALL|01:920:422:05|4.43|4.41|4.43|4.38|4.37|4.00|4.20|3.41|4.30|4.15
ZARUBAVEL EVIATAR|01:920:422:08|4.43|4.41|4.43|4.38|4.37|4.00|4.20|3.41|4.30|4.15
GERSON|01:920:470:01|4.38|4.19|4.38|4.56|4.50|4.38|4.50|3.56|4.44|4.38
