CONDON GEORGE|01:119:117:05|4.86|4.86|4.71|4.86|5.00|4.71|4.57|4.14|4.71|3.86
Yu Tianyi|NONE|4.38|4.20|4.08|4.36|4.01|4.00|4.08|3.87|4.08|3.70
Lee Serom|NONE|4.38|4.20|4.08|4.36|4.01|4.00|4.08|3.87|4.08|3.70
Lee Serom|NONE|4.38|4.20|4.08|4.36|4.01|4.00|4.08|3.87|4.08|3.70
Yu Tianyi|NONE|4.38|4.20|4.08|4.36|4.01|4.00|4.08|3.87|4.08|3.70
Shi Ke|NONE|4.38|4.20|4.08|4.36|4.01|4.00|4.08|3.87|4.08|3.70
Lakshmana-Rao Seema|NONE|4.38|4.20|4.08|4.36|4.01|4.00|4.08|3.87|4.08|3.70
Lakshmana-Rao Seema|NONE|4.38|4.20|4.08|4.36|4.01|4.00|4.08|3.87|4.08|3.70
Ferguson-Kramer Victoria|NONE|4.38|4.20|4.08|4.36|4.01|4.00|4.08|3.87|4.08|3.70
Ferguson-Kramer Victoria|NONE|4.38|4.20|4.08|4.36|4.01|4.00|4.08|3.87|4.08|3.70
Shi Ke|NONE|4.38|4.20|4.08|4.36|4.01|4.00|4.08|3.87|4.08|3.70
Butler Kristie|NONE|4.38|4.20|4.08|4.36|4.01|4.00|4.08|3.87|4.08|3.70
Irizarry Ivelisse|NONE|4.38|4.20|4.08|4.36|4.01|4.00|4.08|3.87|4.08|3.70
Irizarry Ivelisse|NONE|4.38|4.20|4.08|4.36|4.01|4.00|4.08|3.87|4.08|3.70
Butler Kristie|NONE|4.38|4.20|4.08|4.36|4.01|4.00|4.08|3.87|4.08|3.70
TRANSUE G|01:119:117:00|3.88|4.10|4.27|4.25|3.66|4.22|4.23|4.28|3.83|3.62
SKELLY S|01:119:131:01|4.54|4.35|4.19|4.22|3.90|3.66|4.26|3.33|3.85|3.72
HAVILAND MARTHA|01:119:150:01|4.41|4.23|4.22|4.25|3.96|3.85|3.92|3.37|3.90|3.77|4.00
OHLMEYER JOANNA|01:119:150:02|4.41|4.23|4.22|4.25|3.96|3.85|3.92|3.37|3.90|3.77|4.00|3.00|4.00|3.00|4.00|3.00|3.00|4.00|3.00
GLODOWSKI DOREEN|01:119:154:01|4.76|4.71|4.57|4.57|4.39|4.14|4.40|3.39|4.28|4.11
PESCATORE JOHN|01:119:160:02|4.39|4.08|4.00|4.27|4.24|3.86|3.92|3.48|4.02|4.08|4.75|4.67|4.50|4.50|4.50|4.50
SCHJOTT JESSICA|01:119:195:00|4.95|4.75|4.65|4.95|4.95|4.63|4.67|4.05|4.74|4.74
