Hrenko Ilona|01:560:101:03|4.60|4.64|4.77|4.81|4.77|4.62|4.66|4.37|4.51|4.53
Nicosia Roberto|01:560:101:05|4.60|4.64|4.77|4.81|4.77|4.62|4.66|4.37|4.51|4.53
Hrenko Ilona|01:560:101:06|4.60|4.64|4.77|4.81|4.77|4.62|4.66|4.37|4.51|4.53
Hrenko Ilona|01:560:101:07|4.60|4.64|4.77|4.81|4.77|4.62|4.66|4.37|4.51|4.53
DeBevoise David|01:560:101:22|4.60|4.64|4.77|4.81|4.77|4.62|4.66|4.37|4.51|4.53
Nicosia Roberto|01:560:101:23|4.60|4.64|4.77|4.81|4.77|4.62|4.66|4.37|4.51|4.53
Rusnak Matthew|01:560:101:24|4.60|4.64|4.77|4.81|4.77|4.62|4.66|4.37|4.51|4.53
Fallon Loryn|01:560:102:04|4.72|4.75|4.79|4.79|4.72|4.63|4.65|4.60|4.65|4.66
De Feo Rosamaria|01:560:102:22|4.72|4.75|4.79|4.79|4.72|4.63|4.65|4.60|4.65|4.66
Metallo Claudine|01:560:102:24|4.72|4.75|4.79|4.79|4.72|4.63|4.65|4.60|4.65|4.66
Fallon Loryn|01:560:105:01|4.60|4.60|4.00|4.40|4.20|3.80|4.20|4.00|4.00|4.50
Fallon Loryn|01:560:106:01|4.75|5.00|4.50|4.75|4.50|4.50|4.75|4.50|4.75|4.50
Hrenko Ilona|01:560:124:01|4.86|4.71|4.86|5.00|4.86|4.86|4.57|5.00|4.71|4.71
Nikopoulos James|01:560:131:01|4.27|3.92|4.08|4.19|4.00|3.77|4.12|4.50|3.81|3.96
Nicosia Roberto|01:560:132:02|4.49|4.49|4.65|4.70|4.67|4.42|4.42|4.81|4.40|4.37
Nikopoulos James|01:560:232:01|4.71|4.66|4.59|4.77|4.43|4.43|4.60|4.30|4.43|4.43
Borelli Elena|01:560:250:01|4.80|4.80|4.30|4.50|4.50|4.56|4.30|4.60|4.30|4.30
Santoro Lara|01:560:306:01|4.88|5.00|5.00|5.00|4.88|4.38|4.88|4.63|4.88|4.63
Santoro Lara|01:560:322:01|5.00|5.00|5.00|5.00|4.90|4.90|4.78|4.90|5.00|5.00
Pascale Vincenzo|01:560:339:01|3.95|3.85|4.10|4.29|4.50|3.88|3.85|4.00|3.98|3.90
GAMBAROTA PAOLA|01:560:342:01|5.00|5.00|4.67|5.00|4.83|4.83|4.50|4.67|4.83|5.00
Mastrolia Maryann|01:560:348:01|4.67|5.00|5.00|5.00|5.00|4.67|4.67|4.00|4.67|4.67
GAMBAROTA PAOLA|01:560:382:01|4.86|5.00|4.86|5.00|5.00|4.71|4.29|4.14|4.71|4.71
White Laura S.|01:560:391:01|4.91|4.87|4.83|4.96|4.87|4.55|4.65|4.65|4.65|4.61
