Rofheart Mahriana|01:195:101:01|4.61|4.53|4.41|4.66|4.49|4.30|4.05|3.74|4.25|4.19
Sokowski Sandra|01:195:101:03|4.61|4.53|4.41|4.66|4.49|4.30|4.05|3.74|4.25|4.19
Sokowski Sandra|01:195:101:04|4.61|4.53|4.41|4.66|4.49|4.30|4.05|3.74|4.25|4.19
Uhlirova Romana|01:195:150:02|4.19|4.12|4.10|4.28|4.46|3.87|3.80|3.77|3.89|3.82
Rofheart Mahriana|01:195:150:03|4.19|4.12|4.10|4.28|4.46|3.87|3.80|3.77|3.89|3.82
Aloo Enock|01:195:150:05|4.19|4.12|4.10|4.28|4.46|3.87|3.80|3.77|3.89|3.82
Rofheart Mahriana|01:195:150:06|4.19|4.12|4.10|4.28|4.46|3.87|3.80|3.77|3.89|3.82
Toymentsev Sergey|01:195:150:07|4.19|4.12|4.10|4.28|4.46|3.87|3.80|3.77|3.89|3.82
GONZAGOWSKI|01:195:150:90|0.00|0.00|0.00|0.00|0.00|0.00|0.00|0.00|0.00|0.00
Anderson Vaughn|01:195:201:06|4.36|4.45|4.15|4.60|4.45|4.09|4.08|3.70|4.20|4.01
Walker Janet|NONE|4.36|4.45|4.15|4.60|4.45|4.09|4.08|3.70|4.20|4.01
Swenson James|01:195:203:01|4.14|4.49|4.54|4.59|4.27|4.31|4.22|4.00|4.46|4.43
Flieger Jerry|01:195:203:02|4.14|4.49|4.54|4.59|4.27|4.31|4.22|4.00|4.46|4.43
Serrano Richard|01:195:237:01|5.00|5.00|4.75|5.00|5.00|4.88|4.88|4.63|4.75|4.88
Toymentsev Sergey|01:195:244:01|4.17|4.03|3.86|4.41|4.54|3.86|4.03|3.14|4.03|3.79
Toymentsev Sergey|01:195:244:02|4.17|4.03|3.86|4.41|4.54|3.86|4.03|3.14|4.03|3.79
NERLEKAR ANJALI|01:195:306:01|4.80|5.00|5.00|5.00|5.00|5.00|4.80|3.20|4.80|4.80
Cakmak Emrah|01:195:316:01|4.72|4.67|4.28|4.89|4.83|4.50|4.50|4.00|4.33|4.22
Rosenfeld Alla|01:195:316:02|4.72|4.67|4.28|4.89|4.83|4.50|4.50|4.00|4.33|4.22
Walker Steven|01:195:318:01|4.57|4.86|5.00|5.00|5.00|4.86|4.43|4.43|4.86|4.71|5.00|2.00|3.00|3.00|5.00
Sclafani Kathy|01:195:321:90|3.29|3.71|4.14|3.86|3.57|3.29|3.71|3.43|3.43|3.14
Diamond Elin|01:195:327:01|4.11|3.56|3.89|3.33|3.78|3.44|4.11|4.11|3.67|3.78|4.00|4.33|3.00
Walker Janet|01:195:331:01|4.82|4.73|4.64|4.73|4.73|4.55|4.45|4.36|4.82|4.64
Tamura Yurika|01:195:332:01|4.52|4.68|4.72|4.84|4.76|4.56|4.64|4.48|4.56|4.56
Aloo Enock|01:195:335:01|4.25|4.75|4.25|4.75|4.75|4.00|4.25|3.50|4.50|4.00
Gonzalez Carolina|01:195:336:01|3.29|3.57|3.86|3.14|3.43|3.00|2.86|3.57|3.14|3.57
Smith Chadwick|01:195:356:01|4.63|4.75|4.88|4.88|4.63|4.50|4.75|4.50|4.63|4.63
Van Buskirk Emily|01:195:360:01|4.50|4.75|3.00|4.50|4.50|3.13|3.75|3.25|3.38|3.25
Alidou Oussina|01:195:363:01|3.62|4.08|4.23|4.46|4.46|3.85|4.08|4.08|4.08|3.92
Sen Meheli|01:195:377:02|4.56|4.44|4.50|4.56|4.06|4.33|4.22|4.61|4.33|4.33
Sen Meheli|01:195:377:04|4.56|4.44|4.50|4.56|4.06|4.33|4.22|4.61|4.33|4.33
Rennie Nicholas|01:195:395:01|4.68|4.56|4.56|4.88|4.44|4.48|4.64|4.32|4.48|4.48|3.60|5.00
Van Buskirk Emily|01:195:395:02|4.68|4.56|4.56|4.88|4.44|4.48|4.64|4.32|4.48|4.48
Bojanowska Edyta|01:195:396:02|4.92|4.85|4.92|4.92|4.85|4.69|4.77|4.15|4.69|4.77
White Laura|01:195:397:02|4.91|4.87|4.83|4.96|4.87|4.55|4.65|4.65|4.65|4.61
Shandler Jeffrey|01:195:398:01|4.80|5.00|4.80|5.00|5.00|5.00|4.60|4.40|5.00|4.80|5.00
Sprachman Paul|01:195:480:02|5.00|5.00|5.00|5.00|5.00|5.00|5.00|5.00|5.00|5.00
Marcone Jorge|NONE|5.00|5.00|5.00|5.00|5.00|5.00|5.00|5.00|5.00|5.00
Bishop Karen|NONE|5.00|4.86|4.57|5.00|4.50|4.71|4.29|4.83|4.71|4.67
