Mead Parent Janet|01:694:214:01|4.71|4.63|4.49|4.65|4.56|4.54|4.62|4.49|4.50|4.54
Vershon Andrew|01:694:214:01|4.71|4.63|4.49|4.65|4.56|4.54|4.62|4.49|4.50|4.54
Vershon Andrew|01:694:214:01|4.71|4.63|4.49|4.65|4.56|4.54|4.62|4.49|4.50|4.54
Mead Parent Janet|01:694:214:02|4.71|4.63|4.49|4.65|4.56|4.54|4.62|4.49|4.50|4.54
Mead Parent Janet|01:694:214:03|4.71|4.63|4.49|4.65|4.56|4.54|4.62|4.49|4.50|4.54
DEIS FRANK|01:694:301:01|4.19|4.28|4.16|4.37|4.25|3.93|4.20|3.49|4.10|3.96|4.28|4.27|3.53|4.63
DEIS FRANK|01:694:313:01|4.51|4.71|4.48|4.84|4.67|4.45|4.33|3.92|4.52|4.36
ANDRIANARIJAONA TSIRISOA|01:694:313:05|4.51|4.71|4.48|4.84|4.67|4.45|4.33|3.92|4.52|4.36
Nickels Bryce|01:694:315:01|4.50|4.35|4.22|4.38|4.20|4.22|4.21|4.11|4.19|4.19
Driscoll Monica|01:694:315:01|4.50|4.35|4.22|4.38|4.20|4.22|4.21|4.11|4.19|4.19
Vershon Andrew|01:694:315:01|4.50|4.35|4.22|4.38|4.20|4.22|4.21|4.11|4.19|4.19
Padgett Richard|01:694:315:01|4.50|4.35|4.22|4.38|4.20|4.22|4.21|4.11|4.19|4.19
Mead Parent Janet|01:694:315:01|4.50|4.35|4.22|4.38|4.20|4.22|4.21|4.11|4.19|4.19
Mead Parent Janet|01:694:315:02|4.50|4.35|4.22|4.38|4.20|4.22|4.21|4.11|4.19|4.19
Mead Parent Janet|01:694:315:03|4.50|4.35|4.22|4.38|4.20|4.22|4.21|4.11|4.19|4.19
Brill S.|01:694:408:01|4.23|4.15|3.96|4.03|3.83|3.83|3.99|3.86|3.95|3.80
Kusch T|01:694:408:01|4.23|4.15|3.96|4.03|3.83|3.83|3.99|3.86|3.95|3.80
Gunderson S.|01:694:408:01|4.23|4.15|3.96|4.03|3.83|3.83|3.99|3.86|3.95|3.80
ANDERSON STEPHEN|01:694:412:01|4.83|4.83|4.67|4.89|4.89|4.50|4.89|4.17|4.76|4.78
MONTELIONE GAETANO|01:694:412:01|4.83|4.83|4.67|4.89|4.89|4.50|4.89|4.17|4.76|4.78
GRANT BARTH|01:694:484:01|4.52|4.47|4.29|4.53|4.35|4.27|3.76|3.92|4.44|4.26|5.00
GUNDERSON SAMUEL|01:694:484:01|4.52|4.47|4.29|4.53|4.35|4.27|3.76|3.92|4.44|4.26
GUNDERSON SAMUEL|01:694:484:01|4.52|4.47|4.29|4.53|4.35|4.27|3.76|3.92|4.44|4.26
GABRIEL ABRAM|01:694:484:01|4.52|4.47|4.29|4.53|4.35|4.27|3.76|3.92|4.44|4.26
IRVINE K|01:694:492:01|4.42|4.39|4.32|4.39|3.90|3.81|4.19|4.23|4.13|3.97
