Gress J.|01:615:101:02|4.09|3.90|3.81|4.19|3.72|3.47|3.61|3.53|3.51|3.51
Nunez Olga|01:940:261:01|4.86|4.79|4.57|4.93|4.86|4.64|4.71|4.29|4.85|4.64|5.00|5.00|4.43|4.14|4.79|4.07
Irwin P.|01:615:305:02|4.76|4.81|4.76|4.86|4.57|4.76|4.76|4.20|4.76|4.62
Roon K.|01:615:315:01|3.48|3.52|3.22|3.93|4.07|2.89|3.19|4.04|3.07|3.04
Gress Jonathan|01:615:315:02|3.48|3.52|3.22|3.93|4.07|2.89|3.19|4.04|3.07|3.04
Hsieh I.|01:615:325:01|4.60|3.84|4.08|4.36|4.40|3.56|3.88|3.88|3.72|3.64
Bittner M.|01:615:325:02|4.60|3.84|4.08|4.36|4.40|3.56|3.88|3.88|3.72|3.64
Syrett K.|01:615:350:01|4.93|4.57|4.71|4.71|4.43|4.43|4.71|3.71|4.50|4.50
Tesar B|01:615:441:01|4.88|4.71|4.88|4.82|4.41|4.59|4.71|4.00|4.76|4.65
Kawahara S.|01:615:451:01|4.48|4.65|4.32|4.57|4.74|4.35|4.26|4.13|4.30|4.26
Kawahara S.|01:615:451:02|4.48|4.65|4.32|4.57|4.74|4.35|4.26|4.13|4.30|4.26
Syrett K.|01:615:491:01|4.75|4.79|4.71|4.71|4.80|4.54|4.57|4.71|4.69|4.46
