DARVILLE CAROLYN|01:447:245:01|4.64|4.67|4.53|4.74|4.16|4.12|4.38|4.36|4.28|4.21|5.00
MATISE TARA|01:447:302:01|4.71|4.62|3.81|4.62|4.21|4.05|4.24|3.30|4.24|4.05
HEY EMANNEL|01:447:302:01|4.71|4.62|3.81|4.62|4.21|4.05|4.24|3.30|4.24|4.05
Vershon Andrew|01:447:315:01|4.50|4.35|4.22|4.38|4.20|4.22|4.21|4.11|4.19|4.19
Driscoll Monica|01:447:315:01|4.50|4.35|4.22|4.38|4.20|4.22|4.21|4.11|4.19|4.19
Mead Parent Janet|01:447:315:01|4.50|4.35|4.22|4.38|4.20|4.22|4.21|4.11|4.19|4.19
Padgett Richard|01:447:315:01|4.50|4.35|4.22|4.38|4.20|4.22|4.21|4.11|4.19|4.19
Nickels Bryce|01:447:315:01|4.50|4.35|4.22|4.38|4.20|4.22|4.21|4.11|4.19|4.19
Mead Parent Janet|01:447:315:02|4.50|4.35|4.22|4.38|4.20|4.22|4.21|4.11|4.19|4.19
Mead Parent Janet|01:447:315:03|4.50|4.35|4.22|4.38|4.20|4.22|4.21|4.11|4.19|4.19
CHEN KEVIN|01:447:352:01|4.43|3.29|3.19|4.00|4.48|3.10|3.19|3.43|3.05|3.29
MCGUIRE TERR Y|01:447:356:01|4.70|4.40|4.57|4.34|4.11|4.41|4.59|4.39|4.40|4.43
BARR MAUREEN|01:447:370:01|4.82|4.88|4.88|4.92|4.95|4.82|4.85|4.45|4.79|4.76|5.00
SINHA NAVIN|01:447:380:00|4.47|4.30|4.07|4.43|4.31|3.99|4.01|3.57|4.15|3.87|4.40|4.00|4.00|4.00|3.80|3.50|3.50|3.50|3.00
OHLMEYER JOHANNA|01:447:380:00|4.47|4.30|4.07|4.43|4.31|3.99|4.01|3.57|4.15|3.87
CALERA VERONICA|01:447:380:01|4.47|4.30|4.07|4.43|4.31|3.99|4.01|3.57|4.15|3.87
CAVERA VERONICA|01:447:380:03|4.47|4.30|4.07|4.43|4.31|3.99|4.01|3.57|4.15|3.87
CAVERA VERONICA|01:447:380:07|4.47|4.30|4.07|4.43|4.31|3.99|4.01|3.57|4.15|3.87
GOLINSKI ALISON|01:447:380:13|4.47|4.30|4.07|4.43|4.31|3.99|4.01|3.57|4.15|3.87
GOLINSKI ALISON|01:447:380:14|4.47|4.30|4.07|4.43|4.31|3.99|4.01|3.57|4.15|3.87
GOLINSKI ALISON|01:447:380:15|4.47|4.30|4.07|4.43|4.31|3.99|4.01|3.57|4.15|3.87|4.40
SMITH SHANNON|01:447:380:18|4.47|4.30|4.07|4.43|4.31|3.99|4.01|3.57|4.15|3.87
SMITH SHANNON|01:447:380:20|4.47|4.30|4.07|4.43|4.31|3.99|4.01|3.57|4.15|3.87
SMITH SHANNON|01:447:380:21|4.47|4.30|4.07|4.43|4.31|3.99|4.01|3.57|4.15|3.87
DENEGRE ASHLEY|01:447:382:01|4.69|4.52|4.48|4.72|4.57|4.35|3.97|3.77|4.50|4.04
DENEGRE ASHLEY|01:447:382:02|4.69|4.52|4.48|4.72|4.57|4.35|3.97|3.77|4.50|4.04
EGIZI ANDREA|01:447:382:03|4.69|4.52|4.48|4.72|4.57|4.35|3.97|3.77|4.50|4.04|5.00|5.00|5.00|5.00|5.00|5.00|5.00|5.00
EGIZI ANDREA|01:447:382:08|4.69|4.52|4.48|4.72|4.57|4.35|3.97|3.77|4.50|4.04
RONGO CHRISTOPHER|01:447:385:00|4.70|4.64|4.38|4.69|4.46|4.38|4.30|4.43|4.37|4.29
GORDON DEREK|01:447:385:00|4.70|4.64|4.38|4.69|4.46|4.38|4.30|4.43|4.37|4.29|5.00
HARE ABBY|01:447:385:01|4.70|4.64|4.38|4.69|4.46|4.38|4.30|4.43|4.37|4.29
HARE ABBY|01:447:385:02|4.70|4.64|4.38|4.69|4.46|4.38|4.30|4.43|4.37|4.29|5.00|5.00|5.00|5.00|5.00
HARE ABBY|01:447:385:03|4.70|4.64|4.38|4.69|4.46|4.38|4.30|4.43|4.37|4.29|5.00
KEATING ANNE|01:447:390:00|4.69|4.35|4.39|4.47|4.07|4.23|4.45|4.04|4.26|4.22|5.00
BRENNEMAN MARK|01:447:404:01|4.93|5.00|4.87|5.00|4.83|4.87|4.67|4.60|5.00|4.87
SHELDON MICHAEL|01:447:404:02|4.93|5.00|4.87|5.00|4.83|4.87|4.67|4.60|5.00|4.87
YU LEI|01:447:460:01|4.84|4.88|4.79|4.93|4.72|4.77|4.38|4.28|4.77|4.72
SHUMYATSKY GIEB|01:447:484:01|4.50|4.32|4.24|4.59|4.19|3.91|4.09|4.09|4.14|3.95
