MCDOWELL DOUGLAS|01:920:101:00|4.33|4.24|4.19|4.41|4.42|3.97|3.96|3.43|4.06|4.06|4.50|4.29|3.71|3.83|4.50|4.00|4.20|4.20|4.33
LU WENBO|01:920:101:05|4.33|4.24|4.19|4.41|4.42|3.97|3.96|3.43|4.06|4.06|4.50|4.29|3.71|3.83
CLARKE LEE|01:920:101:17|4.33|4.24|4.19|4.41|4.42|3.97|3.96|3.43|4.06|4.06|4.50|4.29|3.71|3.83|4.50|4.00|4.20|4.20|4.33
KEMPNER JOANNA|01:920:103:01|4.46|4.48|4.36|4.54|4.56|4.14|4.28|3.50|4.23|4.27|5.00|5.00|5.00|5.00|5.00|5.00|5.00|5.00|5.00
LEE CATHERINE|01:920:108:01|4.38|4.30|4.27|4.42|4.48|4.03|4.06|3.28|4.26|4.20
OKAFOR GABRIEL|01:920:108:02|4.38|4.30|4.27|4.42|4.48|4.03|4.06|3.28|4.26|4.20|5.00
RAND JOHN|01:920:205:02|4.63|4.80|4.70|4.90|4.82|4.47|4.30|3.82|4.50|4.40|5.00|5.00
Mackendrick|01:920:216:01|4.74|4.72|4.53|4.70|4.65|4.32|4.33|4.14|4.47|4.47
HIRSHFIELD PAUL|01:920:222:01|4.20|3.84|3.65|3.77|3.95|3.33|3.52|3.77|3.50|3.50|4.50|2.00
HIRSCHFIELD PAUL|01:920:222:01|4.20|3.84|3.65|3.77|3.95|3.33|3.52|3.77|3.50|3.50
COVINGTON JEANETTE|01:920:222:04|4.20|3.84|3.65|3.77|3.95|3.33|3.52|3.77|3.50|3.50|4.50
BATEMAN MICHAEL|01:920:222:05|4.20|3.84|3.65|3.77|3.95|3.33|3.52|3.77|3.50|3.50
Bzostek Sharon|01:920:227:01|4.80|4.70|4.48|4.67|4.63|4.41|4.37|3.34|4.57|4.38|5.00|5.00|5.00
PHILLIPS JULIE|01:920:227:02|4.80|4.70|4.48|4.67|4.63|4.41|4.37|3.34|4.57|4.38|5.00|5.00|5.00
SMITH DRANDALL|01:920:248:02|4.65|4.27|4.07|4.40|4.37|3.84|4.07|4.00|4.16|4.14|5.00|5.00
DEVGAN SHRUTI|01:920:270:01|4.88|4.63|4.52|4.80|4.79|4.16|4.08|3.26|4.46|4.19
SPRINGER|01:920:272:01|4.79|4.80|4.76|4.85|4.70|4.60|4.55|4.00|4.63|4.54
Brooks E.|01:920:273:01|3.64|4.14|4.23|4.38|4.33|3.77|3.68|3.80|3.73|3.69|3.41
Lee E.|01:920:273:01|3.64|4.14|4.23|4.38|4.33|3.77|3.68|3.80|3.73|3.69
Lee E.|01:920:273:03|3.64|4.14|4.23|4.38|4.33|3.77|3.68|3.80|3.73|3.69
Lee E.|01:920:273:04|3.64|4.14|4.23|4.38|4.33|3.77|3.68|3.80|3.73|3.69
Brooks E.|NONE|3.64|4.14|4.23|4.38|4.33|3.77|3.68|3.80|3.73|3.69
MCLEAN P|01:920:290:01|4.65|4.76|4.52|4.88|4.68|4.45|4.54|3.82|4.71|4.46|5.00|5.00|5.00
CARR P|01:920:291:01|4.69|4.72|4.72|4.79|4.48|4.62|4.55|3.96|4.83|4.69|5.00
SONG K|01:920:303:01|4.48|4.27|4.45|4.55|4.19|3.98|4.07|3.17|4.10|4.00
MCDOWELL DOUGLAS|01:920:304:04|4.30|4.30|4.28|4.36|4.34|3.95|3.94|3.97|4.17|4.12|5.00|5.00
WINBERG HOWARD|01:920:304:08|4.30|4.30|4.28|4.36|4.34|3.95|3.94|3.97|4.17|4.12|5.00|5.00
WILHELMS JEFF|01:920:306:02|4.04|4.00|4.16|4.08|3.91|3.79|3.88|3.74|3.93|3.93|4.00
WINEBERG HOWARD|01:920:306:03|4.04|4.00|4.16|4.08|3.91|3.79|3.88|3.74|3.93|3.93|4.00
CARELLI LINDA|01:920:307:01|3.50|4.16|4.12|4.33|4.42|3.58|3.79|3.89|3.71|3.76|3.00
KUSHINS ERIC|01:920:311:00|4.38|4.21|4.12|4.35|4.29|3.91|3.78|3.30|4.07|3.84|5.00
GONDAL NEHA|01:920:311:04|4.38|4.21|4.12|4.35|4.29|3.91|3.78|3.30|4.07|3.84
GONDAL NEHA|01:920:311:05|4.38|4.21|4.12|4.35|4.29|3.91|3.78|3.30|4.07|3.84|5.00|5.00|5.00|5.00
STROFFOLINO ANDREW|01:920:312:00|4.70|4.41|4.46|4.64|4.35|4.23|4.02|3.10|4.40|4.21|4.13|4.52|1.87
MEUNIER ETIENNE|01:920:312:01|4.70|4.41|4.46|4.64|4.35|4.23|4.02|3.10|4.40|4.21|4.13|4.52|1.87|5.00|5.00|5.00|5.00|5.00|5.00
MEUNIER ETIENNE|01:920:312:02|4.70|4.41|4.46|4.64|4.35|4.23|4.02|3.10|4.40|4.21
MITCHELL ELIZABETH|01:920:313:00|4.36|4.36|4.11|4.57|4.24|3.91|3.84|3.30|4.14|4.00
LAPOINTE ELEANOR|01:920:314:00|4.46|4.44|4.15|4.53|4.27|4.03|3.95|3.42|4.22|3.98|4.67
MITCHELL ELIZABETH|01:920:314:00|4.46|4.44|4.15|4.53|4.27|4.03|3.95|3.42|4.22|3.98
YEH HSINYI|01:920:314:03|4.46|4.44|4.15|4.53|4.27|4.03|3.95|3.42|4.22|3.98
YEH HSINYI|01:920:314:04|4.46|4.44|4.15|4.53|4.27|4.03|3.95|3.42|4.22|3.98
LAPOINTE ELEANOR|01:920:314:07|4.46|4.44|4.15|4.53|4.27|4.03|3.95|3.42|4.22|3.98|4.67|5.00|5.00|5.00|5.00|5.00|5.00|5.00
SMITH DRANDALL|01:920:345:01|4.29|4.24|4.18|4.35|4.06|4.00|4.18|3.82|4.35|4.06
LEE CATHERINE|01:920:349:03|4.71|4.57|4.56|4.76|4.60|4.33|4.39|3.76|4.58|4.31
MCDOWELL DOUGLAS|01:920:349:04|4.71|4.57|4.56|4.76|4.60|4.33|4.39|3.76|4.58|4.31|5.00|5.00|5.00
BATEMAN MICHAEL|01:920:349:06|4.71|4.57|4.56|4.76|4.60|4.33|4.39|3.76|4.58|4.31
SCHUSTER S.|01:920:354:01|4.17|3.50|4.00|3.00|2.67|3.17|3.67|3.83|3.17|3.00
COVINGTON JEANETTE|01:920:361:01|4.32|3.77|3.50|3.59|3.71|3.05|3.55|4.00|3.32|3.32
PHILLIPS JULIE|01:920:421:01|4.58|4.66|4.69|4.83|4.59|4.59|4.43|3.80|4.56|4.56
ZERUBAVEL EVIATAR|01:920:421:03|4.58|4.66|4.69|4.83|4.59|4.59|4.43|3.80|4.56|4.56
ROSENFIELD SARAH|01:920:421:04|4.58|4.66|4.69|4.83|4.59|4.59|4.43|3.80|4.56|4.56
HUGHES M|01:920:440:01|4.52|4.78|4.87|4.78|4.43|4.57|4.65|4.36|4.57|4.57
Butts A|01:920:440:02|4.52|4.78|4.87|4.78|4.43|4.57|4.65|4.36|4.57|4.57
FRIEDMAN JODITH|01:920:497:01|4.38|4.25|4.13|4.75|4.50|4.13|4.00|4.88|3.86|4.00
