Koenick Ruth Anne|01:988:101:04|4.45|4.47|4.49|4.56|4.35|4.26|4.21|3.45|4.20|4.14
Rodgers Y.|01:988:101:10|4.45|4.47|4.49|4.56|4.35|4.26|4.21|3.45|4.20|4.14
Balliet B.|01:988:101:11|4.45|4.47|4.49|4.56|4.35|4.26|4.21|3.45|4.20|4.14
Thomas S.|01:988:101:14|4.45|4.47|4.49|4.56|4.35|4.26|4.21|3.45|4.20|4.14
FUENTES MARISA|01:988:101:15|4.45|4.47|4.49|4.56|4.35|4.26|4.21|3.45|4.20|4.14
Rotramel A.|01:988:101:16|4.45|4.47|4.49|4.56|4.35|4.26|4.21|3.45|4.20|4.14
Jesionki N.|01:988:130:01|4.16|4.33|4.23|4.54|4.22|4.16|4.13|3.00|4.14|3.75
Manning M.|01:988:130:02|4.16|4.33|4.23|4.54|4.22|4.16|4.13|3.00|4.14|3.75
Blockett R.|01:988:130:04|4.16|4.33|4.23|4.54|4.22|4.16|4.13|3.00|4.14|3.75
Gougon D.|01:988:130:05|4.16|4.33|4.23|4.54|4.22|4.16|4.13|3.00|4.14|3.75
Rotramel A.|01:988:130:06|4.16|4.33|4.23|4.54|4.22|4.16|4.13|3.00|4.14|3.75
Koening A.|01:988:130:07|4.16|4.33|4.23|4.54|4.22|4.16|4.13|3.00|4.14|3.75
Trigg M.|01:988:201:02|4.71|4.81|4.62|4.76|4.76|4.48|4.33|4.38|4.52|4.48
Rajan J.|01:988:202:01|4.76|4.94|4.88|4.94|4.65|4.53|4.71|3.75|4.65|4.47
Jackson-Brewer K|01:988:206:01|4.24|4.53|4.59|4.53|4.29|4.29|4.47|4.44|4.29|4.29
Yans|01:988:212:01|4.00|3.92|4.00|4.46|4.21|3.83|3.75|3.58|3.75|3.46
Salime|01:988:216:01|3.47|3.32|3.98|3.53|4.00|3.56|3.79|3.25|3.45|3.49
Wigginton C.|01:988:235:01|4.78|4.82|4.56|4.89|4.39|4.33|4.53|3.06|4.67|4.39
Schuller K.|01:988:240:01|4.47|4.47|4.41|4.47|4.41|4.12|4.31|4.24|4.47|4.24
Mack P.|01:988:253:01|4.13|4.05|4.20|4.46|4.02|3.78|3.74|4.00|3.86|3.82
GRIEFEN, K.|01:988:255:90|0.00|0.00|0.00|0.00|0.00|0.00|0.00|0.00|0.00|0.00
Feinberg M.|01:988:260:01|4.65|4.18|3.76|4.12|3.71|3.53|3.53|3.88|3.53|3.53
King A.|01:988:265:01|4.94|4.86|4.94|4.92|4.81|4.83|4.67|3.83|4.81|4.78|4.65|3.76|4.27|4.42|3.96|4.32
Mangharam|01:988:265:02|4.94|4.86|4.94|4.92|4.81|4.83|4.67|3.83|4.81|4.78|4.65|3.76|4.27|4.42|3.96|4.32
Carelli|01:988:272:02|3.95|3.56|3.73|4.03|4.07|3.60|3.56|3.85|3.37|3.49
Davidson H.|01:988:301:01|4.75|4.69|4.56|4.69|4.25|4.13|3.94|4.06|4.19|3.94
Smith B.|01:988:303:01|2.95|2.95|3.47|3.26|3.72|3.00|3.11|4.00|2.74|2.74
Rizzo D.|01:988:307:01|4.82|4.88|4.82|4.88|4.53|4.63|4.76|3.88|4.82|4.69
Carter R.|01:988:307:03|4.82|4.88|4.82|4.88|4.53|4.63|4.76|3.88|4.82|4.69
Meyers J.|01:988:309:02|3.59|4.10|4.20|4.38|4.08|3.67|3.58|3.33|3.56|3.52|4.28|4.25|4.25|4.29|4.54|2.45
Moccio F.|01:988:309:04|3.59|4.10|4.20|4.38|4.08|3.67|3.58|3.33|3.56|3.52|4.28|4.25|4.25|4.29|4.54|2.45
Cohen E.|01:988:318:01|4.59|4.35|4.71|4.35|4.47|4.47|4.53|4.53|4.47|4.41
Mackendrick N.|01:988:324:01|4.35|4.44|4.50|4.55|4.43|4.23|4.23|4.05|4.12|4.16
Gerson|01:988:324:03|4.35|4.44|4.50|4.55|4.43|4.23|4.23|4.05|4.12|4.16
Rajan J.|01:988:329:01|4.88|4.88|4.88|4.75|4.00|4.63|4.63|3.88|4.75|4.50
Cobble S.|01:988:335:01|4.67|4.56|4.89|4.67|4.67|4.67|4.89|4.22|4.67|4.44|4.71|4.57|4.57|4.86|4.86|3.29
Sanbonmatsu K.|01:988:336:01|4.78|4.22|4.13|4.26|3.78|3.96|3.87|3.74|3.83|3.96
Persin M|01:988:342:01|4.64|4.36|4.64|4.27|4.55|4.64|4.73|4.64|4.45|4.64|4.80|4.40|4.50|4.70
Jackson-Brewer K.|01:988:350:01|4.56|4.78|4.89|4.83|4.83|4.67|4.61|3.94|4.56|4.61
Diamond E.|01:988:352:01|4.11|3.56|3.89|3.33|3.78|3.44|4.11|4.11|3.67|3.78|4.00|4.33|3.00
Shuster S.|01:988:354:01|3.09|1.73|3.18|2.36|2.36|1.82|3.18|4.00|2.18|2.45
Busia A.|01:988:366:01|3.83|3.58|4.25|3.92|4.67|3.83|4.25|3.50|3.75|3.91|3.83|2.71|4.33|4.00|3.75|4.63
Schein L.|01:988:368:01|3.23|2.92|3.69|3.42|3.00|2.77|3.00|3.92|2.85|3.08
Balliet B.|01:988:370:01|4.67|4.67|4.67|5.00|5.00|4.67|4.67|5.00|4.67|4.67
Flitterman-Lewis S.|01:988:376:01|3.67|4.53|4.27|4.27|4.40|3.60|3.73|4.07|3.67|3.67|4.11|2.50|3.00|3.85|3.62|4.62
Dekoven M.|01:988:384:01|4.71|4.79|4.61|4.82|4.68|4.36|4.15|4.43|4.29|4.25|4.45|3.17|4.33|4.45|4.00|4.32
Grosz E.|01:988:387:01|5.00|4.88|4.63|5.00|4.75|4.63|4.88|3.75|4.88|4.75
Novacich|01:988:388:01|4.54|4.76|4.54|4.88|4.81|4.54|4.58|3.85|4.58|4.62|4.35|3.76|4.27|4.00|3.91|4.35
Alexander-Floyd N.|01:988:394:01|4.00|4.20|4.60|4.00|3.40|4.20|4.40|4.80|3.80|4.20
Kaplan T.|01:988:396:01|4.44|4.59|4.51|4.60|4.43|4.38|4.41|3.83|4.56|4.49
Monk J|01:988:396:04|4.44|4.59|4.51|4.60|4.43|4.38|4.41|3.83|4.56|4.49
Schwartz M|01:988:396:05|4.44|4.59|4.51|4.60|4.43|4.38|4.41|3.83|4.56|4.49
Bernstein A.|01:988:396:06|4.44|4.59|4.51|4.60|4.43|4.38|4.41|3.83|4.56|4.49
Bunch C.|01:988:405:01|4.64|4.77|4.73|4.59|4.32|4.24|4.41|4.38|4.41|4.45
Rajan J.|01:988:405:01|4.64|4.77|4.73|4.59|4.32|4.24|4.41|4.38|4.41|4.45
Thomas S.|01:988:405:02|4.64|4.77|4.73|4.59|4.32|4.24|4.41|4.38|4.41|4.45
Decena C.|01:988:422:01|5.00|5.00|5.00|5.00|5.00|5.00|5.00|5.00
Mendez A.|01:988:426:01|4.10|3.90|4.00|4.00|4.20|3.90|3.90|4.20|3.60|3.80
Gerson|01:988:470:01|4.38|4.19|4.38|4.56|4.50|4.38|4.50|3.56|4.44|4.38
Gossy M.|01:988:490:01|4.44|4.89|4.78|4.89|5.00|5.00|5.00|5.00|4.89|5.00
Schuller K.|01:988:498:01|5.00|5.00|5.00|5.00|5.00|5.00|5.00|5.00|5.00|5.00
