DAVIS WILLIAM|01:014:103:02|4.55|4.53|4.67|4.73|4.72|4.38|4.47|3.68|4.47|4.46|4.60|5.00|5.00|5.00|5.00|5.00|5.00|5.00|5.00
KHAN KAMAL|01:014:347:01|4.54|4.21|4.68|4.44|4.34|4.26|4.49|3.88|4.17|4.29
BONADIE DENNISTON|01:014:103:01|4.87|4.83|4.83|4.71|4.73|4.80|4.81|3.87|4.77|4.73|5.00
RAMACHANDRAN ANITHA|01:014:130:01|5.00|5.00|5.00|5.00|5.00|5.00|4.64|3.60|5.00|4.70|5.00|5.00
Jackson-Brewer K|01:014:206:01|4.24|4.53|4.59|4.53|4.29|4.29|4.47|4.44|4.29|4.29
RAMACHANDRAN KAVITHA|01:014:208:01|5.00|5.00|5.00|5.00|4.60|5.00|5.00|4.60|5.00|5.00
GARDINER MURV|01:014:212:01|4.57|4.86|4.86|4.86|4.86|4.57|4.57|4.29|4.71|4.50
SAMSAMY KAVITHA|01:014:215:01|4.75|4.81|4.94|4.94|4.88|4.88|4.94|4.50|4.94|4.94
PRISOCK LOUIS|01:014:222:01|4.93|4.93|4.79|5.00|4.57|4.43|4.36|3.86|4.69|4.62
REED SAMUEL|01:014:230:01|4.59|4.65|4.61|4.73|4.86|4.62|4.59|4.39|4.50|4.52|5.00|5.00|5.00|5.00|5.00|5.00|5.00|5.00|5.00
BONADIE D|01:014:233:01|4.79|4.79|4.93|4.93|5.00|4.79|4.79|3.46|4.86|4.77|5.00|5.00|5.00
RICHMOND VONDELL|01:014:240:01|4.22|4.24|4.81|4.50|4.11|4.56|4.53|3.24|4.16|4.13|5.00|5.00|5.00|5.00
WESTBROOK RANDAL|01:014:255:01|4.82|4.89|4.85|4.93|4.93|4.85|4.79|4.48|4.85|4.83|5.00|5.00|5.00|5.00|5.00|5.00|5.00|5.00|5.00
WHITNEY JAMES|01:014:258:01|4.79|4.62|4.71|4.64|4.67|4.54|4.71|4.00|4.46|4.78|5.00|5.00
NASH MIKAL|01:014:274:01|4.00|4.29|4.29|4.00|4.57|4.43|4.14|3.71|4.00|3.86
Monk J|01:014:302:02|4.56|4.63|4.52|4.56|4.41|4.41|4.44|3.81|4.59|4.56
ALEXIS Yveline|01:014:302:03|4.56|4.63|4.52|4.56|4.41|4.41|4.44|3.81|4.59|4.56
SHUFORD DEBORAH|01:014:302:06|4.60|4.20|4.40|4.50|4.75|4.25|4.00|3.20|4.00|3.75
MILLER Hyacinth|01:014:302:08|4.56|4.63|4.52|4.56|4.41|4.41|4.44|3.81|4.59|4.56
GRIER APRIL|01:014:304:01|3.74|4.01|4.00|3.86|3.94|3.58|3.82|3.42|3.52|3.72|5.00|4.00|5.00|4.00|5.00|4.00|5.00|4.00|5.00
GRIER APRIL|01:014:304:02|3.74|4.01|4.00|3.86|3.94|3.58|3.82|3.42|3.52|3.72|5.00
RAMACHANDRAN ANITHA|01:014:317:01|4.82|4.81|4.80|4.80|4.80|4.71|4.87|4.57|4.64|4.69|5.00|5.00
COBB WILLIAM|01:014:349:01|4.67|4.67|4.67|4.67|4.67|4.33|4.67|4.33|4.33|4.33
TATE G|01:014:353:01|5.00|4.85|4.93|5.00|4.96|4.82|4.96|4.12|4.86|4.88
NASH MIKAL|01:014:357:01|5.00|5.00|5.00|5.00|5.00|5.00|5.00|4.80|5.00|5.00
GARDINER MURV|01:014:362:01|3.71|3.85|4.15|4.15|4.35|3.90|3.75|4.00|3.95|4.00
GRIER APRIL|01:014:363:01|3.87|4.40|4.80|4.73|4.43|4.60|4.67|3.71|4.33|4.27
MONK JERMAINE|01:014:369:01|4.46|4.71|4.77|4.64|4.57|4.69|4.64|4.38|4.64|4.70|5.00
BUTLER KIM|01:014:370:01|4.69|4.69|4.64|5.00|4.79|4.57|4.69|4.07|4.71|4.85
HOVE EMMANUEL|01:014:380:01|5.00|5.00|5.00|5.00|5.00|5.00|5.00|4.50|5.00|5.00
PRICE MELANYE|01:014:383:01|4.56|4.78|4.72|4.82|4.53|4.53|4.58|3.94|4.50|4.47|5.00
PRISOCK LOUIS|01:014:384:01|4.17|4.50|4.67|4.75|4.23|4.42|4.50|4.17|4.50|4.17
JOHNSON, W.|01:014:404:01|0.00|0.00|0.00|0.00|0.00|0.00|0.00|0.00|0.00|0.00
BROWN TIMOTHY|01:014:423:01|4.75|5.00|5.00|5.00|5.00|5.00|4.75|3.80|4.60|5.00
WHITNEY JAMES|01:014:481:01|4.87|4.91|4.91|4.91|5.00|4.78|4.65|4.64|4.87|4.87|5.00|5.00|5.00|5.00|5.00|5.00|5.00|5.00|5.00
COBB WILLIAM|01:014:490:01|4.59|4.65|4.76|4.71|4.25|4.56|4.46|4.14|4.62|4.48
BUTLER KIM|01:014:490:02|4.59|4.65|4.76|4.71|4.25|4.56|4.46|4.14|4.62|4.48
