Delbourgo James|01:512:103:01|4.10|4.07|3.97|4.14|3.93|3.80|3.85|3.74|3.92|3.74
Reed James|01:512:103:06|4.10|4.07|3.97|4.14|3.93|3.80|3.85|3.74|3.92|3.74
Devlin Rachel|01:512:104:01|3.99|4.27|4.18|4.39|4.05|3.89|3.94|4.13|3.88|3.92
Pietruska Jamie|01:512:104:02|3.99|4.27|4.18|4.39|4.05|3.89|3.94|4.13|3.88|3.92
Bay Mia|01:512:111:01|3.86|4.21|3.86|4.36|4.07|3.50|3.86|3.43|3.71|3.79
Schoen Johanna|01:512:225:01|4.55|4.66|4.69|4.73|4.37|4.35|4.57|3.78|4.43|4.41
Schoen Johanna|01:512:225:01|4.55|4.66|4.69|4.73|4.37|4.35|4.57|3.78|4.43|4.41
Abbot Gretchen|01:512:225:02|4.55|4.66|4.69|4.73|4.37|4.35|4.57|3.78|4.43|4.41
Abbot Gretchen|01:512:225:03|4.55|4.66|4.69|4.73|4.37|4.35|4.57|3.78|4.43|4.41
Grippaldi Richard|01:512:242:01|5.00|5.00|4.84|5.00|4.95|4.53|4.89|4.79|4.74|4.84
Murch Donna|01:512:268:01|4.60|4.57|4.53|4.65|4.76|4.50|4.67|4.11|4.46|4.51|4.58
White Deborah|01:512:268:01|4.60|4.57|4.53|4.65|4.76|4.50|4.67|4.11|4.46|4.51|4.58
Clemens Paul|01:512:301:01|4.81|4.74|4.48|4.70|4.44|4.31|4.44|4.30|4.30|4.41
Gillette William|01:512:303:01|4.83|4.17|4.50|3.83|3.67|3.67|4.17|3.83|3.83|3.83
Pietruska Jamie|01:512:304:01|4.81|4.94|4.63|4.88|4.50|4.63|4.75|4.19|4.75|4.75
Markowitz Norman|01:512:305:01|3.76|4.00|3.82|4.16|4.18|3.53|3.76|4.18|3.61|3.68
Adams Ann Marie|01:512:306:01|3.33|3.17|3.33|3.00|3.67|3.33|3.67|3.83|3.83|3.80
Gillette William|01:512:310:01|4.70|4.40|4.80|4.60|4.50|4.40|4.70|4.40|4.50|4.60
Schrepfer Susan|01:512:324:01|3.88|4.00|3.81|4.15|3.58|3.54|3.48|3.28|3.88|3.69
Chambers John|01:512:348:01|4.58|4.61|4.35|4.59|4.19|4.10|4.34|4.04|4.38|4.30
Foglesong David|01:512:352:01|4.86|4.61|4.47|4.62|4.00|4.35|4.45|4.27|4.50|4.37
LIVINGSTON JAMES|01:512:374:01|4.37|4.63|4.63|4.83|4.78|4.56|4.42|4.50|4.47|4.42
Francis Leigh-Anne|01:512:392:01|4.70|4.74|4.50|4.74|4.57|4.43|4.86|3.48|4.61|4.43
Echeverria Darius|01:512:392:02|4.70|4.74|4.50|4.74|4.57|4.43|4.86|3.48|4.61|4.43
Lebovic Sam|01:512:392:03|4.70|4.74|4.50|4.74|4.57|4.43|4.86|3.48|4.61|4.43|5.00|3.80|4.80|3.29|3.86|4.14
Clemens Paul|01:512:404:01|5.00|4.87|4.87|4.87|4.61|4.91|4.83|4.22|4.74|4.77
