Kuhn Kenneth|01:470:101:01|4.71|4.77|4.71|4.87|4.74|4.45|4.68|4.16|4.61|4.48|4.55|4.50|3.84|3.97
Libby Andrew|01:470:101:02|4.71|4.77|4.71|4.87|4.74|4.45|4.68|4.16|4.61|4.48|4.55|4.50|3.84|3.97
Kuhn Kenneth|01:470:101:03|4.71|4.77|4.71|4.87|4.74|4.45|4.68|4.16|4.61|4.48|4.55|4.50|3.84|3.97
Boghossian Anneliese|01:470:101:04|4.71|4.77|4.71|4.87|4.74|4.45|4.68|4.16|4.61|4.48|4.55|4.50|3.84|3.97
Libby Andrew|01:470:101:05|4.71|4.77|4.71|4.87|4.74|4.45|4.68|4.16|4.61|4.48|4.55|4.50|3.84|3.97
Boghossian Anneliese|01:470:102:02|4.75|4.94|4.88|4.88|4.88|4.47|4.50|4.75|4.69|4.56|4.69|4.50|4.69|4.69
Gromann Regina|01:470:103:01|3.83|4.50|4.67|5.00|4.83|4.67|4.33|4.50|4.00|4.00|4.50|4.80|4.17|4.17
Gromann Regina|01:470:104:01|5.00|5.00|5.00|5.00|5.00|5.00|5.00|4.00|4.50|4.50|4.50|4.50|3.00|4.00
Dine Ute|01:470:106:01|4.00|4.40|4.40|4.60|4.20|3.60|3.20|3.40|3.60|3.40|4.25|4.00|3.20|3.00
Glowacki Doris|01:470:132:02|4.71|4.65|4.65|4.71|4.59|4.53|4.71|4.65|4.47|4.53|4.63|4.50|4.63|4.31
Prakash Shambhavi|01:470:299:01|4.86|5.00|5.00|5.00|4.67|4.86|4.57|4.71|4.71|4.43|4.86|4.86|5.00|4.86
Pappalardo Salvatore|01:470:302:01|5.00|5.00|5.00|5.00|4.91|5.00|5.00|4.70|5.00|4.91|5.00|5.00|5.00|5.00
Ciklamini Marlene|01:470:325:01|4.29|5.00|4.86|5.00|5.00|4.57|4.43|4.43|4.57|4.57|5.00|5.00|4.86|4.67
Franco Alfredo|01:470:382:01|5.00|5.00|5.00|5.00|5.00|5.00|5.00|4.67|5.00|5.00|5.00|5.00|4.67|4.67
Shandler Jeffrey|01:470:384:01|4.80|5.00|4.80|5.00|5.00|5.00|4.60|4.40|5.00|4.80|5.00
Pappalardo Salvatore|01:470:387:01|4.90|4.90|4.90|4.90|4.90|4.80|4.89|3.80|4.90|4.90|4.70|4.78|4.90|4.90
Rennie Nicholas|01:470:388:01|4.81|4.63|4.81|4.94|4.69|4.69|4.88|4.44|4.69|4.75|3.60|5.00
Smith Chadwick|01:470:390:01|4.63|4.75|4.88|4.88|4.63|4.50|4.75|4.50|4.63|4.63
Smith Chadwick|01:470:391:01|5.00|5.00|5.00|5.00|5.00|5.00|4.67|4.17|4.80|4.83|5.00|4.83|5.00|5.00
