Weigert Laura|01:082:105:01|4.39|4.26|4.22|4.35|4.24|3.93|3.99|3.53|4.00|3.93
Kenfield John|01:082:105:01|4.39|4.26|4.22|4.35|4.24|3.93|3.99|3.53|4.00|3.93
Harbin Allison|01:082:105:02|4.39|4.26|4.22|4.35|4.24|3.93|3.99|3.53|4.00|3.93
Harbin Allison|01:082:105:04|4.39|4.26|4.22|4.35|4.24|3.93|3.99|3.53|4.00|3.93
Harbin Allison|01:082:105:06|4.39|4.26|4.22|4.35|4.24|3.93|3.99|3.53|4.00|3.93
Weigert Laura|01:082:105:15|4.39|4.26|4.22|4.35|4.24|3.93|3.99|3.53|4.00|3.93
Kenfield John|01:082:105:15|4.39|4.26|4.22|4.35|4.24|3.93|3.99|3.53|4.00|3.93
Hutterer Maile|01:082:105:30|4.39|4.26|4.22|4.35|4.24|3.93|3.99|3.53|4.00|3.93
Estevez Lisandra|01:082:105:40|4.39|4.26|4.22|4.35|4.24|3.93|3.99|3.53|4.00|3.93
Nolin Heather|01:082:106:01|4.62|4.40|4.48|4.50|4.03|3.98|4.16|3.45|4.21|4.07
Wilkins Sarah|01:082:106:03|4.62|4.40|4.48|4.50|4.03|3.98|4.16|3.45|4.21|4.07
Zervigon Andres|01:082:253:01|4.90|4.94|4.87|4.97|4.81|4.87|4.81|4.65|4.90|4.77
Shandler Jeffrey|01:082:255:01|4.75|4.63|4.63|4.63|4.63|4.63|4.38|4.00|4.50|4.38
Sheehan Tanya|01:082:277:01|4.68|4.66|4.53|4.67|4.31|4.28|4.32|3.49|4.36|4.35
Sidlauskas Susan|01:082:277:01|4.68|4.66|4.53|4.67|4.31|4.28|4.32|3.49|4.36|4.35
Portnoy Edward|01:082:291:01|4.60|4.80|4.30|4.70|4.50|4.00|3.90|4.30|4.30|4.30
Marder Tod|01:082:304:01|4.44|4.44|4.22|4.33|4.25|4.00|4.22|3.78|4.22|4.22
Marter Joan|01:082:305:01|4.60|4.30|4.30|4.60|4.70|4.30|4.60|4.20|4.50|4.30
Paul Benjamin|01:082:310:01|4.45|4.05|4.55|4.00|4.36|4.14|4.64|4.45|4.36|4.36
Shafer Ann|01:082:320:01|3.42|3.75|3.75|3.75|3.80|3.33|3.17|4.08|2.92|3.08
Howard Angela|01:082:323:01|4.00|2.33|2.33|2.33|2.00|2.67|3.00|2.67|2.33|2.33
Kenfield John|01:082:343:01|4.55|4.45|4.36|4.68|4.50|4.23|4.81|4.32|4.45|4.32
Mcham Sarah|01:082:354:01|4.57|4.57|4.43|4.71|4.43|4.00|4.14|4.14|4.71|4.43
Sharp Jane|01:082:357:01|4.75|5.00|5.00|5.00|5.00|5.00|5.00|4.25|5.00|5.00
Woodhouse-Beyer Katharine|01:082:362:01|4.67|4.67|4.67|5.00|5.00|4.67|4.67|3.33|4.67|4.67
Thuno Erik|01:082:373:01|4.67|4.33|4.40|4.33|4.27|4.20|4.67|3.43|4.33|4.27
Zervigon Andres|01:082:383:01|4.80|4.85|4.60|4.80|4.85|4.75|4.70|3.80|4.75|4.65
Quideau Florence|01:082:387:01|4.75|4.90|4.85|4.80|4.84|4.63|4.70|4.35|4.70|4.70
Bzdak Meredith|01:082:428:01|5.00|5.00|5.00|5.00|4.83|5.00|5.00|4.83|5.00|4.83
Harvey Archer St. Clair|01:082:430:01|5.00|5.00|4.80|5.00|5.00|5.00|5.00|3.60|4.60|4.60
Woodhouse-Beyer Katharine|01:082:441:01|4.54|4.38|4.54|4.58|4.54|4.23|4.46|4.23|4.38|4.46
Hewitt Mark|01:082:444:01|4.75|4.25|4.25|4.50|4.50|4.00|4.00|3.25|4.50|4.25
Marder Tod|01:082:454:01|4.83|4.83|5.00|5.00|4.80|4.83|5.00|5.00|4.83|5.00
Howard Angela|01:082:491:01|4.60|4.10|4.20|4.25|4.25|4.25|4.20|4.40|4.35|4.45
Mcham Sarah|01:082:491:02|4.60|4.10|4.20|4.25|4.25|4.25|4.20|4.40|4.35|4.45
Flores Tatiana|01:082:491:03|4.60|4.10|4.20|4.25|4.25|4.25|4.20|4.40|4.35|4.45
Weigert Laura|01:082:491:04|4.60|4.10|4.20|4.25|4.25|4.25|4.20|4.40|4.35|4.45
