Hrenko Ilona|01:560:101:01|4.74|4.67|4.80|4.85|4.86|4.64|4.72|4.49|4.65|4.59
Hrenko Ilona|01:560:101:02|4.74|4.67|4.80|4.85|4.86|4.64|4.72|4.49|4.65|4.59
Rusnak Matthew|01:560:101:21|4.74|4.67|4.80|4.85|4.86|4.64|4.72|4.49|4.65|4.59
Metallo Claudine|01:560:101:22|4.74|4.67|4.80|4.85|4.86|4.64|4.72|4.49|4.65|4.59
De Bevoise David|01:560:101:23|4.74|4.67|4.80|4.85|4.86|4.64|4.72|4.49|4.65|4.59
De Feo Daniele|01:560:101:90|0.00|0.00|0.00|0.00|0.00|0.00|0.00|0.00|0.00|0.00
Cherubini, Tiziano|01:560:101:91|0.00|0.00|0.00|0.00|0.00|0.00|0.00|0.00|0.00|0.00
Pieraccini Daniele|01:560:102:21|4.73|4.87|4.67|4.87|4.73|4.47|4.47|4.60|4.67|4.60
De Bevoise David|01:560:105:01|4.57|4.57|4.71|4.86|4.71|4.71|4.57|3.86|4.83|4.83
De Feo Daniele|01:560:106:01|5.00|5.00|5.00|5.00|5.00|5.00|5.00|4.00|5.00|5.00
Nicosia Roberto|01:560:107:01|4.75|5.00|5.00|5.00|5.00|5.00|4.75|4.50|4.75|4.75
De Feo Daniele|01:560:121:01|5.00|4.95|4.95|5.00|5.00|5.00|4.95|4.55|5.00|4.95
Bellorio Gabriella|01:560:123:01|4.70|4.80|4.80|4.80|4.80|4.80|4.70|4.50|4.70|4.80
Fognani Arianna|01:560:131:01|4.64|4.67|4.80|4.83|4.78|4.71|4.64|4.71|4.62|4.55
Nicosia Roberto|01:560:131:03|4.64|4.67|4.80|4.83|4.78|4.71|4.64|4.71|4.62|4.55
Forlino Marino|01:560:131:21|4.64|4.67|4.80|4.83|4.78|4.71|4.64|4.71|4.62|4.55
Nicosia Roberto|01:560:132:01|3.47|4.21|4.53|4.58|4.47|4.00|4.00|4.63|4.00|4.21
Marsh David|01:560:231:01|3.11|3.50|3.66|3.56|3.20|3.18|3.14|3.80|3.09|3.23
Costanzo Samantha|01:560:250:01|4.90|5.00|4.84|4.97|4.81|4.77|4.57|4.77|4.81|4.65
White Laura|01:560:256:01|4.40|4.37|4.27|4.34|4.10|3.97|4.10|3.63|4.10|4.03
Hrenko Ilona|01:560:302:01|4.85|4.69|4.77|4.77|4.85|4.54|4.50|4.69|4.54|4.46
Forlino Marino|01:560:305:01|4.92|5.00|5.00|5.00|4.92|5.00|4.92|4.31|4.92|4.92
Welch Rhiannon|01:560:321:01|4.71|4.29|3.93|4.29|3.14|2.93|3.71|4.36|3.00|3.07
Pascale Vincenzo|01:560:340:01|4.20|3.93|4.27|4.40|4.80|4.13|4.27|4.29|4.07|4.27
Welch Rhiannon|01:560:352:01|4.67|4.50|4.33|4.83|4.17|3.83|4.33|4.33|4.17|4.17
Baldi|01:560:362:01|4.47|4.60|4.53|4.60|4.47|4.20|4.29|3.73|4.47|4.73
White|01:560:371:01|5.00|5.00|5.00|5.00|5.00|5.00|5.00|4.33|5.00|5.00
