Piatek S|01:750:106:01|3.89|3.85|3.79|3.80|3.94|3.73|3.67|3.63|3.70|3.66|3.81|3.89|3.89|3.55|4.07|3.36
Keeton C|01:750:109:01|4.80|4.72|4.63|4.77|4.44|4.50|4.32|3.79|4.51|4.42|4.85|4.35|4.34|4.27|4.65|3.64
Sellwood Jeremy|01:750:110:01|4.09|3.84|3.84|3.99|3.83|3.46|3.47|3.62|3.43|3.51|4.05|3.26|3.54|3.72|4.07|3.46
Hughes J|01:750:110:02|4.09|3.84|3.84|3.99|3.83|3.46|3.47|3.62|3.43|3.51|4.05|3.26|3.54|3.72|4.07|3.46
Brahmia S.|NONE|4.69|4.54|4.68|4.57|4.42|4.50|4.51|4.04|4.44|4.46|4.82|3.59|3.99|3.77|4.57|3.75
BLUMBERG GIRSH|01:750:124:01|3.22|2.85|2.84|3.31|3.53|2.75|2.97|3.58|2.36|2.85|2.60|3.58|3.73|3.35|3.82|3.38
Kojima H.|01:750:124:01|4.44|4.46|4.16|4.56|4.36|4.14|4.14|3.91|4.24|4.00|4.22|3.90
Gustafsson T|01:750:124:02|4.44|4.46|4.16|4.56|4.36|4.14|4.14|3.91|4.24|4.00|4.22|3.90
Gustafsson T|01:750:124:04|4.44|4.46|4.16|4.56|4.36|4.14|4.14|3.91|4.24|4.00|4.22|3.90
Gustafsson T|01:750:124:05|4.44|4.46|4.16|4.56|4.36|4.14|4.14|3.91|4.24|4.00|4.22|3.90
Gershenson M.|01:750:124:06|4.44|4.46|4.16|4.56|4.36|4.14|4.14|3.91|4.24|4.00|4.22|3.90
Gershenson M.|01:750:124:10|4.44|4.46|4.16|4.56|4.36|4.14|4.14|3.91|4.24|4.00|4.22|3.90
Gershenson M.|01:750:124:12|4.44|4.46|4.16|4.56|4.36|4.14|4.14|3.91|4.24|4.00|4.22|3.90
Basirnia A.|01:750:124:15|4.44|4.46|4.16|4.56|4.36|4.14|4.14|3.91|4.24|4.00|4.22|3.90
Basirnia A.|01:750:124:18|4.44|4.46|4.16|4.56|4.36|4.14|4.14|3.91|4.24|4.00|4.22|3.90
BLUMBERG GIRSH|01:750:124:18|3.22|2.85|2.84|3.31|3.53|2.75|2.97|3.58|2.36|2.85|2.60|3.58|3.73|3.35|3.82|3.38
Schnetzer Stephen|01:750:140:01|4.10|3.98|3.51|4.12|3.90|3.15|3.17|2.61|3.07|3.05|4.54|3.41
Gentile M.|01:750:194:01|4.14|3.81|3.82|4.09|3.95|3.66|3.67|3.13|3.68|3.75|4.66|3.67
Gentile M.|01:750:194:01|4.74|4.69|4.63|4.86|4.58|4.43|4.23|3.30|4.50|4.12|4.93|3.32|3.75|4.17|4.13|3.58
Pelo D|01:750:194:03|4.14|3.81|3.82|4.09|3.95|3.66|3.67|3.13|3.68|3.75|4.66|3.67
Levi O.|01:750:194:04|4.14|3.81|3.82|4.09|3.95|3.66|3.67|3.13|3.68|3.75|4.66|3.67
Toledo S.|01:750:194:05|4.14|3.81|3.82|4.09|3.95|3.66|3.67|3.13|3.68|3.75|4.66|3.67
Spero T.|01:750:194:06|4.14|3.81|3.82|4.09|3.95|3.66|3.67|3.13|3.68|3.75|4.66|3.67
Mogilski B.|01:750:194:07|4.14|3.81|3.82|4.09|3.95|3.66|3.67|3.13|3.68|3.75|4.66|3.67
Arias I.|01:750:194:08|4.14|3.81|3.82|4.09|3.95|3.66|3.67|3.13|3.68|3.75|4.66|3.67
Buchan D.|01:750:194:09|4.14|3.81|3.82|4.09|3.95|3.66|3.67|3.13|3.68|3.75|4.66|3.67
Gentile M.|01:750:194:20|4.65|4.27|4.44|4.49|4.19|4.23|4.12|3.39|4.22|3.91|4.81|4.01|3.71|3.65|3.16|3.85|3.82
Resnick E|01:750:194:22|4.65|4.27|4.44|4.49|4.19|4.23|4.12|3.39|4.22|3.91|4.81|4.01|3.71|3.65|3.16|3.85|3.82
Vanier M.|01:750:194:23|4.65|4.27|4.44|4.49|4.19|4.23|4.12|3.39|4.22|3.91|4.81|4.01|3.71|3.65|3.16|3.85|3.82
Kosinski J.|01:750:194:24|4.65|4.27|4.44|4.49|4.19|4.23|4.12|3.39|4.22|3.91|4.81|4.01|3.71|3.65|3.16|3.85|3.82
Arias I.|01:750:194:26|4.65|4.27|4.44|4.49|4.19|4.23|4.12|3.39|4.22|3.91|4.81|4.01|3.71|3.65|3.16|3.85|3.82
Hueston M.|01:750:194:27|4.65|4.27|4.44|4.49|4.19|4.23|4.12|3.39|4.22|3.91|4.81|4.01|3.71|3.65|3.16|3.85|3.82
Chen H.|01:750:194:28|4.65|4.27|4.44|4.49|4.19|4.23|4.12|3.39|4.22|3.91|4.81|4.01|3.71|3.65|3.16|3.85|3.82
Reed R.|01:750:194:29|4.65|4.27|4.44|4.49|4.19|4.23|4.12|3.39|4.22|3.91|4.81|4.01|3.71|3.65|3.16|3.85|3.82
Brahmia A.|NONE|4.83|4.70|4.83|4.75|4.70|4.69|4.63|3.63|4.70|4.61|4.73|3.44|4.34|4.41|4.73|3.98
Liu W|NONE|4.44|4.56|4.38|4.66|4.56|4.26|4.18|3.59|4.29|4.26|4.41|4.00
Liu W|NONE|4.44|4.56|4.38|4.66|4.56|4.26|4.18|3.59|4.29|4.26|4.41|4.00
Liu W|NONE|4.44|4.56|4.38|4.66|4.56|4.26|4.18|3.59|4.29|4.26|4.41|4.00
Croft M.|01:750:203:01|3.74|4.29|4.24|4.51|4.37|3.83|3.84|3.35|3.54|3.65|4.80|4.18|4.28|4.39|4.46|3.75
Oh Seongshik|01:750:204:01|4.05|3.92|3.85|4.25|4.15|3.81|3.78|3.53|3.73|3.84|4.54
Brahmia A.|01:750:204:01|4.83|4.70|4.74|4.78|4.56|4.62|4.58|3.68|4.67|4.45|4.72|3.48|4.33|4.36|4.68|3.86
Oh Seongshik|01:750:204:02|4.05|3.92|3.85|4.25|4.15|3.81|3.78|3.53|3.73|3.84|4.54
Oh Seongshik|01:750:204:04|4.05|3.92|3.85|4.25|4.15|3.81|3.78|3.53|3.73|3.84|4.54
Oh Seongshik|01:750:204:06|4.05|3.92|3.85|4.25|4.15|3.81|3.78|3.53|3.73|3.84|4.54
Brahmia A.|01:750:204:13|4.83|4.70|4.74|4.78|4.56|4.62|4.58|3.68|4.67|4.45|4.72|3.48|4.33|4.36|4.68|3.86
McGarvey J|01:750:205:01|4.63|4.67|4.50|4.73|4.55|4.45|4.29|3.64|4.47|4.23|4.48|4.29|4.21|3.74|2.96|3.42|4.02
McGarvey J|01:750:205:02|4.63|4.67|4.50|4.73|4.55|4.45|4.29|3.64|4.47|4.23|4.48|4.29|4.21|3.74|2.96|3.42|4.02
Audunoori S.|01:750:205:03|4.63|4.67|4.50|4.73|4.55|4.45|4.29|3.64|4.47|4.23|4.48|4.29|4.21|3.74|2.96|3.42|4.02
Audunoori S.|01:750:205:04|4.63|4.67|4.50|4.73|4.55|4.45|4.29|3.64|4.47|4.23|4.48|4.29|4.21|3.74|2.96|3.42|4.02
Rajasekaran R.|01:750:205:05|4.63|4.67|4.50|4.73|4.55|4.45|4.29|3.64|4.47|4.23|4.48|4.29|4.21|3.74|2.96|3.42|4.02
Rajasekaran R.|01:750:205:06|4.63|4.67|4.50|4.73|4.55|4.45|4.29|3.64|4.47|4.23|4.48|4.29|4.21|3.74|2.96|3.42|4.02
Kottam N|01:750:205:07|4.63|4.67|4.50|4.73|4.55|4.45|4.29|3.64|4.47|4.23|4.48|4.29|4.21|3.74|2.96|3.42|4.02
Reyes S.|01:750:206:01|4.16|4.03|3.70|4.20|3.93|3.72|3.58|3.41|3.72|3.63|3.92|3.65|3.83|3.44|2.73|3.20|3.16
Reyes S.|01:750:206:02|4.16|4.03|3.70|4.20|3.93|3.72|3.58|3.41|3.72|3.63|3.92|3.65|3.83|3.44|2.73|3.20|3.16
Dai W|01:750:206:09|4.16|4.03|3.70|4.20|3.93|3.72|3.58|3.41|3.72|3.63|3.92|3.65|3.83|3.44|2.73|3.20|3.16
Alba G.|01:750:206:18|4.16|4.03|3.70|4.20|3.93|3.72|3.58|3.41|3.72|3.63|3.92|3.65|3.83|3.44|2.73|3.20|3.16
Gilman R.|01:750:228:02|4.18|3.92|3.51|4.09|4.19|3.29|3.62|3.66|3.32|3.53|4.63|4.01|3.78|3.61|3.89|3.64
Cizewski J|01:750:228:02|4.61|4.53|4.30|4.54|4.44|4.36|4.34|4.05|4.42|4.24|4.48
Basirnia A.|01:750:228:03|4.61|4.53|4.30|4.54|4.44|4.36|4.34|4.05|4.42|4.24|4.48
Cizewski J|01:750:228:04|4.61|4.53|4.30|4.54|4.44|4.36|4.34|4.05|4.42|4.24|4.48
Cizewski J|01:750:228:05|4.61|4.53|4.30|4.54|4.44|4.36|4.34|4.05|4.42|4.24|4.48
Zamolodchikov A.|01:750:228:06|4.61|4.53|4.30|4.54|4.44|4.36|4.34|4.05|4.42|4.24|4.48
Cizewski J|01:750:228:14|4.61|4.53|4.30|4.54|4.44|4.36|4.34|4.05|4.42|4.24|4.48
Gilman R.|01:750:228:14|4.18|3.92|3.51|4.09|4.19|3.29|3.62|3.66|3.32|3.53|4.63|4.01|3.78|3.61|3.89|3.64
Zamolodchikov A.|01:750:228:15|4.61|4.53|4.30|4.54|4.44|4.36|4.34|4.05|4.42|4.24|4.48
Basirnia A.|01:750:228:16|4.61|4.53|4.30|4.54|4.44|4.36|4.34|4.05|4.42|4.24|4.48
Salur S.|01:750:228:20|4.61|4.53|4.30|4.54|4.44|4.36|4.34|4.05|4.42|4.24|4.48
Zamolodchikov A.|01:750:228:21|4.61|4.53|4.30|4.54|4.44|4.36|4.34|4.05|4.42|4.24|4.48
Basirnia A.|01:750:228:22|4.61|4.53|4.30|4.54|4.44|4.36|4.34|4.05|4.42|4.24|4.48
Lavu N|01:750:230:04|4.34|4.37|4.31|4.59|4.51|4.24|4.00|3.99|4.31|4.01|4.55|4.00|4.04|3.57|2.79|3.31|3.58
Ganapathi D|01:750:230:08|4.34|4.37|4.31|4.59|4.51|4.24|4.00|3.99|4.31|4.01|4.55|4.00|4.04|3.57|2.79|3.31|3.58
Lavu N|01:750:230:11|4.34|4.37|4.31|4.59|4.51|4.24|4.00|3.99|4.31|4.01|4.55|4.00|4.04|3.57|2.79|3.31|3.58
Kalelkar M.|NONE|4.97|4.81|4.91|4.87|4.76|4.71|4.62|3.94|4.81|4.66|4.87|3.74|4.62|4.22|4.78|3.96
Zimmermann F.|01:750:276:01|4.00|4.48|3.67|4.46|4.44|3.98|3.67|3.37|3.87|3.67|3.62|3.75|3.52|3.25|2.17|3.20|3.41
Zimmermann F.|01:750:276:02|4.00|4.48|3.67|4.46|4.44|3.98|3.67|3.37|3.87|3.67|3.62|3.75|3.52|3.25|2.17|3.20|3.41
Cheong S.|01:750:301:01|4.50|4.67|4.50|4.67|4.17|4.00|4.17|4.00|4.33|4.33|4.00|2.33|4.17|4.50|3.00
Zamick L.|01:750:323:01|4.14|4.22|3.67|4.33|4.44|3.22|4.00|3.89|4.00|3.11|4.89|3.56|3.38|3.29|4.00
Zamick L.|01:750:324:01|4.29|4.40|4.00|4.50|4.73|4.00|4.36|4.64|4.20|3.91|4.82|3.20|3.40|4.00|4.44
Podzorov V.|01:750:327:01|4.71|4.57|4.06|4.60|4.56|4.29|4.06|3.54|4.31|4.14|4.77|3.10|3.59|3.56|3.59
Podzorov V.|01:750:327:03|4.46|4.51|4.18|4.67|4.51|4.34|4.28|3.64|4.31|4.18|4.74|4.18|3.63|3.45|2.76|3.66|3.76
Gawiser E.|01:750:342:01|4.87|4.92|4.92|4.92|4.77|4.77|4.82|4.59|4.90|4.79|5.00|3.94|4.74|4.67|3.76
Baker A.|01:750:343:01|4.91|4.64|4.55|4.73|4.82|4.45|4.64|4.55|4.64|4.64|5.00|4.00|4.50|5.00|3.91
Lath Amitabh|01:750:351:01|4.63|4.67|4.37|4.81|4.81|4.44|4.52|3.96|4.62|4.33|5.00|3.96|4.19|4.85|3.63
Kiryukhin V.|01:750:382:01|4.81|4.69|4.50|4.23|4.38|4.31|4.62|4.42|4.50|4.31|4.81|4.65|4.58|4.81|4.04
Somalwar S.|01:750:386:01|4.86|4.86|4.79|4.83|4.93|4.62|4.64|4.04|4.82|4.76|4.93|4.76|4.59|4.82|4.18
Andrei E.|01:750:388:01|4.22|4.00|4.33|4.50|4.17|4.25|4.42|4.17|4.08|4.58|4.67|4.75|3.58|3.67|3.33|4.00|3.50
Chandra P.|01:750:397:01|4.33|4.17|4.44|4.72|4.78|4.39|4.50|4.50|4.11|4.29|4.89|4.00|4.39|4.71|3.44
Morozov A.|01:750:406:01|4.86|4.29|4.14|4.86|4.86|4.43|5.00|4.14|4.14|4.29|4.57|4.57|4.71|4.83|4.29
Chou J.P.|01:750:418:01|4.13|4.88|4.63|4.88|4.38|4.38|4.22|4.33|4.00|4.00|5.00|2.56|3.88|1.57|3.78
Pryor C.|01:750:441:01|4.00|4.38|4.13|4.63|4.63|4.25|4.38|4.38|4.25|4.25|4.88|4.38|4.50|3.88|3.88
