Ponce Juan Jose|01:595:100:01|4.54|4.33|4.38|4.46|4.31|4.38|4.33|4.54|4.31|4.31
Berg Ulla|01:595:101:01|4.42|4.73|4.50|4.88|4.88|4.12|4.38|3.80|4.23|4.27
Rosenbaum Susanna|01:595:101:02|4.42|4.73|4.50|4.88|4.88|4.12|4.38|3.80|4.23|4.27
Ramos Robert|01:595:203:01|4.36|4.77|4.79|4.86|4.86|4.43|4.64|4.21|4.36|4.50
FUENTES MARISA|01:595:204:01|4.43|4.50|4.54|4.57|4.39|4.32|4.50|3.96|4.39|4.25
Ponce Juan Jose|01:595:205:01|3.93|3.87|3.67|3.93|3.47|3.40|3.47|3.60|3.40|3.33
Maldonado-Torres Nelson|01:595:212:01|5.00|5.00|5.00|5.00|5.00|5.00|5.00|3.50|5.00|5.00
Gonzalez Carolina|01:595:267:01|3.29|3.57|3.86|3.14|3.43|3.00|2.86|3.57|3.14|3.57
Martinez-San Miguel Yolanda|01:595:295:01|4.31|4.31|4.38|4.54|4.31|4.00|4.38|3.69|4.31|4.23|3.20|4.17|3.83|3.83
Navarro Tami|01:595:297:02|4.14|3.71|4.00|4.00|4.14|3.71|4.14|4.00|3.86|3.71
Rosenbaum Susanna|01:595:299:01|4.60|4.40|4.40|4.40|4.10|4.00|4.10|4.30|4.20|4.20
Thompson Michelle|01:595:300:01|4.67|5.00|4.67|5.00|4.33|5.00|5.00|5.00|4.50|4.67
Stephens Thomas|01:595:303:01|4.51|4.51|4.54|4.61|4.00|4.37|4.34|3.90|4.41|4.34
Dinzey-Flores Zaire|01:595:304:01|4.00|4.00|4.00|4.00|4.50|4.00|4.00|3.50|4.00|4.00
Rosenbaum Susanna|01:595:312:01|4.73|4.71|4.81|4.77|4.56|4.58|4.67|4.00|4.63|4.65
Miller Hyacinth|01:595:312:04|4.73|4.71|4.81|4.77|4.56|4.58|4.67|4.00|4.63|4.65
Alexis Yveline|01:595:312:05|4.73|4.71|4.81|4.77|4.56|4.58|4.67|4.00|4.63|4.65
NERLEKAR ANJALI|01:595:312:06|4.73|4.71|4.81|4.77|4.56|4.58|4.67|4.00|4.63|4.65
Lopez-Marro Tania|01:595:312:07|4.73|4.71|4.81|4.77|4.56|4.58|4.67|4.00|4.63|4.65
Marchi Regina|01:595:312:08|4.73|4.71|4.81|4.77|4.56|4.58|4.67|4.00|4.63|4.65
Echevarria Darius|01:595:312:10|4.73|4.71|4.81|4.77|4.56|4.58|4.67|4.00|4.63|4.65
Cartagena Juan|01:595:370:01|4.56|4.67|5.00|4.89|4.33|4.67|4.78|4.00|4.56|4.56
Ponce Juan Jose|01:595:372:01|4.59|4.31|4.35|4.35|3.94|3.76|4.24|4.24|4.18|3.81
Silva Jorge|01:595:390:01|3.50|4.67|4.33|4.67|4.83|4.00|4.17|4.17|3.83|3.83
Berg Ulla|01:595:402:01|4.57|4.86|4.86|5.00|4.67|4.71|5.00|4.71|4.86|4.71
