Boghossian Anneliese|01:470:101:04|4.48|4.30|4.48|4.61|4.58|4.15|4.53|4.18|4.39|4.38|4.52|4.47|4.15|4.28
O'Neal Devin|01:470:104:01|4.67|5.00|5.00|5.00|5.00|5.00|5.00|5.00|4.67|4.67|5.00|4.33|5.00|5.00
Dine Ute|01:470:105:01|5.00|5.00|5.00|5.00|5.00|5.00|5.00|4.67|5.00|5.00|5.00|5.00|5.00|4.67
Boghossian Anneliese|01:470:121:01|4.67|5.00|5.00|5.00|5.00|5.00|5.00|5.00|5.00|5.00|5.00|5.00|5.00|4.67
Pichugin Alexander|01:470:131:01|4.71|4.57|4.64|4.57|4.69|4.57|4.50|4.64|4.50|4.43|4.43|4.64|4.71|4.57
O'Neal Devin|01:470:131:02|4.71|4.57|4.64|4.57|4.69|4.57|4.50|4.64|4.50|4.43|4.43|4.64|4.71|4.57
Glowacki Doris|01:470:132:01|5.00|5.00|5.00|5.00|5.00|5.00|5.00|4.71|4.86|4.86|4.86|5.00|4.43|4.57
Liamkina Olga|01:470:231:01|3.80|4.40|4.10|4.40|4.40|4.20|4.50|4.10|4.30|4.20|4.40|4.10|4.60|4.20
Liamkina Olga|01:470:232:01|5.00|5.00|5.00|5.00|5.00|5.00|4.50|5.00|5.00|5.00|5.00|5.00|5.00|5.00
Prakash Shambhavi|01:470:299:01|5.00|4.86|5.00|4.86|4.71|4.83|4.29|3.57|4.86|4.57|4.71|4.71|4.71|4.29
Pichugin Alexander|01:470:301:01|4.86|5.00|5.00|5.00|4.86|4.71|4.71|4.29|4.86|4.86|4.83|4.83|5.00|4.57
Levine Michael|01:470:304:01|4.86|4.71|4.71|4.86|5.00|4.86|4.86|4.43|4.71|4.71|5.00|5.00|5.00|4.86
Craig Charlotte|01:470:315:01|3.50|3.00|3.50|4.00|3.00|3.50|3.00|4.00|3.00|3.00|3.00|4.50|4.50|4.00
Ciklamini Marlene|01:470:329:01|4.60|5.00|4.80|5.00|4.40|4.80|4.80|4.80|4.60|4.40|4.60|4.60|5.00|4.80
Rennie Nicholas|01:470:364:01|4.78|4.56|4.67|4.78|4.67|4.56|4.78|4.67|4.67|4.67
Ciklamini Marlene|01:470:387:01|4.00|5.00|4.00|5.00|5.00|4.00|4.00|4.00|4.00|4.00|5.00|4.00
Naqvi Fatima|01:470:436:01|5.00|5.00|5.00|5.00|4.67|5.00|5.00|4.33|5.00|5.00|5.00|4.67|5.00|5.00
