SCHJOTT JESSICA|01:146:295:01|4.73|4.69|4.65|4.84|4.69|4.68|4.69|4.31|4.75|4.65|5.00
KEATING ANNE|01:146:328:00|4.76|4.60|4.53|4.60|4.36|4.15|4.37|3.87|4.41|4.25|5.00|5.00|5.00|5.00|5.00|5.00|5.00
GOLFETI ROSELI|01:146:356:01|3.58|3.57|3.80|3.96|3.57|3.11|3.72|4.23|3.04|3.19|4.00
SAMIZEDEH MAATA|01:146:357:02|4.59|4.39|4.33|4.40|4.23|4.16|4.28|4.13|4.29|3.99
SAMIZEDEH MAHTA|01:146:357:07|4.59|4.39|4.33|4.40|4.23|4.16|4.28|4.13|4.29|3.99
RAMEZAMLI TAMMAZ|01:146:357:10|4.59|4.39|4.33|4.40|4.23|4.16|4.28|4.13|4.29|3.99
SHAY VATSAL|01:146:357:11|4.59|4.39|4.33|4.40|4.23|4.16|4.28|4.13|4.29|3.99
DARCANGELO GABRIELLA|01:146:445:01|4.43|4.49|4.26|4.58|4.45|4.10|4.27|4.42|4.29|4.22
FIRESTEIN BONNIE|01:146:445:01|4.43|4.49|4.26|4.58|4.45|4.10|4.27|4.42|4.29|4.22|5.00
HART RONALD|01:146:445:01|4.43|4.49|4.26|4.58|4.45|4.10|4.27|4.42|4.29|4.22
HSU SHU|01:146:445:01|4.43|4.49|4.26|4.58|4.45|4.10|4.27|4.42|4.29|4.22|5.00
PARADISO KENNETH|01:146:445:01|4.43|4.49|4.26|4.58|4.45|4.10|4.27|4.42|4.29|4.22
Plummer Mark|01:146:445:01|4.57|4.65|4.22|4.43|4.52|4.04|4.35|4.43|4.26|4.00
KWAN|01:146:464:01|4.48|4.54|4.43|4.41|4.43|4.48|4.56|4.28|4.50|4.54
GRUMET W|01:146:464:01|4.48|4.54|4.43|4.41|4.43|4.48|4.56|4.28|4.50|4.54
YOUNG W|01:146:464:01|4.48|4.54|4.43|4.41|4.43|4.48|4.56|4.28|4.50|4.54
Haimovich Beatrice|01:146:470:01|4.52|4.43|4.10|4.52|4.33|4.09|4.14|4.17|4.23|4.02
Brewer Gary|01:146:470:01|4.52|4.43|4.10|4.52|4.33|4.09|4.14|4.17|4.23|4.02
Kwan Kevin|01:146:470:01|4.52|4.43|4.10|4.52|4.33|4.09|4.14|4.17|4.23|4.02
Hart Ron|01:146:470:01|4.52|4.43|4.10|4.52|4.33|4.09|4.14|4.17|4.23|4.02
Werlen Guy|01:146:470:01|4.52|4.43|4.10|4.52|4.33|4.09|4.14|4.17|4.23|4.02
Schwander Martin|01:146:470:01|4.52|4.43|4.10|4.52|4.33|4.09|4.14|4.17|4.23|4.02
