DONNELLY BRIAN|01:202:201:01|4.70|4.71|4.71|4.78|4.79|4.55|4.60|4.20|4.67|4.64|4.56|4.67|4.57|4.43|4.67|4.80|4.67|4.50|4.71
SZEJNER ROBERT|01:202:201:02|4.70|4.71|4.71|4.78|4.79|4.55|4.60|4.20|4.67|4.64|4.56|4.67|4.57|4.43
SZEJNER ROBERT|01:202:201:03|4.70|4.71|4.71|4.78|4.79|4.55|4.60|4.20|4.67|4.64
LOSACCO FRANK|01:202:201:04|4.70|4.71|4.71|4.78|4.79|4.55|4.60|4.20|4.67|4.64|4.56|4.67|4.57|4.43|4.67|4.80|4.67|4.50|4.71
KOHL JAMES|01:202:202:01|4.56|4.39|4.47|4.46|4.35|3.96|4.13|4.14|4.19|4.18|5.00
WELCH MICHAEL|01:202:203:01|4.38|4.43|4.53|4.43|4.08|4.09|4.20|4.22|4.16|4.14
SHERIDAN MATTHEW|01:202:203:02|4.38|4.43|4.53|4.43|4.08|4.09|4.20|4.22|4.16|4.14|5.00|5.00|5.00|5.00|5.00|5.00
NETTL PHILIP|01:202:205:01|4.58|4.71|4.54|4.65|4.74|4.39|4.46|4.32|4.66|4.56|5.00|5.00|5.00|5.00|5.00|5.00|5.00
DONNELLY BRIAN|01:202:302:80|4.96|4.92|5.00|4.96|4.88|4.92|4.96|4.76|4.92|4.96|5.00|5.00|5.00|5.00
EMANUEL MICHAEL|01:202:305:01|4.29|4.35|4.39|4.18|4.18|4.00|4.20|3.88|3.94|4.03
HINDS LENNOX|01:202:309:01|4.94|4.81|4.89|4.83|4.78|4.78|4.92|4.42|4.91|4.86|5.00
HINDS LENNOX|01:202:312:01|4.93|4.97|4.97|4.90|4.31|4.76|4.76|4.11|4.76|4.73
SZEJNER ROBERT|01:202:322:01|4.54|4.69|4.59|4.79|4.84|4.32|4.57|4.11|4.55|4.54
DESIRE MARK|01:202:352:01|4.86|4.86|5.00|5.00|4.86|4.86|4.86|4.71|4.86|4.86
MORAN KIMBERLEE|01:202:388:80|4.83|4.75|4.92|4.83|4.67|4.67|4.42|4.60|4.45|4.73|5.00|5.00|5.00|5.00|5.00
DESIRE MARK|01:202:405:01|4.86|4.86|4.86|4.81|4.75|4.72|4.70|4.56|4.77|4.76|5.00|5.00|5.00|5.00
LOSACCO FRANK|01:202:422:01|4.54|4.81|4.79|4.86|4.76|4.64|4.56|4.44|4.75|4.71|5.00|5.00|5.00|5.00
MCCANN ELLEN|01:202:496:01|4.79|4.81|4.69|4.88|4.63|4.64|4.53|4.10|4.64|4.52
WELCH MICHAEL|01:202:496:02|4.79|4.81|4.69|4.88|4.63|4.64|4.53|4.10|4.64|4.52
KRIVO LAUREN|01:202:496:03|4.79|4.81|4.69|4.88|4.63|4.64|4.53|4.10|4.64|4.52
