Biwole Nathalie|01:420:101:30|3.93|3.54|3.93|3.46|3.25|3.43|3.93|4.14|3.46|3.71
Alami Myriam|01:420:102:01|4.74|4.65|4.65|4.74|4.66|4.61|4.69|4.59|4.65|4.50
Alami Myriam|01:420:102:30|4.74|4.65|4.65|4.74|4.66|4.61|4.69|4.59|4.65|4.50
Branton-Desris Jenifer|01:420:104:01|4.67|4.67|4.50|4.83|4.50|4.50|4.67|4.50|4.83|4.67
Troiano Renee|01:420:106:01|4.80|4.80|4.50|4.70|4.60|4.70|4.50|3.50|4.70|4.50
Has-Kovacs Olia|01:420:121:02|4.71|4.76|4.35|4.82|4.88|4.65|4.65|4.47|4.47|4.25
Kone Christophe|01:420:132:01|4.65|4.43|4.08|4.51|4.35|4.22|4.43|4.16|4.22|4.27
Schlehlein Melinda|01:420:132:20|4.65|4.43|4.08|4.51|4.35|4.22|4.43|4.16|4.22|4.27
Aubert Anne-Catherine|01:420:213:01|4.47|4.20|4.07|4.53|4.13|4.20|4.07|4.20|4.13|3.87
Karmarkar Medha|01:420:214:01|3.74|3.68|3.32|4.26|4.32|3.32|3.00|4.26|3.42|3.16
Branton-Desris Jenifer|01:420:214:02|3.74|3.68|3.32|4.26|4.32|3.32|3.00|4.26|3.42|3.16
Karmarkar Medha|01:420:215:01|3.96|4.36|4.46|4.64|4.64|4.24|4.08|4.24|4.24|4.04
Flieger Jerry Aline|01:420:215:02|3.96|4.36|4.46|4.64|4.64|4.24|4.08|4.24|4.24|4.04
Speer Mary|01:420:216:01|4.46|4.68|4.25|4.68|4.39|4.18|4.39|3.54|4.46|4.39
Martin Eva|01:420:216:20|4.46|4.68|4.25|4.68|4.39|4.18|4.39|3.54|4.46|4.39
Branton-Desris Jenifer|01:420:216:30|4.46|4.68|4.25|4.68|4.39|4.18|4.39|3.54|4.46|4.39
Piroux Lorraine|NONE|4.38|4.54|4.38|4.54|4.38|4.31|4.54|4.38|4.77|4.38
Flieger Jerry Aline|01:420:241:01|4.23|4.69|4.69|4.73|4.38|4.58|4.50|4.27|4.65|4.69
Williams Alan|01:420:307:01|4.00|4.11|4.11|4.00|4.22|3.67|4.00|4.11|4.22|4.33
Pairet Ana|01:420:315:01|4.00|4.33|4.00|4.44|4.17|4.00|4.00|3.67|3.78|3.72
Piroux Lorraine|01:420:341:01|4.53|4.67|4.13|4.53|4.87|4.40|4.40|3.13|4.67|4.33
Williams Alan|01:420:371:01|4.28|4.39|4.61|4.72|4.53|4.06|4.22|3.83|4.33|4.28
Schilling Derek|01:420:405:01|5.00|5.00|4.50|5.00|5.00|4.75|4.63|4.00|4.88|4.63
Deprez Viviane|01:420:407:20|4.50|4.75|4.50|4.75|5.00|4.50|4.75|4.50|4.50|4.50
Speer Mary|01:420:415:01|4.82|4.82|4.91|4.91|4.82|4.91|5.00|4.18|4.82|4.82
Allamand Carole|01:420:491:20|5.00|4.89|4.78|4.56|4.67|4.44|4.44|3.56|4.78|4.22
