Lepre|01:460:100:01|4.31|4.07|3.97|4.13|4.34|3.83|3.77|3.01|3.88|3.77
Monteverde D.|01:460:100:02|4.31|4.07|3.97|4.13|4.34|3.83|3.77|3.01|3.88|3.77
Lepre C.|01:460:100:03|4.31|4.07|3.97|4.13|4.34|3.83|3.77|3.01|3.88|3.77
Turrin|01:460:100:06|4.31|4.07|3.97|4.13|4.34|3.83|3.77|3.01|3.88|3.77
Feigenson M.|01:460:100:08|4.31|4.07|3.97|4.13|4.34|3.83|3.77|3.01|3.88|3.77
Schaller M.|01:460:100:10|4.31|4.07|3.97|4.13|4.34|3.83|3.77|3.01|3.88|3.77
Sugarman P.|01:460:100:11|4.31|4.07|3.97|4.13|4.34|3.83|3.77|3.01|3.88|3.77
Monteverde|01:460:100:13|4.31|4.07|3.97|4.13|4.34|3.83|3.77|3.01|3.88|3.77
Swisher C|01:460:101:01|4.66|4.58|4.48|4.68|4.61|4.49|4.47|3.98|4.44|4.33
Swisher C|01:460:101:02|4.66|4.58|4.48|4.68|4.61|4.49|4.47|3.98|4.44|4.33
Swisher C|01:460:101:03|4.66|4.58|4.48|4.68|4.61|4.49|4.47|3.98|4.44|4.33
Swisher C|01:460:101:04|4.66|4.58|4.48|4.68|4.61|4.49|4.47|3.98|4.44|4.33
Bidle Kay|01:460:120:01|4.10|4.01|4.23|4.36|4.19|3.83|3.81|3.50|3.73|3.51
Rona P|01:460:120:01|4.10|4.01|4.23|4.36|4.19|3.83|3.81|3.50|3.73|3.51
Sugarman|01:460:202:01|4.51|4.54|4.49|4.59|4.51|4.39|4.18|3.95|4.32|4.27
Adamo L.|01:460:206:01|4.75|4.62|4.50|4.61|4.64|4.33|4.38|3.69|4.50|4.46
Aubry Marie|01:460:212:01|3.22|2.97|3.19|3.49|3.29|2.78|2.69|2.84|2.27|2.54
Herzberg C|01:460:301:01|4.76|4.62|4.33|4.62|4.52|4.33|4.62|4.24|4.48|4.43
Vidito C|01:460:301:01|4.76|4.62|4.33|4.62|4.52|4.33|4.62|4.24|4.48|4.43
McGhee G|01:460:303:01|4.76|4.83|4.86|4.86|4.86|4.79|4.83|4.41|4.69|4.70
Ashley G|01:460:340:01|4.46|4.39|4.37|4.96|4.63|4.46|4.43|4.25|4.39|4.36
Reinfelder Y.|01:460:355:01|4.25|4.25|4.25|4.25|4.00|4.20|4.00|4.17|4.25|4.00
Schlische R.|01:460:411:01|5.00|5.00|5.00|5.00|5.00|5.00|5.00|4.25|5.00|5.00
Withjack M.|01:460:411:01|5.00|5.00|5.00|5.00|5.00|5.00|5.00|4.25|5.00|5.00
Levin V|01:460:412:01|4.00|3.83|4.00|4.00|3.83|3.67|4.17|3.00|3.83|3.50
Yee N.|01:460:417:01|5.00|4.83|4.67|4.67|4.50|4.33|4.50|4.17|4.50|4.50
Mountain G|01:460:451:01|4.50|4.92|4.58|4.92|4.64|4.50|4.45|4.50|4.50|4.50
Wright James|01:460:451:01|4.50|4.92|4.58|4.92|4.64|4.50|4.45|4.50|4.50|4.50
Falkowski Paul|01:460:476:01|4.33|4.33|4.83|4.58|4.25|4.50|4.92|4.50|4.50|4.50
Herzberg C|01:460:493:01
Feibel C|01:460:493:01
Aubry M|01:460:493:01|5.00|4.50|4.50|5.00|5.00|5.00|4.50|5.00
Aubry|01:460:495:01|5.00|5.00|5.00|5.00|5.00|5.00|5.00|5.00
