MICHAELIS RON|01:447:380:00|4.47|4.44|4.19|4.60|4.32|4.04|4.07|3.63|4.33|4.02|4.50
KORIBANCS NICOLE|01:447:380:01|4.47|4.44|4.19|4.60|4.32|4.04|4.07|3.63|4.33|4.02
Verzi Michael|01:447:384:00|4.39|4.23|4.08|4.60|4.42|3.95|4.03|4.51|4.10|4.02
KONSOLAKI MARIA|01:447:384:00|4.64|4.23|4.40|4.48|4.38|4.31|4.26|4.68|4.32|4.15
MICHAELIS RON|01:447:390:00|4.55|4.33|4.28|4.47|4.24|4.15|4.27|3.82|4.37|4.19
WANG YING|01:447:390:01|4.55|4.33|4.28|4.47|4.24|4.15|4.27|3.82|4.37|4.19
WANG YING|01:447:390:02|4.55|4.33|4.28|4.47|4.24|4.15|4.27|3.82|4.37|4.19
SHUMYATSKY GLEB|01:447:403:02|3.45|3.20|3.15|3.40|3.14|3.10|2.90|3.10|3.25|3.00
KONSOLAKI MARY|01:447:405:01|4.08|4.33|3.83|4.27|4.80|3.67|3.58|4.25|3.92|3.58
MCKIM KIM|01:447:465:01|4.24|4.49|4.43|4.58|4.32|4.08|4.26|4.16|4.13|4.18|4.00|4.00|4.00|4.00|4.00|4.00|4.00|4.00|4.00
MATISE TARA|01:447:481:01|4.52|4.31|4.69|4.80|4.32|4.32|4.54|4.25|4.35|4.52|5.00
HEY J|01:447:486:01|4.76|4.30|4.09|4.18|4.06|3.94|4.24|4.03|4.06|4.00
AXELROD DAVID|01:447:495:01|4.82|4.29|4.53|4.41|4.12|4.06|4.53|4.65|4.25|4.19
