Bonilla Yarimar|01:595:100:01|4.76|5.00|4.81|4.95|4.76|4.62|4.71|4.29|4.76|4.71
Lopez Kathleen|01:595:100:02|4.76|5.00|4.81|4.95|4.76|4.62|4.71|4.29|4.76|4.71
Stone-Cadena Victoria|01:595:101:01|4.55|4.68|4.73|4.82|4.67|4.73|4.64|3.91|4.64|4.43
Stone-Cadena Victoria|01:595:101:02|4.55|4.68|4.73|4.82|4.67|4.73|4.64|3.91|4.64|4.43
Silva Jorge|01:595:205:01|3.38|4.31|4.23|4.38|4.92|3.46|4.00|3.54|3.77|3.77
Stephens Michelle|01:595:212:01|4.63|4.88|4.63|4.88|4.38|4.63|4.50|3.88|4.38|4.25
Nazario|01:595:225:01|4.70|4.80|4.70|4.80|4.70|4.80|4.80|4.20|4.90|4.90
Martinez-San Miguel Yolanda|01:595:295:01|4.90|5.00|5.00|5.00|4.90|5.00|4.90|3.90|4.90|4.90|4.50|4.50
Berg U|01:595:298:01|4.78|4.89|4.78|4.89|4.56|4.33|4.56|4.25|4.44|4.11
Stone-Cadena Victoria|01:595:299:01|4.67|4.67|4.67|4.78|4.67|4.33|4.56|3.78|4.56|4.67
Lopez Marrero T.|01:595:312:03|4.81|4.81|4.75|4.81|4.63|4.63|4.63|4.13|4.69|4.63
Nerlekar Anjali|01:595:312:05|4.81|4.81|4.75|4.81|4.63|4.63|4.63|4.13|4.69|4.63|5.00|3.00|4.00|5.00|3.00|3.00
Echeverria|01:595:369:01|4.31|4.63|4.53|4.50|4.31|4.06|4.31|3.88|4.25|4.19
Lopez Kathy|01:595:390:01|4.83|4.83|4.83|4.83|5.00|4.75|4.92|4.00|4.75|4.75
Stevens Camilla|01:595:412:01|4.75|5.00|5.00|5.00|4.92|4.75|4.83|4.00|4.83|4.75|4.14|4.71
Dinzey Flores|01:595:497:01|3.67|4.00|4.00|4.00|4.00|4.00|4.00|4.33|4.00|4.00
