URBAN ANDREW|01:050:101:01|4.55|4.48|4.27|4.55|4.15|3.91|3.79|3.06|4.21|3.91|3.00
MASUR LOUIS|01:050:201:01|4.76|4.76|4.86|4.86|4.52|4.70|4.55|4.53|4.76|4.70|5.00|5.00|5.00|5.00|5.00|5.00
ROCKLAND MICHAEL|01:050:227:01|4.33|4.56|4.67|4.89|4.75|4.56|4.33|3.22|4.44|4.33
FIGUEROA Y.|01:050:240:01|4.36|4.79|4.86|4.86|4.50|4.57|4.43|4.00|4.43|4.50|3.33|4.67
POPPER F.|01:050:244:01|4.44|4.44|4.33|4.56|4.22|3.78|3.89|3.44|4.00|4.00
Nigrin A.|01:050:267:01|4.63|4.56|4.44|4.74|4.44|4.50|4.52|4.44|4.42|4.46
LEE RICK|01:050:281:02|5.00|4.93|4.87|4.94|4.75|4.69|4.73|3.47|4.80|4.73
RZIGALINSKI CHRISTOPHER|01:050:282:01|4.63|4.55|4.61|4.66|4.50|4.64|4.72|3.88|4.83|4.87
APPELS JONATHON|01:050:283:01|4.69|4.75|4.88|4.88|4.80|4.75|4.63|4.19|4.63|4.56
APPELS JONATHON|01:050:283:02|4.69|4.75|4.88|4.88|4.80|4.75|4.63|4.19|4.63|4.56
Decker J.|01:050:300:01|4.64|4.66|4.40|4.64|4.43|4.31|4.30|3.92|4.42|4.45
Appels J.|01:050:300:80|4.64|4.66|4.40|4.64|4.43|4.31|4.30|3.92|4.42|4.45
Zemla C.|01:050:300:81|4.64|4.66|4.40|4.64|4.43|4.31|4.30|3.92|4.42|4.45
Backes M.|01:050:300:82|4.64|4.66|4.40|4.64|4.43|4.31|4.30|3.92|4.42|4.45
Zoccolillo A.|01:050:300:83|4.64|4.66|4.40|4.64|4.43|4.31|4.30|3.92|4.42|4.45
BARNETT LOUISE|01:050:301:01|4.32|4.18|4.23|4.41|4.41|3.91|3.82|3.57|4.14|3.86
Chadwick|01:050:301:80|4.25|4.56|4.50|4.69|4.38|4.31|4.06|4.44|4.44|4.13
Zoccolillo A.|01:050:301:81|4.25|4.56|4.50|4.69|4.38|4.31|4.06|4.44|4.44|4.13
Furman H.|01:050:303:80|5.00|5.00|4.50|5.00|5.00|4.50|4.75|3.00|4.75|4.75
URBAN Andy|01:050:304:01|4.79|4.68|4.63|4.74|4.47|4.42|4.53|4.28|4.53|4.42
McElhinney A.|01:050:306:80|4.86|5.00|4.71|5.00|4.86|4.71|4.86|4.29|4.86|4.86
SCHUSTER MARK|01:050:312:01|4.40|4.68|4.60|4.63|4.64|4.20|4.44|3.68|4.72|4.52
FISHBEIN LESLIE|01:050:325:01|4.85|4.69|4.46|4.77|4.69|4.15|4.54|4.00|4.46|4.38|4.15|4.62|4.31
FISHBEIN LESLIE|01:050:341:01|4.79|4.79|4.32|4.74|4.79|4.32|4.42|3.63|4.16|4.00|4.05|4.79|4.32
Sheehan T.|01:050:351:01|5.00|4.86|4.64|4.93|4.50|4.57|4.57|4.29|4.54|4.46
Isaac A.|01:050:377:01|4.67|4.67|4.67|4.80|4.53|4.47|4.53|4.00|4.47|4.40|4.14|3.82|4.43|4.21|4.07|4.29
CHANMALIK SYLVIA|01:050:389:01|5.00|5.00|5.00|5.00|5.00|5.00|5.00|2.75|4.75|5.00
Barnett L.|01:050:400:01|5.00|5.00|5.00|5.00|5.00|5.00|5.00|4.00|5.00|5.00
ROCKLAND MICHAEL|01:050:487:01|4.00|4.20|4.40|4.50|4.60|4.22|4.00|4.40|4.10|4.30
