DARVILLE CAROLYN|01:447:245:01|4.58|4.62|4.47|4.72|4.54|4.14|4.38|4.18|4.28|4.28
MATISE TARA|01:447:302:01|4.71|4.50|4.11|4.55|4.26|4.06|4.43|3.66|4.39|4.11
HEY EMANUEL|01:447:302:01|4.71|4.50|4.11|4.55|4.26|4.06|4.43|3.66|4.39|4.11
Grant Barth|01:447:315:01|4.50|4.32|4.22|4.36|4.18|4.35|4.41|4.33|4.31|4.37
Nickels Bryce|01:447:315:01|4.50|4.32|4.22|4.36|4.18|4.35|4.41|4.33|4.31|4.37
Mead Parent Janet|01:447:315:01|4.50|4.32|4.22|4.36|4.18|4.35|4.41|4.33|4.31|4.37
Grant Barth|01:447:315:01|4.50|4.32|4.22|4.36|4.18|4.35|4.41|4.33|4.31|4.37
Nickels Bryce|01:447:315:01|4.50|4.32|4.22|4.36|4.18|4.35|4.41|4.33|4.31|4.37
Vershon A.|01:447:315:01|4.50|4.32|4.22|4.36|4.18|4.35|4.41|4.33|4.31|4.37
Grant Barth|01:447:315:03|4.50|4.32|4.22|4.36|4.18|4.35|4.41|4.33|4.31|4.37
Mead Parent Janet|01:447:315:03|4.50|4.32|4.22|4.36|4.18|4.35|4.41|4.33|4.31|4.37
Nickels Bryce|01:447:315:03|4.50|4.32|4.22|4.36|4.18|4.35|4.41|4.33|4.31|4.37
SINGSON ANDREW|01:447:370:01|4.23|4.38|4.42|4.56|4.71|4.21|4.00|4.08|4.17|3.98
GLODOWSKI DOREEN|01:447:380:00|4.49|4.40|4.19|4.47|4.19|4.09|4.15|3.84|4.32|4.13|4.14|4.33|4.50|4.00|4.00|4.33|4.33|4.00|4.00
MICHAELIS RON|01:447:380:00|4.49|4.40|4.19|4.47|4.19|4.09|4.15|3.84|4.32|4.13|4.14|4.33|4.50|4.00|4.00|4.33|4.33|4.00|4.00
RONGO CHRISTOPHER|01:447:385:00|4.86|4.77|4.52|4.82|4.74|4.56|4.54|4.62|4.63|4.50
GORDON DEREK|01:447:385:00|4.86|4.77|4.52|4.82|4.74|4.56|4.54|4.62|4.63|4.50
KEATING ANNE|01:447:390:00|4.86|4.72|4.46|4.68|4.32|4.26|4.46|3.72|4.53|4.15
KONSOLAKI MARY|01:447:404:01|4.59|4.59|4.28|4.77|4.78|4.44|4.23|3.71|4.48|4.28|5.00|5.00|5.00|5.00|5.00|5.00|5.00|5.00|5.00
XING JINCHUAN|01:447:404:02|4.59|4.59|4.28|4.77|4.78|4.44|4.23|3.71|4.48|4.28
SCHINDLER KAREN|01:447:404:02|4.59|4.59|4.28|4.77|4.78|4.44|4.23|3.71|4.48|4.28
SHELDON MICHAEL|01:447:404:03|4.59|4.59|4.28|4.77|4.78|4.44|4.23|3.71|4.48|4.28
Heiman Gary|01:447:430:01|4.88|4.88|4.63|4.88|4.50|4.88|5.00|3.75|4.75|4.88
SINHA NAVIN|01:447:451:01|4.64|4.64|3.86|4.64|4.55|4.10|4.14|3.24|4.27|3.91
YU LEI|01:447:460:01|4.91|4.79|4.86|4.93|4.39|4.74|4.67|4.31|4.67|4.66
SHUMYATSKY GLEB|01:447:484:01|4.50|4.48|4.77|4.68|4.41|4.14|4.45|4.22|4.35|4.30
