Boghossian Anneliese|01:470:101:02|4.85|5.00|4.85|5.00|4.92|4.70|4.78|4.26|4.81|4.56|4.69|4.77|4.19|4.32
Kuhn Ken|01:470:101:04|4.85|5.00|4.85|5.00|4.92|4.70|4.78|4.26|4.81|4.56|4.69|4.77|4.19|4.32
O'Neal Devin|01:470:104:01|5.00|5.00|5.00|5.00|5.00|4.50|4.50|4.50|4.50|4.50|5.00|5.00|5.00|5.00
Glowacki Doris|01:470:131:01|4.92|4.92|4.85|5.00|4.85|4.77|4.62|4.85|4.85|4.85|4.85|5.00|4.85|4.77
Pichugin Alexander|01:470:132:01|4.67|5.00|5.00|5.00|5.00|4.89|5.00|4.78|4.78|4.89|4.78|4.89|4.78|4.88
O'Neal Devin|01:470:132:02|4.67|5.00|5.00|5.00|5.00|4.89|5.00|4.78|4.78|4.89|4.78|4.89|4.78|4.88
Liamkina Olga|01:470:231:01|4.33|4.00|3.67|3.83|4.33|3.67|3.83|4.83|3.50|3.67|4.00|4.50|4.83|3.67
Pichugin Alexander|01:470:299:01|5.00|4.89|4.44|4.56|4.33|4.33|4.44|4.00|4.44|4.00|4.33|4.67|4.33|4.25
Behrmann Nicola|01:470:302:01|4.70|4.91|4.73|4.82|4.82|4.36|4.64|4.36|4.73|4.45|4.82|4.91|4.82|4.67
Craig Charlotte|01:470:316:01|4.33|4.00|4.00|4.67|3.67|3.67|2.67|4.33|3.33|3.67|3.00|4.33|5.00|4.67
Rennie Nicholas|01:470:324:01|4.91|4.91|4.91|4.91|4.20|4.64|4.45|4.27|4.82|4.55|4.80|4.50|4.90|4.78
Franco Alfredo|01:470:382:01|4.86|5.00|5.00|5.00|5.00|5.00|5.00|4.43|5.00|5.00|5.00|4.86|4.29|4.57
Helfer Martha|01:470:388:01|5.00|5.00|5.00|5.00|4.83|4.83|5.00|4.83|5.00|4.83|4.83|4.83|5.00|4.80
Ciklamini Marlene|01:470:389:01|4.50|4.50|4.50|4.50|4.50|4.50|4.50|4.50|4.50|4.50|5.00|4.50|4.50|4.50
Sussman Henry|01:470:390:01|5.00|5.00|5.00|5.00|5.00|5.00|5.00|4.50|4.75|4.75
Serrano Richard|01:470:392:01|5.00|5.00|4.75|5.00|5.00|4.50|4.50|3.50|4.75|4.50|4.50
