Bishop Kathleen|01:840:112:01|4.17|3.79|3.91|3.89|4.04|3.55|3.95|3.79|3.43|3.50
Myladil Thomas|01:840:112:02|4.17|3.79|3.91|3.89|4.04|3.55|3.95|3.79|3.43|3.50
Myladil Thomas|01:840:112:03|4.17|3.79|3.91|3.89|4.04|3.55|3.95|3.79|3.43|3.50
Wallace Gregory|01:840:201:01|4.65|4.45|4.45|4.71|4.63|4.22|4.39|4.33|4.22|4.12
Wallace Gregory|01:840:201:02|4.65|4.45|4.45|4.71|4.63|4.22|4.39|4.33|4.22|4.12
Ballentine Debra|01:840:201:03|4.65|4.45|4.45|4.71|4.63|4.22|4.39|4.33|4.22|4.12
Wasserman Emma|01:840:202:01|4.41|4.54|4.33|4.62|4.59|4.34|4.26|4.36|4.36|4.23
Elkins Kathleen|01:840:202:02|4.41|4.54|4.33|4.62|4.59|4.34|4.26|4.36|4.36|4.23
Pavlin James|01:840:203:01|4.78|4.89|4.44|4.67|4.44|4.00|4.50|4.47|4.39|4.44
Sherbow Paul|01:840:204:01|4.00|4.00|4.13|4.50|4.50|3.88|4.14|4.13|3.88|3.75
Selover Thomas|01:840:211:01|4.67|4.62|4.63|4.74|4.68|4.51|4.56|3.85|4.51|4.38
Birkenholtz Jessica|01:840:211:02|4.67|4.62|4.63|4.74|4.68|4.51|4.56|3.85|4.51|4.38
Lammerts Dietrich Christian|01:840:211:03|4.67|4.62|4.63|4.74|4.68|4.51|4.56|3.85|4.51|4.38
Pavlin James|01:840:212:01|4.35|4.47|4.16|4.48|4.16|3.95|4.24|3.71|3.99|3.96
Mcginley Dugan|01:840:212:02|4.35|4.47|4.16|4.48|4.16|3.95|4.24|3.71|3.99|3.96
Bishop Kathleen|01:840:212:03|4.35|4.47|4.16|4.48|4.16|3.95|4.24|3.71|3.99|3.96
Williams Joseph|01:840:212:04|4.35|4.47|4.16|4.48|4.16|3.95|4.24|3.71|3.99|3.96
Zamani Amir|01:840:212:05|4.35|4.47|4.16|4.48|4.16|3.95|4.24|3.71|3.99|3.96
Johnson James|01:840:240:01|4.00|4.29|3.86|4.29|3.86|3.29|3.29|3.14|3.43|3.57
Rendsburg Gary|01:840:242:01|4.69|4.77|4.69|4.77|4.31|4.62|4.69|4.46|4.38|4.46
Yadin-Israel Azzan|01:840:250:01|3.91|4.00|4.36|4.36|3.91|3.82|4.00|4.36|3.73|3.55
Ballentine Debra|01:840:303:01|5.00|5.00|5.00|5.00|4.33|5.00|5.00|4.67|5.00|5.00
Wasserman Emma|01:840:305:01|4.25|4.38|4.13|4.75|4.63|4.25|3.75|3.63|3.88|3.63
Mcginley Dugan|01:840:318:01|4.80|4.60|4.60|4.80|4.50|4.30|4.50|4.00|4.60|4.60
Williams Joseph|01:840:319:01|4.75|4.75|4.65|4.80|4.45|4.50|4.55|3.50|4.50|4.55
Lammerts Dietrich Christian|01:840:323:01|4.93|4.93|5.00|4.93|4.80|4.67|4.80|3.93|4.80|4.73
Selover Thomas|01:840:324:01|4.67|4.67|4.17|4.50|4.67|4.17|4.50|4.17|4.33|4.33
Zamani Amir|01:840:326:01|4.05|3.79|3.89|3.95|3.53|3.42|3.95|4.58|3.42|3.37
Mojaddedi Jawid|01:840:326:02|4.05|3.79|3.89|3.95|3.53|3.42|3.95|4.58|3.42|3.37
Russell Jones Sandra|01:840:328:01|4.59|4.76|4.65|4.76|4.59|4.65|4.65|4.59|4.59|4.65
Surowitz Hilit|01:840:330:01|4.88|5.00|4.75|5.00|4.88|4.75|4.75|4.50|4.88|4.75
Birkenholtz Jessica|01:840:350:01|5.00|5.00|5.00|5.00|5.00|5.00|5.00|4.67|5.00|5.00
Mojaddedi Jawid|01:840:356:01|3.71|3.75|3.38|3.57|3.57|3.57|3.57|3.63|3.43|3.29
Sherbow Paul|01:840:368:01|3.90|4.15|4.60|4.45|4.25|4.05|4.25|4.35|3.85|4.10
Yadin-Israel Azzan|01:840:394:02|5.00|5.00|5.00|5.00|4.67|4.67|5.00|4.67|5.00|5.00
Johnson James|01:840:421:01|4.60|4.25|4.60|4.80|4.80|4.40|4.80|3.20|4.80|4.60
Jiang Tao|01:840:426:01|5.00|5.00|5.00|5.00|5.00|4.75|5.00|3.50|4.75|4.75
