Maldonado-Torres|01:595:100:01|4.25|4.15|4.30|4.42|4.02|4.07|4.16|3.79|3.97|3.97
Dinzey-Flores Zaire|01:595:100:02|4.25|4.15|4.30|4.42|4.02|4.07|4.16|3.79|3.97|3.97
Stone-Cadena|01:595:101:01|4.17|4.51|4.45|4.72|4.70|4.23|4.38|3.74|4.26|4.15
Stone-Cadena|01:595:101:02|4.17|4.51|4.45|4.72|4.70|4.23|4.38|3.74|4.26|4.15
Peters|01:595:101:03|4.17|4.51|4.45|4.72|4.70|4.23|4.38|3.74|4.26|4.15
Ramos R.|01:595:203:01|4.25|4.75|4.92|4.75|4.50|4.75|4.75|4.83|4.42|4.42
Thompson M.|01:595:204:01|2.71|3.43|3.43|3.43|2.50|2.43|2.86|4.14|2.57|2.29
Lopez Kathy|01:595:205:01|4.52|4.48|4.35|4.61|4.48|4.17|4.22|4.35|4.32|4.32
Ortiz-Minaya|01:595:225:01|4.46|4.46|4.77|4.77|4.69|4.38|4.31|4.08|4.46|4.62
Stephens Thomas|01:595:250:01|4.70|4.75|4.64|4.77|4.68|4.55|4.57|4.02|4.57|4.37|4.76|4.52|3.42|3.53|3.50|3.76
FIGUEROA Y.|01:595:267:01|4.36|4.79|4.86|4.86|4.50|4.57|4.43|4.00|4.43|4.50|3.33|4.67
RAMOS|01:595:280:01|4.16|4.24|4.28|4.24|4.00|3.84|3.92|3.57|3.92|3.80
MILLER|01:595:280:02|4.16|4.24|4.28|4.24|4.00|3.84|3.92|3.57|3.92|3.80
Echeverria|01:595:299:01|4.25|4.75|4.75|5.00|4.75|4.75|4.50|3.75|4.50|4.25
Lopez K.|01:595:304:01|5.00|5.00|5.00|5.00|5.00|5.00|5.00|4.83|5.00|5.00
STONE-CADENA|01:595:322:01|4.00|4.31|4.46|4.54|4.64|4.31|4.54|4.46|4.69|4.38
STEVENS Camilla|01:595:341:01|4.89|4.94|4.94|5.00|5.00|4.89|4.67|4.50|4.89|4.72|5.00|5.00|4.38|4.22|4.38|4.70
Cartagena|01:595:370:01|4.42|4.42|4.63|4.53|4.47|4.32|4.42|4.26|4.42|4.47
GUARNACCIA|01:595:412:01|4.87|4.93|4.53|4.87|4.67|4.53|4.53|3.73|4.60|4.53
