Dibattista Anthony|01:510:101:01|4.93|4.93|4.87|4.90|4.87|4.73|4.77|4.03|4.90|4.69
Surkis Judith|01:510:102:01|4.46|4.42|4.39|4.54|4.29|4.34|4.21|4.24|4.32|4.27
Surkis Judith|01:510:102:01|4.46|4.42|4.39|4.54|4.29|4.34|4.21|4.24|4.32|4.27
Hanebrink Paul|01:510:102:06|4.46|4.42|4.39|4.54|4.29|4.34|4.21|4.24|4.32|4.27
Takacs Sarolta|01:510:202:01|4.30|4.67|4.57|4.80|4.48|4.37|4.43|4.23|4.43|4.53
Dibattista Anthony|01:510:211:01|4.88|4.86|4.84|4.88|4.80|4.72|4.78|4.16|4.80|4.76
Dibattista Anthony|01:510:211:03|4.88|4.86|4.84|4.88|4.80|4.72|4.78|4.16|4.80|4.76
Peixoto Michael|01:510:213:01|4.73|4.73|4.64|5.00|4.70|4.55|4.73|4.09|4.82|4.73
Galili Ziva|01:510:271:01|4.43|4.29|4.21|4.32|4.14|3.86|4.00|4.00|3.89|3.89
Feinberg Melissa|01:510:292:01|4.82|4.64|4.64|4.64|4.64|4.45|4.64|4.27|4.45|4.55
Figueira Tom|01:510:302:01|4.64|4.36|4.18|4.64|4.36|4.09|4.00|4.09|4.27|4.18
Takacs Sarolta|01:510:307:01|4.50|4.67|4.83|4.67|4.67|4.50|4.83|4.17|4.17|4.50
Adas Michael|01:510:318:01|4.39|4.78|4.58|4.69|4.24|4.25|4.53|4.61|4.40|4.42
Delbourgo James|01:510:321:01|4.76|4.92|4.84|4.92|4.56|4.50|4.68|3.52|4.76|4.60
Jones Jennifer|01:510:333:01|4.75|4.96|4.50|4.83|4.75|4.42|4.54|4.13|4.50|4.46
Fein Julia|01:510:375:01|4.67|4.73|4.60|4.80|4.67|4.67|4.47|4.47|4.60|4.40
Feinberg Melissa|01:510:383:01|5.00|5.00|5.00|5.00|4.86|4.86|5.00|4.57|5.00|5.00
Sinkoff Nancy|01:510:389:01|4.60|4.00|4.20|4.40|4.40|4.00|4.60|3.40|4.40|3.80
Hellbeck Jochen|01:510:392:01|4.43|4.14|4.36|4.29|4.00|3.57|3.93|4.07|3.86|3.86
