Hrenko Ilona|01:560:101:01|4.66|4.72|4.68|4.78|4.76|4.54|4.68|4.29|4.53|4.57
Hrenko Ilona|01:560:101:04|4.66|4.72|4.68|4.78|4.76|4.54|4.68|4.29|4.53|4.57
Forlino Marino|01:560:101:05|4.66|4.72|4.68|4.78|4.76|4.54|4.68|4.29|4.53|4.57
Nicosia Roberto|01:560:101:07|4.66|4.72|4.68|4.78|4.76|4.54|4.68|4.29|4.53|4.57
Curcio Timothy|01:560:101:22|4.66|4.72|4.68|4.78|4.76|4.54|4.68|4.29|4.53|4.57
Curcio Timothy|01:560:101:23|4.66|4.72|4.68|4.78|4.76|4.54|4.68|4.29|4.53|4.57
Metallo Claudine|01:560:101:24|4.66|4.72|4.68|4.78|4.76|4.54|4.68|4.29|4.53|4.57
De Bevoise David|01:560:102:22|4.89|4.84|4.92|4.97|4.87|4.84|4.86|4.55|4.87|4.79
Fognani Arianna|01:560:108:01|5.00|5.00|5.00|5.00|5.00|5.00|4.60|4.40|5.00|4.80
Fognani Arianna|01:560:131:01|4.83|4.83|4.92|4.92|4.83|4.83|4.83|4.92|4.83|4.83
Rusnak Matthew|01:560:131:22|4.83|4.83|4.92|4.92|4.83|4.83|4.83|4.92|4.83|4.83
Di Rosa Rossella|01:560:132:01|4.86|4.78|4.78|4.84|4.84|4.81|4.78|4.57|4.81|4.78
De Bevoise David|01:560:132:23|4.86|4.78|4.78|4.84|4.84|4.81|4.78|4.57|4.81|4.78
Marsh David|01:560:232:01|3.78|3.95|4.03|4.08|3.92|3.65|3.86|3.92|3.57|3.57
Bellorio Gabriella|01:560:250:01|4.55|4.65|4.40|4.65|4.65|4.45|4.50|4.50|4.55|4.20
Hrenko Ilona|01:560:302:01|4.60|4.80|4.50|4.56|4.70|4.50|4.50|4.70|4.50|4.40
Nicosia Roberto|01:560:306:01|3.53|4.18|4.12|4.53|4.25|4.24|4.29|4.12|3.82|3.82
Vettori Alessandro|01:560:315:01|4.76|4.80|4.74|4.78|4.70|4.45|4.63|4.26|4.56|4.57
Bellorio Gabriella|01:560:322:01|4.95|4.95|4.79|4.95|4.78|4.79|4.74|4.84|4.95|4.58
Welch Rhiannon|01:560:346:01|4.83|4.78|4.83|4.67|4.44|4.72|4.67|4.39|4.56|4.41
Fognani Arianna|01:560:382:01|5.00|4.78|4.78|4.78|4.56|4.56|4.56|4.56|4.78|4.89
Baldi Andrea|01:560:422:01|4.88|4.88|4.75|4.88|4.75|4.63|4.88|4.50|4.88|4.88
