Peng Bo|01:214:245:01|4.19|3.95|3.72|4.18|3.82|3.59|3.58|3.33|3.57|3.59
Schalow P|01:214:245:01|4.19|3.95|3.72|4.18|3.82|3.59|3.58|3.33|3.57|3.59|3.78
Zhang Yu|01:214:245:02|4.19|3.95|3.72|4.18|3.82|3.59|3.58|3.33|3.57|3.59
Liu Dao|01:214:245:03|4.19|3.95|3.72|4.18|3.82|3.59|3.58|3.33|3.57|3.59
Ning Jing|01:214:245:04|4.19|3.95|3.72|4.18|3.82|3.59|3.58|3.33|3.57|3.59
Liu Xuefei|01:214:245:05|4.19|3.95|3.72|4.18|3.82|3.59|3.58|3.33|3.57|3.59
Peng Bo|01:214:245:06|4.19|3.95|3.72|4.18|3.82|3.59|3.58|3.33|3.57|3.59
Zhang Yu|01:214:245:07|4.19|3.95|3.72|4.18|3.82|3.59|3.58|3.33|3.57|3.59
Liu Dao|01:214:245:08|4.19|3.95|3.72|4.18|3.82|3.59|3.58|3.33|3.57|3.59
Ning Jing|01:214:245:09|4.19|3.95|3.72|4.18|3.82|3.59|3.58|3.33|3.57|3.59
Liu Xuefei|01:214:245:10|4.19|3.95|3.72|4.18|3.82|3.59|3.58|3.33|3.57|3.59
Li Zhe|01:214:245:11|4.19|3.95|3.72|4.18|3.82|3.59|3.58|3.33|3.57|3.59
Li Zhe|01:214:245:13|4.19|3.95|3.72|4.18|3.82|3.59|3.58|3.33|3.57|3.59
Choo J|01:214:338:01|4.57|5.00|4.57|4.71|4.43|4.86|4.86|3.57|4.71|4.86
