Walker J.|01:195:101:01|4.51|4.70|4.70|4.81|4.74|4.42|4.21|3.58|4.47|4.42
Cihan-Artun F.|01:195:101:02|4.51|4.70|4.70|4.81|4.74|4.42|4.21|3.58|4.47|4.42
Sokowski S.|01:195:101:03|4.51|4.70|4.70|4.81|4.74|4.42|4.21|3.58|4.47|4.42
De Witte B.|01:195:135:01|4.62|4.72|4.55|4.71|4.50|4.44|4.27|4.00|4.56|4.52
Eisenzweig U.|01:195:135:02|4.62|4.72|4.55|4.71|4.50|4.44|4.27|4.00|4.56|4.52
Bishop K.|01:195:135:03|4.62|4.72|4.55|4.71|4.50|4.44|4.27|4.00|4.56|4.52
Aloo E.|01:195:150:01|4.27|4.23|4.36|4.40|4.26|4.04|4.08|4.09|4.08|4.13
Troiano R.|01:195:150:03|4.27|4.23|4.36|4.40|4.26|4.04|4.08|4.09|4.08|4.13
Uhlirova R.|01:195:150:06|4.27|4.23|4.36|4.40|4.26|4.04|4.08|4.09|4.08|4.13
Pischner N.|01:195:150:91|4.27|4.23|4.36|4.40|4.26|4.04|4.08|4.09|4.08|4.13
Marcone J.|NONE|4.27|4.40|4.29|4.62|4.44|4.14|3.79|3.61|4.21|4.07
Gonzagowski S.|01:195:203:01|4.71|4.86|4.71|4.71|4.86|4.57|4.71|4.29|4.71|4.71
Ibironke O.|01:195:216:01|3.58|3.92|4.00|4.17|3.67|3.75|3.75|4.25|3.75|3.75|3.67|2.63|3.17|3.67|4.00|4.44
De Laurentis J.|01:195:241:01|5.00|5.00|5.00|5.00|5.00|4.67|4.33|4.33|5.00|5.00
Rothwell P.|01:195:242:01|4.75|5.00|5.00|5.00|5.00|5.00|5.00|4.00|5.00|5.00|5.00|5.00|4.33|4.00|4.00|4.67
Toymentsev S.|01:195:244:02|4.50|4.32|4.45|4.55|4.77|4.18|4.50|3.82|4.41|4.27
Parker A.|01:195:251:01|4.86|5.00|4.86|5.00|5.00|4.86|4.71|4.00|4.86|4.57
Serrano R.|01:195:270:01|4.29|4.26|4.28|4.37|3.98|4.05|3.94|3.44|4.05|4.01|4.27
Mani P.|01:195:280:02|4.71|4.57|4.50|4.50|3.33|4.67|4.50|4.29|4.43|4.43
Vettori A.|01:195:315:01|4.76|4.80|4.74|4.78|4.70|4.45|4.63|4.26|4.56|4.57
Khayyat Yasmine|01:195:316:01|4.00|4.50|4.67|4.75|4.33|4.00|4.33|3.83|4.08|4.08
Khayyat Emrah|01:195:316:02|4.00|4.50|4.67|4.75|4.33|4.00|4.33|3.83|4.08|4.08
Koszarski R.|01:195:320:01|3.79|3.21|3.14|3.07|3.50|3.00|3.29|4.00|2.93|3.00|3.46|3.36|3.78|3.50|3.23|3.92
Walker J.|01:195:329:01|4.67|4.75|4.58|4.83|4.83|4.67|4.42|4.33|4.45|4.58
Schalow P.|01:195:332:01|4.91|4.86|4.68|4.91|4.86|4.77|4.73|4.23|4.73|4.73
Mazrui A.|01:195:356:01|5.00|5.00|5.00|5.00|5.00|5.00|5.00|4.80|5.00|5.00
Coulibaly B.|01:195:356:01|5.00|5.00|5.00|5.00|5.00|5.00|5.00|4.80|5.00|5.00
Alidou O.|01:195:363:01|4.86|4.86|4.86|5.00|5.00|5.00|4.71|4.43|4.57|4.71
Flitterman-Lewis S.|01:195:377:05|3.90|4.10|4.40|4.40|4.50|4.20|4.30|4.20|4.10|4.10|4.43|4.50|4.40|3.22|3.56|4.11
Anderson V.|01:195:384:01|4.70|4.90|4.90|5.00|5.00|4.80|4.90|4.70|4.90|4.80
Serrano R.|01:195:395:02|5.00|5.00|4.75|5.00|5.00|4.50|4.50|3.50|4.75|4.50|4.50
Mani|01:195:396:01|5.00|5.00|4.88|5.00|5.00|4.75|5.00|4.25|4.75|4.63
Sussman H.|01:195:396:02|5.00|5.00|4.88|5.00|5.00|4.75|5.00|4.25|4.75|4.63
Van Buskirk E.|01:195:397:02|4.33|4.89|4.56|4.89|4.56|4.56|4.78|4.44|4.44|4.56
Helfer M.|01:195:397:03|4.33|4.89|4.56|4.89|4.56|4.56|4.78|4.44|4.44|4.56
Flitterman-Lewis S.|01:195:398:01|4.00|4.45|4.36|4.45|4.27|4.60|4.45|4.00|4.18|4.36|4.88|4.20|4.50|4.50|4.00|4.63
Senderovich A.|01:195:398:02|4.00|4.45|4.36|4.45|4.27|4.60|4.45|4.00|4.18|4.36
Bojanowska E.|01:195:489:01|4.93|4.93|4.87|4.93|4.80|4.80|4.73|4.20|4.93|5.00
Marcone J.|NONE|4.67|4.67|4.33|4.67|4.60|4.50|4.50|4.80|4.33|4.17
