TRANSUE GREGG|01:119:100:00|4.15|3.85|3.82|3.87|3.71|3.77|3.92|3.66|3.71|3.52
MACCLEOD MOLLY|01:119:100:73|4.15|3.85|3.82|3.87|3.71|3.77|3.92|3.66|3.71|3.52
MACCLEOD MOLLY|01:119:100:76|4.15|3.85|3.82|3.87|3.71|3.77|3.92|3.66|3.71|3.52
Desai Kunal|NONE|4.53|4.41|4.29|4.49|4.14|4.18|4.19|3.90|4.21|3.75
Sharp Erin|NONE|4.53|4.41|4.29|4.49|4.14|4.18|4.19|3.90|4.21|3.75
Desai Kunal|NONE|4.53|4.41|4.29|4.49|4.14|4.18|4.19|3.90|4.21|3.75
Sharp Erin|NONE|4.53|4.41|4.29|4.49|4.14|4.18|4.19|3.90|4.21|3.75
Pellegrino Joseph|NONE|4.53|4.41|4.29|4.49|4.14|4.18|4.19|3.90|4.21|3.75
Pellegrino Joseph|NONE|4.53|4.41|4.29|4.49|4.14|4.18|4.19|3.90|4.21|3.75
Voskoboynik Katie|NONE|4.53|4.41|4.29|4.49|4.14|4.18|4.19|3.90|4.21|3.75
Voskoboynik Katie|NONE|4.53|4.41|4.29|4.49|4.14|4.18|4.19|3.90|4.21|3.75
Voskoboynik Katie|NONE|4.53|4.41|4.29|4.49|4.14|4.18|4.19|3.90|4.21|3.75
SKELLY SUSAN|01:119:131:01|4.57|4.17|4.24|4.14|4.03|3.79|4.32|3.49|3.92|3.94
PATEL NIPA|01:119:132:01|4.83|4.72|4.60|4.67|4.41|4.54|4.72|3.23|4.79|4.42
PATEL NIPA|01:119:132:02|4.83|4.72|4.60|4.67|4.41|4.54|4.72|3.23|4.79|4.42
HAVILAND MARTHA|01:119:150:01|4.86|4.81|4.68|4.90|4.49|4.37|4.30|3.16|4.62|4.36|5.00
MICHAELIS RON|01:119:154:01|4.89|4.89|4.70|4.95|4.67|4.67|4.56|3.65|4.76|4.71
PESCATORE JOHN|01:119:160:02|4.56|4.63|4.47|4.50|4.53|4.16|4.36|3.76|4.36|4.29
SCHJOTT JESSICA|01:119:195:00|5.00|4.95|4.83|4.95|4.95|4.79|4.84|4.47|5.00|4.95
