Koychev Anton|01:860:102:01|4.50|4.83|4.67|5.00|4.67|4.33|4.50|4.33|4.33|4.50
Koychev Anton|01:860:104:01|5.00|5.00|5.00|5.00|5.00|5.00|4.67|5.00|5.00|5.00
Medvedeva Natalia|01:860:108:01|5.00|5.00|4.33|5.00|5.00|5.00|5.00|5.00|5.00|4.67
Medvedeva Natalia|01:860:202:01|4.50|4.75|4.25|5.00|4.75|4.25|4.50|4.75|4.25|4.25
Koychev Anton|01:860:204:01|5.00|5.00|5.00|5.00|5.00|5.00|5.00|5.00|5.00|5.00
Mccoy-Rusanova Svetlana|01:860:208:01|4.60|4.80|4.80|4.80|4.60|4.60|4.40|5.00|4.60|4.40
Bojanowska Edyta|01:860:259:01|4.27|4.18|4.36|4.45|4.45|4.20|4.27|4.27|4.18|4.18
Mccoy-Rusanova Svetlana|01:860:302:01|4.40|4.60|4.40|4.80|4.60|4.60|4.60|4.80|4.20|4.20
Merrill Jessica|01:860:320:01|4.40|3.90|3.90|4.20|4.10|4.11|4.10|3.40|3.70|3.80|2.00|4.00|4.00
Senderovich Alexsandr|01:860:320:02|4.40|3.90|3.90|4.20|4.10|4.11|4.10|3.40|3.70|3.80
Van Buskirk Emily|01:860:349:01|3.75|5.00|4.50|5.00|4.25|4.50|4.75|4.50|4.00|4.25
Van Buskirk Emily|01:860:435:01|4.56|4.33|4.33|4.44|3.88|4.22|4.44|4.22|4.22|4.22
Bojanowska Edyta|01:860:489:01|4.93|4.93|4.87|4.93|4.80|4.80|4.73|4.20|4.93|5.00
