CARRSCHMID ANNE|01:146:270:00|4.73|4.83|4.52|4.87|4.53|4.41|4.56|4.00|4.61|4.35
SCHJOTT JESSICA|01:146:295:01|4.87|4.80|4.78|4.84|4.88|4.71|4.76|4.33|4.76|4.67|5.00
FONG DUNNE|01:146:328:00|3.41|4.06|3.76|4.51|4.12|3.34|3.83|3.71|3.26|3.63
MERRILL GARY|01:146:356:00|4.15|4.12|4.14|4.40|4.13|3.60|4.04|4.10|3.69|3.60|5.00|5.00|5.00
GOLFETTI ROSELI|01:146:356:00|4.15|4.12|4.14|4.40|4.13|3.60|4.04|4.10|3.69|3.60
WANG MINQIAN|01:146:357:04|4.54|4.39|4.32|4.50|4.01|4.14|4.20|3.90|4.30|3.77|5.00
MAMOUNIS KYLE|01:146:357:05|4.54|4.39|4.32|4.50|4.01|4.14|4.20|3.90|4.30|3.77|5.00|5.00|5.00
GUO YUE|01:146:357:07|4.54|4.39|4.32|4.50|4.01|4.14|4.20|3.90|4.30|3.77
WANG MINQIAN|01:146:357:08|4.54|4.39|4.32|4.50|4.01|4.14|4.20|3.90|4.30|3.77
MAMOUNIS KYLE|01:146:357:10|4.54|4.39|4.32|4.50|4.01|4.14|4.20|3.90|4.30|3.77
OLSON RYAN|01:146:357:13|4.54|4.39|4.32|4.50|4.01|4.14|4.20|3.90|4.30|3.77|5.00|5.00|5.00|5.00|5.00|5.00|5.00|5.00|5.00
GUO YUE|01:146:357:15|4.54|4.39|4.32|4.50|4.01|4.14|4.20|3.90|4.30|3.77
FIRESTEIN BONNIE|01:146:405:01|4.73|4.91|4.81|4.97|4.91|4.63|4.57|4.57|4.89|4.68
HSU SHU|01:146:405:01|4.73|4.91|4.81|4.97|4.91|4.63|4.57|4.57|4.89|4.68|5.00
PLUMMER MARK|01:146:446:01|4.81|4.89|4.85|5.00|5.00|4.78|5.00|4.81|4.74|4.76
DARADISO KENNETH|01:146:446:01|4.81|4.89|4.85|5.00|5.00|4.78|5.00|4.81|4.74|4.76
GRUMET MARTIN|01:146:447:01|4.67|4.58|4.55|4.68|4.61|4.33|4.47|4.60|4.45|4.43|4.53|4.00|4.00|4.33|4.00
YOUNG WISE|01:146:447:01|4.67|4.58|4.55|4.68|4.61|4.33|4.47|4.60|4.45|4.43|4.53
CAI QIAN|01:146:447:01|4.67|4.58|4.55|4.68|4.61|4.33|4.47|4.60|4.45|4.43|4.53|4.00|4.33|4.00|4.33|4.00|4.33|4.33|5.00
HSU SHU|01:146:448:01|5.00|5.00|5.00|5.00|5.00|4.86|4.86|4.63|5.00|4.88|5.00|5.00
FONG DUNNE|01:146:471:01|4.73|4.55|4.64|4.80|5.00|4.40|4.91|4.56|4.50|4.60
Hyndman A|01:146:472:01|3.31|3.32|3.35|3.81|3.73|3.19|3.58|3.85|3.12|3.27
COVEY LORI|01:146:474:01|4.61|4.45|4.34|4.59|4.44|4.14|4.38|4.10|4.17|4.10|5.00
WERLEN GUY|01:146:474:01|4.61|4.45|4.34|4.59|4.44|4.14|4.38|4.10|4.17|4.10
XIE PING|01:146:474:01|4.61|4.45|4.34|4.59|4.44|4.14|4.38|4.10|4.17|4.10|4.00|5.00
SCHWANDER MARTIN|01:146:475:00|4.68|4.51|4.52|4.64|4.22|4.52|4.61|4.20|4.49|4.27
XIE PING|01:146:475:01|4.68|4.51|4.52|4.64|4.22|4.52|4.61|4.20|4.49|4.27
SCHWANDER MARTIN|01:146:475:02|4.68|4.51|4.52|4.64|4.22|4.52|4.61|4.20|4.49|4.27
XIE PING|01:146:475:02|4.68|4.51|4.52|4.64|4.22|4.52|4.61|4.20|4.49|4.27
