Jha S.|01:750:106:01|4.28|4.23|3.97|4.38|4.05|4.16|3.88|3.67|3.99|3.91|4.40|3.72|3.83|4.17|4.21|3.64
Pryor C.|01:750:109:01|4.15|4.19|3.74|4.36|4.31|3.59|3.85|3.36|3.65|3.69|4.57|3.99|4.24|4.44|4.41|3.44
Piatek S.|01:750:110:01|3.98|3.71|3.66|3.60|3.89|3.23|3.41|3.57|3.20|3.32|3.89|3.87|3.65|3.91|3.50|3.43
Hughes J.|01:750:110:02|3.98|3.71|3.66|3.60|3.89|3.23|3.41|3.57|3.20|3.32|3.89|3.87|3.65|3.91|3.50|3.43
Brahmia S.|NONE|4.47|4.51|4.36|4.37|4.17|4.27|4.28|4.03|4.14|4.22|4.80|2.53|4.26|3.74|4.58|3.49
Blumberg G.|01:750:124:01|4.03|3.80|3.68|3.82|3.75|3.47|3.49|3.53|3.38|3.40|3.31|3.32|3.51|3.37|4.03|3.54
Shapiro J.|01:750:124:01|4.12|4.14|4.02|4.22|4.26|3.96|3.80|3.76|3.91|3.80|4.49|3.75
Shams O.|01:750:124:02|4.12|4.14|4.02|4.22|4.26|3.96|3.80|3.76|3.91|3.80|4.49|3.75
Shapiro J.|01:750:124:03|4.12|4.14|4.02|4.22|4.26|3.96|3.80|3.76|3.91|3.80|4.49|3.75
Shapiro J.|01:750:124:04|4.12|4.14|4.02|4.22|4.26|3.96|3.80|3.76|3.91|3.80|4.49|3.75
Shams O.|01:750:124:06|4.12|4.14|4.02|4.22|4.26|3.96|3.80|3.76|3.91|3.80|4.49|3.75
Shams O.|01:750:124:09|4.12|4.14|4.02|4.22|4.26|3.96|3.80|3.76|3.91|3.80|4.49|3.75
Kojima H.|01:750:124:10|4.12|4.14|4.02|4.22|4.26|3.96|3.80|3.76|3.91|3.80|4.49|3.75
Shams O.|01:750:124:11|4.12|4.14|4.02|4.22|4.26|3.96|3.80|3.76|3.91|3.80|4.49|3.75
Gustafsson T.|01:750:124:13|4.12|4.14|4.02|4.22|4.26|3.96|3.80|3.76|3.91|3.80|4.49|3.75
Gustafsson T.|01:750:124:15|4.12|4.14|4.02|4.22|4.26|3.96|3.80|3.76|3.91|3.80|4.49|3.75
Gustafsson T.|01:750:124:18|4.12|4.14|4.02|4.22|4.26|3.96|3.80|3.76|3.91|3.80|4.49|3.75
Schnetzer S.|01:750:140:01|4.07|3.95|3.66|4.32|4.12|3.57|3.93|3.49|3.55|3.48|4.53|3.36|3.59|3.84|4.00|3.61
Gentile M.|01:750:194:01|4.77|4.76|4.73|4.82|4.71|4.68|4.66|3.76|4.72|4.56|4.95|3.80|4.16|4.29|4.31|3.71
Gentile M.|01:750:194:01|4.59|4.56|4.46|4.70|4.38|4.39|4.38|3.72|4.47|4.47|4.91|4.15
Kalu H.|01:750:194:03|4.59|4.56|4.46|4.70|4.38|4.39|4.38|3.72|4.47|4.47|4.91|4.15
Smith J.|01:750:194:04|4.59|4.56|4.46|4.70|4.38|4.39|4.38|3.72|4.47|4.47|4.91|4.15
Davenport T.|01:750:194:05|4.59|4.56|4.46|4.70|4.38|4.39|4.38|3.72|4.47|4.47|4.91|4.15
Hueston M.|01:750:194:06|4.59|4.56|4.46|4.70|4.38|4.39|4.38|3.72|4.47|4.47|4.91|4.15
Resnick E.|01:750:194:07|4.59|4.56|4.46|4.70|4.38|4.39|4.38|3.72|4.47|4.47|4.91|4.15
Zubrzycki W.|01:750:194:08|4.59|4.56|4.46|4.70|4.38|4.39|4.38|3.72|4.47|4.47|4.91|4.15
Hueston M.|01:750:194:09|4.59|4.56|4.46|4.70|4.38|4.39|4.38|3.72|4.47|4.47|4.91|4.15
Gentile M.|01:750:194:20|4.38|3.94|4.20|4.36|4.18|4.20|4.16|3.66|4.11|4.20|4.65|4.08|3.93|4.12|2.88|3.71|3.73
Zubrzycki W.|01:750:194:22|4.38|3.94|4.20|4.36|4.18|4.20|4.16|3.66|4.11|4.20|4.65|4.08|3.93|4.12|2.88|3.71|3.73
Smith J.|01:750:194:23|4.38|3.94|4.20|4.36|4.18|4.20|4.16|3.66|4.11|4.20|4.65|4.08|3.93|4.12|2.88|3.71|3.73
Kalu H.|01:750:194:24|4.38|3.94|4.20|4.36|4.18|4.20|4.16|3.66|4.11|4.20|4.65|4.08|3.93|4.12|2.88|3.71|3.73
Kosinski J.|01:750:194:26|4.38|3.94|4.20|4.36|4.18|4.20|4.16|3.66|4.11|4.20|4.65|4.08|3.93|4.12|2.88|3.71|3.73
Lai J.|01:750:194:27|4.38|3.94|4.20|4.36|4.18|4.20|4.16|3.66|4.11|4.20|4.65|4.08|3.93|4.12|2.88|3.71|3.73
Resnick E.|01:750:194:28|4.38|3.94|4.20|4.36|4.18|4.20|4.16|3.66|4.11|4.20|4.65|4.08|3.93|4.12|2.88|3.71|3.73
Arias I.|01:750:194:29|4.38|3.94|4.20|4.36|4.18|4.20|4.16|3.66|4.11|4.20|4.65|4.08|3.93|4.12|2.88|3.71|3.73
Brahmia A.|NONE|4.93|4.87|4.90|4.92|4.71|4.81|4.74|3.95|4.85|4.75|4.79|3.72|4.63|4.49|4.72|3.98
Feld D.|NONE|4.34|4.39|4.19|4.34|4.46|4.11|4.10|3.88|4.02|4.23|4.31|4.05
Feld D.|NONE|4.34|4.39|4.19|4.34|4.46|4.11|4.10|3.88|4.02|4.23|4.31|4.05
Feld D.|NONE|4.34|4.39|4.19|4.34|4.46|4.11|4.10|3.88|4.02|4.23|4.31|4.05
Taherinejad M.|NONE|4.34|4.39|4.19|4.34|4.46|4.11|4.10|3.88|4.02|4.23|4.31|4.05
Taherinejad M.|NONE|4.62|4.40|4.43|4.47|4.56|4.41|4.33|3.93|4.24|4.35|4.69|4.35|3.95|4.09|2.94|3.22|3.94
Croft M.|01:750:203:01|3.86|4.28|4.32|4.48|4.33|3.99|3.83|3.42|3.74|3.81|4.78|3.96|4.16|4.35|4.31|3.57
Ye M.|01:750:203:06|4.33|4.10|3.98|4.20|4.26|3.97|3.90|3.41|3.88|3.85|3.73
Kloet W.|01:750:204:01|4.43|4.33|3.97|4.49|4.38|4.13|4.11|3.68|4.17|4.15|4.36
Brahmia A.|01:750:204:01|4.87|4.73|4.77|4.79|4.54|4.65|4.61|3.82|4.75|4.57|4.79|3.56|4.33|4.43|4.67|3.88
Kloet W.|01:750:204:02|4.43|4.33|3.97|4.49|4.38|4.13|4.11|3.68|4.17|4.15|4.36
Wei J.|01:750:204:06|4.43|4.33|3.97|4.49|4.38|4.13|4.11|3.68|4.17|4.15|4.36
Tsitron J.|01:750:204:12|4.43|4.33|3.97|4.49|4.38|4.13|4.11|3.68|4.17|4.15|4.36
Scaramazza J.|01:750:204:13|4.43|4.33|3.97|4.49|4.38|4.13|4.11|3.68|4.17|4.15|4.36
Tsitron J.|01:750:204:14|4.43|4.33|3.97|4.49|4.38|4.13|4.11|3.68|4.17|4.15|4.36
Tsitron J.|01:750:204:15|4.43|4.33|3.97|4.49|4.38|4.13|4.11|3.68|4.17|4.15|4.36
Tsitron J.|01:750:204:21|4.43|4.33|3.97|4.49|4.38|4.13|4.11|3.68|4.17|4.15|4.36
McGarvey J.|01:750:205:01|4.54|4.53|4.36|4.63|4.45|4.32|4.10|3.52|4.33|4.19|4.51|4.16|4.15|3.64|2.77|3.21|3.94
McGarvey J.|01:750:205:02|4.54|4.53|4.36|4.63|4.45|4.32|4.10|3.52|4.33|4.19|4.51|4.16|4.15|3.64|2.77|3.21|3.94
Marthi S.|01:750:205:04|4.54|4.53|4.36|4.63|4.45|4.32|4.10|3.52|4.33|4.19|4.51|4.16|4.15|3.64|2.77|3.21|3.94
Foley E.|01:750:205:05|4.54|4.53|4.36|4.63|4.45|4.32|4.10|3.52|4.33|4.19|4.51|4.16|4.15|3.64|2.77|3.21|3.94
Marthi S.|01:750:205:06|4.54|4.53|4.36|4.63|4.45|4.32|4.10|3.52|4.33|4.19|4.51|4.16|4.15|3.64|2.77|3.21|3.94
Reingold C.|01:750:205:07|4.54|4.53|4.36|4.63|4.45|4.32|4.10|3.52|4.33|4.19|4.51|4.16|4.15|3.64|2.77|3.21|3.94
Bhattiprolu N.|01:750:205:10|4.54|4.53|4.36|4.63|4.45|4.32|4.10|3.52|4.33|4.19|4.51|4.16|4.15|3.64|2.77|3.21|3.94
Bhattiprolu N.|01:750:205:13|4.54|4.53|4.36|4.63|4.45|4.32|4.10|3.52|4.33|4.19|4.51|4.16|4.15|3.64|2.77|3.21|3.94
Marthi S.|01:750:206:02|4.19|4.12|3.94|4.32|4.09|3.87|3.79|3.44|3.91|3.78|4.22|3.82|3.77|3.41|2.66|3.41|3.37
Singh J.|01:750:206:03|4.19|4.12|3.94|4.32|4.09|3.87|3.79|3.44|3.91|3.78|4.22|3.82|3.77|3.41|2.66|3.41|3.37
Gomez A.|01:750:206:05|4.19|4.12|3.94|4.32|4.09|3.87|3.79|3.44|3.91|3.78|4.22|3.82|3.77|3.41|2.66|3.41|3.37
Katzke T.|01:750:206:06|4.19|4.12|3.94|4.32|4.09|3.87|3.79|3.44|3.91|3.78|4.22|3.82|3.77|3.41|2.66|3.41|3.37
Yolleck A.|01:750:206:09|4.19|4.12|3.94|4.32|4.09|3.87|3.79|3.44|3.91|3.78|4.22|3.82|3.77|3.41|2.66|3.41|3.37
Gomez A.|01:750:206:13|4.19|4.12|3.94|4.32|4.09|3.87|3.79|3.44|3.91|3.78|4.22|3.82|3.77|3.41|2.66|3.41|3.37
Casas B.|01:750:206:15|4.19|4.12|3.94|4.32|4.09|3.87|3.79|3.44|3.91|3.78|4.22|3.82|3.77|3.41|2.66|3.41|3.37
Kathari Y.|01:750:206:16|4.19|4.12|3.94|4.32|4.09|3.87|3.79|3.44|3.91|3.78|4.22|3.82|3.77|3.41|2.66|3.41|3.37
Handy C.|01:750:206:18|4.19|4.12|3.94|4.32|4.09|3.87|3.79|3.44|3.91|3.78|4.22|3.82|3.77|3.41|2.66|3.41|3.37
Alba G.|01:750:206:19|4.19|4.12|3.94|4.32|4.09|3.87|3.79|3.44|3.91|3.78|4.22|3.82|3.77|3.41|2.66|3.41|3.37
Gomez A.|01:750:206:23|4.19|4.12|3.94|4.32|4.09|3.87|3.79|3.44|3.91|3.78|4.22|3.82|3.77|3.41|2.66|3.41|3.37
Gilman R.|01:750:228:02|4.43|4.42|4.04|4.54|4.50|3.87|3.95|3.83|3.90|3.82|4.75|4.16|3.91|3.87|4.19|3.71
Podzorov V.|01:750:228:22|4.15|4.20|4.13|4.37|4.46|3.98|3.98|3.93|3.99|3.95|4.52
Keiderling M.|01:750:230:01|4.23|4.28|4.09|4.31|4.27|4.08|3.84|3.68|4.13|3.86|4.53|3.89|3.94|3.40|2.72|3.41|3.56
Engler B.|01:750:230:02|4.23|4.28|4.09|4.31|4.27|4.08|3.84|3.68|4.13|3.86|4.53|3.89|3.94|3.40|2.72|3.41|3.56
Keiderling M.|01:750:230:04|4.23|4.28|4.09|4.31|4.27|4.08|3.84|3.68|4.13|3.86|4.53|3.89|3.94|3.40|2.72|3.41|3.56
Pasnoori P.|01:750:230:07|4.23|4.28|4.09|4.31|4.27|4.08|3.84|3.68|4.13|3.86|4.53|3.89|3.94|3.40|2.72|3.41|3.56
Dave  H.|01:750:230:08|4.23|4.28|4.09|4.31|4.27|4.08|3.84|3.68|4.13|3.86|4.53|3.89|3.94|3.40|2.72|3.41|3.56
Keiderling M.|01:750:230:11|4.23|4.28|4.09|4.31|4.27|4.08|3.84|3.68|4.13|3.86|4.53|3.89|3.94|3.40|2.72|3.41|3.56
Salur S.|NONE|4.51|4.49|4.18|4.71|4.73|4.29|4.33|3.94|4.19|4.23|4.13|4.01|4.34|4.00|4.41|3.83
Krishnapur M.|NONE|4.39|4.54|4.04|4.67|4.35|4.10|3.89|3.39|4.27|3.87|4.01|3.84|3.83|2.87|2.64|3.40|3.56
Liu J.|NONE|4.39|4.54|4.04|4.67|4.35|4.10|3.89|3.39|4.27|3.87|4.01|3.84|3.83|2.87|2.64|3.40|3.56
Gershenson M.|NONE|4.39|4.54|4.04|4.67|4.35|4.10|3.89|3.39|4.27|3.87|4.01|3.84|3.83|2.87|2.64|3.40|3.56
Liu J.|NONE|4.39|4.54|4.04|4.67|4.35|4.10|3.89|3.39|4.27|3.87|4.01|3.84|3.83|2.87|2.64|3.40|3.56
Gershenson M.|NONE|4.39|4.54|4.04|4.67|4.35|4.10|3.89|3.39|4.27|3.87|4.01|3.84|3.83|2.87|2.64|3.40|3.56
Liu J.|NONE|4.39|4.54|4.04|4.67|4.35|4.10|3.89|3.39|4.27|3.87|4.01|3.84|3.83|2.87|2.64|3.40|3.56
Cheong S.|01:750:301:01|3.90|4.30|4.00|4.60|4.30|3.80|4.10|3.00|3.60|3.60|3.70|2.50|3.70|4.30|3.70
Mekjian A.|01:750:323:01|3.87|3.83|3.22|3.58|3.95|3.47|3.47|4.32|3.50|3.37|4.47|3.00|3.53|3.50|4.00
Mekjian A.|01:750:323:02|3.87|3.83|3.22|3.58|3.95|3.47|3.47|4.32|3.50|3.37|4.47|3.00|3.53|3.50|4.00
Wang Y.|01:750:327:01|4.73|4.56|4.19|4.74|4.81|4.37|4.33|3.89|4.30|4.07|4.04|4.22|3.78|3.63|2.74|3.30|4.00
Wu W.|01:750:327:01|4.69|4.58|3.81|4.62|4.71|3.96|4.15|3.73|4.00|4.04|3.88|3.76|4.10|4.10|3.40
Wu W.|01:750:327:03|4.73|4.56|4.19|4.74|4.81|4.37|4.33|3.89|4.30|4.07|4.04|4.22|3.78|3.63|2.74|3.30|4.00
Gawiser E.|01:750:342:01|4.88|4.82|4.74|4.79|4.38|4.71|4.65|4.68|4.79|4.71|4.91|3.76|4.68|4.78|3.76
Baker A.|01:750:343:01|4.80|4.73|4.67|4.67|4.29|4.20|4.47|4.60|4.33|4.40|5.00|3.29|3.92|1.82|3.53
Lath A.|01:750:351:01|4.57|4.61|4.61|4.82|4.67|4.29|4.61|4.21|4.50|4.43|4.96|4.29|4.44|4.82|3.79
Kiryukhin V.|01:750:382:01|4.85|4.40|4.40|4.30|4.75|4.40|4.63|4.55|4.35|4.35|4.85|4.70|4.60|4.75|4.05
Somalwar S.|01:750:386:01|4.95|5.00|4.85|4.95|5.00|4.85|4.90|4.75|4.95|4.95|4.95|4.80|4.80|5.00|3.70
Andrei E.|01:750:388:01|4.20|4.29|4.29|4.64|4.77|4.14|4.43|4.43|4.36|4.07|5.00|4.21|4.29|3.62|2.93|3.64|4.23
Morozov A.|01:750:406:01|4.75|4.88|4.50|5.00|5.00|4.75|5.00|4.50|4.63|4.88|5.00|4.00|5.00|5.00|3.63
Chou J.p.|01:750:418:01|4.00|4.56|4.56|4.75|4.50|4.33|4.53|4.31|4.38|4.44|4.81|3.25|4.00|4.44|3.94
Somerville R.|01:750:443:01|4.58|4.67|4.50|4.67|4.50|4.58|4.70|4.58|4.42|4.33|4.92|3.92|4.00|2.91|3.50
