McDowell Douglas|01:920:101:01|4.16|4.17|4.15|4.31|4.20|3.86|3.87|3.59|3.82|3.80
Zainiddinov Hakim|01:920:101:01|4.16|4.17|4.15|4.31|4.20|3.86|3.87|3.59|3.82|3.80
McLean Paul|01:920:101:03|4.16|4.17|4.15|4.31|4.20|3.86|3.87|3.59|3.82|3.80
Wilhelms Jeff|01:920:101:06|4.16|4.17|4.15|4.31|4.20|3.86|3.87|3.59|3.82|3.80
Devgan Shruti|NONE|4.16|4.17|4.15|4.31|4.20|3.86|3.87|3.59|3.82|3.80
Kempner Joanna|01:920:103:01|4.55|4.28|4.36|4.29|4.26|4.05|4.16|3.78|4.11|4.13
Lee Catherine|01:920:108:01|4.35|4.05|4.14|4.21|3.95|3.81|4.19|3.60|4.07|4.14
Rand John|01:920:205:01|4.58|4.63|4.40|4.61|4.51|4.30|4.35|3.75|4.46|4.36
Ambugo Eliva|01:920:210:01|4.25|3.67|3.81|4.23|3.88|3.50|3.69|3.77|3.49|3.51
Mackendrick Norah|01:920:216:01|4.69|4.58|4.52|4.60|4.60|4.47|4.38|3.90|4.44|4.38
Hughes Mara|01:920:218:01|4.36|4.61|4.32|4.50|4.43|4.04|3.86|4.19|4.00|3.79
Allen-Kyle Portia|01:920:222:01|4.01|4.08|3.98|4.08|4.02|3.66|3.88|4.28|3.66|3.76
Carr Patrick|01:920:222:03|4.01|4.08|3.98|4.08|4.02|3.66|3.88|4.28|3.66|3.76
Bzostek Sharon|01:920:227:01|4.80|4.81|4.59|4.83|4.81|4.63|4.47|3.93|4.70|4.57
Carr Deborah|01:920:240:01|4.50|4.51|4.41|4.60|4.49|4.25|4.12|4.04|4.27|4.26|4.50
Stroffolino Andrew|01:920:240:02|4.50|4.51|4.41|4.60|4.49|4.25|4.12|4.04|4.27|4.26
Meunier Etienne|01:920:240:04|4.50|4.51|4.41|4.60|4.49|4.25|4.12|4.04|4.27|4.26
Meunier Etienne|01:920:240:05|4.50|4.51|4.41|4.60|4.49|4.25|4.12|4.04|4.27|4.26
Kushins Eric|01:920:240:09|4.50|4.51|4.41|4.60|4.49|4.25|4.12|4.04|4.27|4.26
Kushins Eric|01:920:240:10|4.50|4.51|4.41|4.60|4.49|4.25|4.12|4.04|4.27|4.26
Stroffolino Andrew|01:920:240:15|4.50|4.51|4.41|4.60|4.49|4.25|4.12|4.04|4.27|4.26
Daipha Phaedra|01:920:241:01|4.23|4.01|3.98|3.98|4.20|3.72|3.71|3.35|3.83|3.78
Smith D. Randall|01:920:248:01|4.49|3.85|3.50|4.21|3.93|3.17|3.45|3.79|3.32|3.12
Salime Zakia|01:920:270:01|3.63|3.77|3.69|3.91|3.51|3.60|3.77|3.31|3.51|3.49
Springer Kristen|01:920:272:02|4.82|4.85|4.72|4.82|4.77|4.62|4.51|4.23|4.67|4.61
Wineberg Howard|01:920:304:01|3.63|3.66|3.82|3.89|3.49|3.38|3.31|3.88|3.31|3.42
Hughes Mara|01:920:304:02|3.63|3.66|3.82|3.89|3.49|3.38|3.31|3.88|3.31|3.42
Wineberg Howard|01:920:306:04|4.06|3.97|4.20|3.95|3.87|3.88|3.91|3.76|3.88|3.86
Carelli Linda|01:920:307:02|3.46|4.04|3.80|4.33|4.20|3.26|3.62|4.02|3.35|3.49
Song Kirsten|01:920:311:05|4.45|4.27|4.06|4.42|4.17|4.00|3.80|3.31|4.06|3.91
Lu Wenbo|01:920:311:08|4.45|4.27|4.06|4.42|4.17|4.00|3.80|3.31|4.06|3.91
Gondal Neha|01:920:312:01|4.16|4.37|4.22|4.53|3.79|3.95|4.05|3.05|4.16|3.79
Mitchell Elizabeth|01:920:313:01|4.36|4.11|4.02|4.28|3.94|3.74|3.76|3.32|3.81|3.69
Daipha Phaedra|01:920:313:07|4.36|4.11|4.02|4.28|3.94|3.74|3.76|3.32|3.81|3.69
Lapointe Eleanor|01:920:314:01|4.36|4.28|4.00|4.40|4.27|3.89|3.92|3.59|4.01|3.90
Mitchell Elizabeth|01:920:314:04|4.36|4.28|4.00|4.40|4.27|3.89|3.92|3.59|4.01|3.90
Zerubavel Eviatar|01:920:319:01|4.33|4.33|4.11|4.33|4.22|4.00|4.33|3.78|4.33|4.22
McDowell Douglas|01:920:349:01|4.55|4.46|4.52|4.65|4.55|4.18|4.21|4.14|4.27|4.25
Bateman Michael|01:920:349:03|4.55|4.46|4.52|4.65|4.55|4.18|4.21|4.14|4.27|4.25
Bateman Michael|01:920:349:80|4.55|4.46|4.52|4.65|4.55|4.18|4.21|4.14|4.27|4.25
Schuster Sherril|01:920:354:01|2.89|3.00|3.56|2.78|2.89|2.56|3.67|3.00|2.67|2.56
Schuster Sherril|01:920:354:80|2.89|3.00|3.56|2.78|2.89|2.56|3.67|3.00|2.67|2.56
Borocz Jozsef|01:920:375:01|4.43|4.36|4.71|4.64|4.58|4.50|4.43|3.36|4.50|4.50
Gerson Judith|01:920:393:01|4.60|4.80|4.80|4.80|4.80|4.80|4.60|3.40|4.80|4.60
Zerubavel Eviatar|01:920:422:03|4.74|4.54|4.59|4.63|4.51|4.54|4.57|3.91|4.57|4.49
Kempner Joanna|01:920:422:04|4.74|4.54|4.59|4.63|4.51|4.54|4.57|3.91|4.57|4.49
Smith D. Randall|01:920:422:05|4.74|4.54|4.59|4.63|4.51|4.54|4.57|3.91|4.57|4.49
Butts Angel|01:920:440:01|4.75|4.83|4.81|4.83|4.50|4.72|4.81|4.25|4.69|4.75
Krivo Lauren|01:920:492:02|4.38|4.38|4.00|4.50|4.38|4.00|4.63|4.86|4.13|4.38
Friedman Judith|01:920:498:01|4.17|4.17|4.00|4.17|4.33|3.50|3.83|4.33|4.50|4.00
