BONADIE DENNISTON|01:014:103:01|4.91|4.77|4.77|4.84|4.81|4.68|4.70|3.35|4.75|4.72|4.87|4.82|4.82|4.87|5.00|5.00|5.00|5.00|5.00
DAVIS WILLIAM|01:014:103:02|4.72|4.50|4.77|4.65|4.79|4.43|4.59|3.96|4.58|4.64
RAMACHANDRAN ANITHA|01:014:130:01|4.83|4.83|4.42|4.83|4.75|4.50|4.83|4.17|4.83|4.83
SHUFORD DEBORAH|01:014:132:01|3.45|2.62|4.25|3.25|3.10|3.38|3.81|3.24|3.19|3.30|3.00|1.00|1.00|1.00|1.00|1.00|1.00|1.00|1.00
Jackson-Brewer K.|01:014:206:01|4.00|4.30|4.40|4.45|4.10|4.20|4.45|4.15|4.37|4.42
RAMACHANDRAN KAVITHA|01:014:208:01|5.00|5.00|5.00|5.00|5.00|5.00|4.82|4.82|5.00|5.00|5.00
GARDINER MURV|01:014:212:01|4.14|4.43|4.43|4.43|4.86|4.29|4.14|3.71|4.00|4.14
RAMACHANDRAN KAVITHA|01:014:215:01|5.00|5.00|5.00|5.00|5.00|5.00|5.00|5.00|5.00|5.00
PRISOCK LOUIS|01:014:222:01|4.80|5.00|4.40|5.00|4.80|4.20|4.60|3.80|4.60|4.80
REED SAMUEL|01:014:230:01|4.38|4.39|4.55|4.62|4.29|4.56|4.46|4.00|4.40|4.42
BONADIE D|01:014:233:01|4.75|4.83|4.50|5.00|4.85|4.62|4.67|3.15|4.69|4.46|5.00|5.00|4.85|4.92|4.85|5.00
RICHMOND VONDELL|01:014:240:01|4.57|4.86|5.00|4.86|4.43|4.86|4.71|3.14|4.71|4.83
GRIMMETT MURIEL|01:014:255:01|4.46|4.62|4.50|4.86|4.86|4.57|4.57|4.00|4.21|4.21
WHITNEY J|01:014:258:01|4.92|5.00|5.00|4.91|4.82|4.91|5.00|4.36|5.00|5.00
BROWN TIMOTHY|01:014:269:01|3.30|3.60|3.70|4.33|3.80|3.63|3.78|3.89|3.63|3.60
NASH MIKAL|01:014:274:01|4.14|4.57|4.71|4.71|5.00|4.43|4.43|4.00|4.43|4.17
Monk J|01:014:302:02|4.50|4.50|4.50|4.50|4.50|4.00|4.00|5.00|4.50|4.50
RICHMOND VONDELL|01:014:302:05|4.25|4.48|4.64|4.61|4.36|4.52|4.27|3.86|4.21|4.42
SHUFORD DEBORAH|01:014:302:06|4.25|4.48|4.64|4.61|4.36|4.52|4.27|3.86|4.21|4.42
COOPER BRITTNEY|01:014:302:09|4.25|4.48|4.64|4.61|4.36|4.52|4.27|3.86|4.21|4.42|4.33|5.00
WHITNEY J|01:014:302:10|4.25|4.48|4.64|4.61|4.36|4.52|4.27|3.86|4.21|4.42|4.33|5.00|5.00|4.00|5.00|5.00|5.00|5.00
GRIER APRIL|01:014:304:01|2.93|3.28|4.17|3.40|3.59|3.47|3.76|3.75|3.21|3.32
GRIER APRIL|01:014:304:02|2.93|3.28|4.17|3.40|3.59|3.47|3.76|3.75|3.21|3.32|3.00|3.00|3.00|3.00|3.00|3.00|3.00|3.00
RAMACHANDRAN ANITHA|01:014:317:01|4.87|4.80|4.60|4.93|3.73|4.53|4.67|3.40|4.93|4.93
GRIMMETT MURIEL|01:014:321:01|4.75|5.00|5.00|5.00|5.00|5.00|4.50|4.00|4.75|4.75
BROWN TIMOTHY|01:014:323:01|5.00|5.00|5.00|5.00|5.00|5.00|5.00|4.67|5.00|5.00
KHAN K|01:014:347:01|4.36|4.00|4.27|4.05|3.86|3.68|4.32|3.73|3.82|3.81
GRIMMETT M|01:014:349:01|5.00|5.00|5.00|5.00|5.00|5.00|5.00|4.40|4.75|4.50
TATE GALE|01:014:353:01|4.92|5.00|5.00|5.00|4.85|4.92|5.00|4.75|5.00|5.00
NASH MIKAL|01:014:357:01|4.67|4.67|5.00|5.00|5.00|4.67|4.67|3.33|4.67|4.67
GARDINER MURV|01:014:362:01|4.75|4.92|4.83|5.00|5.00|4.92|4.92|4.82|4.91|4.92
GRIER APRIL|01:014:363:01|2.00|2.11|2.44|2.78|3.43|1.89|2.88|4.22|1.88|2.75
BUTLER KIM|01:014:370:01|4.67|4.75|4.75|4.92|4.83|4.67|4.83|4.00|4.75|4.75
HOVE EMMANUEL|01:014:380:01|4.80|4.80|4.80|4.80|4.80|4.80|4.80|4.40|4.80|4.80
GELLER P.|01:014:381:01|4.83|4.83|4.67|5.00|4.50|4.33|4.17|3.17|4.33|4.50
PRICE MELANYE|01:014:383:01|4.70|4.70|4.70|4.60|4.60|4.60|4.60|3.70|4.70|4.70
PRISOCK LOUIS|01:014:384:01|4.46|4.46|4.57|4.64|4.36|4.29|4.57|4.23|4.79|4.69|5.00|5.00|5.00|5.00|5.00|5.00|5.00|5.00|5.00
BROWN TIMOTHY|01:014:423:01|3.25|2.94|3.69|3.31|3.06|3.14|3.19|3.56|3.00|2.80|3.00
WHITNEY J|01:014:481:01|4.75|4.75|4.96|4.80|4.59|4.84|4.84|4.43|4.68|4.76|5.00|5.00|5.00|5.00|5.00|5.00|5.00
PRICE MELANYE|01:014:490:01|4.61|4.71|4.73|4.80|4.49|4.61|4.49|4.00|4.56|4.44
BUTLER KIM|01:014:490:02|4.61|4.71|4.73|4.80|4.49|4.61|4.49|4.00|4.56|4.44|5.00|4.00|4.00|5.00|5.00|4.00|4.00|5.00
